3.00000 0.00000 0.00000 0.00000 0.00000
3.00634 0.00000 0.00000 0.00000 0.00000
3.01268 0.00000 0.00000 0.00000 0.00000
3.01902 0.00000 0.00000 0.00000 0.00000
3.02535 0.00000 0.00000 0.00000 0.00000
3.03169 0.00000 0.00000 0.00000 0.00000
3.03803 0.00000 0.00000 0.00000 0.00000
3.04437 0.00000 0.00000 0.00000 0.00000
3.05071 0.00000 0.00000 0.00000 0.00000
3.05705 0.00000 0.00000 0.00000 0.00000
3.06339 0.00000 0.00000 0.00000 0.00000
3.06972 0.00000 0.00000 0.00000 0.00000
3.07606 0.00000 0.00000 0.00000 0.00000
3.08240 0.00056 0.00000 0.00000 0.00000
3.08874 0.00046 0.00000 0.00000 0.00000
3.09508 0.00050 0.00000 0.00000 0.00000
3.10142 0.00063 0.00000 0.00000 0.00000
3.10776 0.00079 0.00000 0.00000 0.00000
3.11410 0.00126 0.00000 0.00000 0.00000
3.12043 0.00220 0.00000 0.00000 0.00000
3.12677 0.00365 0.00000 0.00000 0.00000
3.13311 0.00684 0.00000 0.00000 0.00000
3.13945 0.01297 0.00000 0.00000 0.00000
3.14579 0.02474 0.00000 0.00000 0.00000
3.15213 0.04607 0.00000 0.00000 0.00000
3.15847 0.08087 0.00000 0.00000 0.00000
3.16480 0.13197 0.00000 0.00000 0.00000
3.17114 0.19615 0.00000 0.00000 0.00000
3.17748 0.26328 0.00000 0.00000 0.00000
3.18382 0.31927 0.00000 0.00000 0.00000
3.19016 0.35718 0.00000 0.00000 0.00000
3.19650 0.37339 0.00000 0.00000 0.00000
3.20284 0.37183 0.00000 0.00000 0.00000
3.20917 0.36466 0.00000 0.00000 0.00000
3.21551 0.35305 0.00000 0.00000 0.00000
3.22185 0.34665 0.00000 0.00000 0.00000
3.22819 0.34389 0.00000 0.00000 0.00000
3.23453 0.34473 0.00000 0.00000 0.00000
3.24087 0.35118 0.00000 0.00000 0.00000
3.24721 0.36272 0.00000 0.00000 0.00000
3.25354 0.37585 0.00000 0.00000 0.00000
3.25988 0.39083 0.00000 0.00000 0.00000
3.26622 0.40180 0.00000 0.00000 0.00000
3.27256 0.41141 0.00000 0.00000 0.00000
3.27890 0.41580 0.00000 0.00000 0.00000
3.28524 0.41578 0.00000 0.00000 0.00000
3.29158 0.41443 0.00000 0.00000 0.00000
3.29791 0.41197 0.00000 0.00000 0.00000
3.30425 0.40894 0.00000 0.00000 0.00000
3.31059 0.40572 0.00000 0.00000 0.00000
3.31693 0.40475 0.00000 0.00000 0.00000
3.32327 0.40330 0.00000 0.00000 0.00000
3.32961 0.40445 0.00000 0.00000 0.00000
3.33595 0.40672 0.00000 0.00000 0.00000
3.34229 0.40684 0.00000 0.00000 0.00000
3.34862 0.40694 0.00000 0.00000 0.00000
3.35496 0.40648 0.00000 0.00000 0.00000
3.36130 0.40504 0.00000 0.00000 0.00000
3.36764 0.40465 0.00000 0.00000 0.00000
3.37398 0.40356 0.00000 0.00000 0.00000
3.38032 0.40630 0.00000 0.00000 0.00000
3.38666 0.41051 0.00000 0.00000 0.00000
3.39299 0.41796 0.00000 0.00000 0.00000
3.39933 0.42611 0.00000 0.00000 0.00000
3.40567 0.43260 0.00000 0.00000 0.00000
3.41201 0.43564 0.00000 0.00000 0.00000
3.41835 0.43447 0.00000 0.00000 0.00000
3.42469 0.43440 0.00000 0.00000 0.00000
3.43103 0.42776 0.00000 0.00000 0.00000
3.43736 0.42330 0.00000 0.00000 0.00000
3.44370 0.41753 0.00000 0.00000 0.00000
3.45004 0.41431 0.00000 0.00000 0.00000
3.45638 0.41332 0.00000 0.00000 0.00000
3.46272 0.41515 0.00000 0.00000 0.00000
3.46906 0.41879 0.00000 0.00000 0.00000
3.47540 0.42469 0.00000 0.00000 0.00000
3.48173 0.43307 0.00000 0.00000 0.00000
3.48807 0.44143 0.00000 0.00000 0.00000
3.49441 0.44794 0.00000 0.00000 0.00000
3.50075 0.45505 0.00000 0.00000 0.00000
3.50709 0.45640 0.00000 0.00000 0.00000
3.51343 0.45997 0.00000 0.00000 0.00000
3.51977 0.46148 0.00000 0.00000 0.00000
3.52611 0.46156 0.00000 0.00000 0.00000
3.53244 0.46285 0.00000 0.00000 0.00000
3.53878 0.45850 0.00000 0.00000 0.00000
3.54512 0.45661 0.00000 0.00000 0.00000
3.55146 0.45477 0.00000 0.00000 0.00000
3.55780 0.45228 0.00000 0.00000 0.00000
3.56414 0.45260 0.00000 0.00000 0.00000
3.57048 0.45081 0.00000 0.00000 0.00000
3.57681 0.45118 0.00000 0.00000 0.00000
3.58315 0.45280 0.00000 0.00000 0.00000
3.58949 0.45667 0.00000 0.00000 0.00000
3.59583 0.45944 0.00000 0.00000 0.00000
3.60217 0.45992 0.00000 0.00000 0.00000
3.60851 0.45880 0.00000 0.00000 0.00000
3.61485 0.45903 0.00000 0.00000 0.00000
3.62118 0.45677 0.00000 0.00000 0.00000
3.62752 0.45439 0.00000 0.00000 0.00000
3.63386 0.44865 0.00000 0.00000 0.00000
3.64020 0.44519 0.00000 0.00000 0.00000
3.64654 0.44062 0.00000 0.00000 0.00000
3.65288 0.43755 0.00000 0.00000 0.00000
3.65922 0.43650 0.00000 0.00000 0.00000
3.66555 0.43557 0.00000 0.00000 0.00000
3.67189 0.43791 0.00000 0.00000 0.00000
3.67823 0.43936 0.00000 0.00000 0.00000
3.68457 0.44536 0.00000 0.00000 0.00000
3.69091 0.44975 0.00000 0.00000 0.00000
3.69725 0.45613 0.00000 0.00000 0.00000
3.70359 0.46007 0.00000 0.00000 0.00000
3.70992 0.46665 0.00000 0.00000 0.00000
3.71626 0.47040 0.00000 0.00000 0.00000
3.72260 0.47105 0.00120 0.00000 0.00000
3.72894 0.47328 0.00116 0.00000 0.00000
3.73528 0.47293 0.00124 0.00000 0.00000
3.74162 0.47285 0.00121 0.00000 0.00000
3.74796 0.47169 0.00116 0.00000 0.00000
3.75430 0.46946 0.00105 0.00000 0.00000
3.76063 0.46714 0.00084 0.00000 0.00000
3.76697 0.46361 0.00059 0.00000 0.00000
3.77331 0.46083 0.00050 0.00000 0.00000
3.77965 0.45952 0.00031 0.00000 0.00000
3.78599 0.45674 0.00020 0.00000 0.00000
3.79233 0.45704 0.00036 0.00000 0.00000
3.79867 0.45710 0.00056 0.00000 0.00000
3.80500 0.45650 0.00045 0.00000 0.00000
3.81134 0.45358 0.00089 0.00000 0.00000
3.81768 0.45158 0.00098 0.00000 0.00000
3.82402 0.44704 0.00104 0.00000 0.00000
3.83036 0.44261 0.00132 0.00000 0.00000
3.83670 0.43799 0.00115 0.00000 0.00000
3.84304 0.43276 0.00117 0.00000 0.00000
3.84937 0.42947 0.00114 0.00000 0.00000
3.85571 0.42800 0.00098 0.00000 0.00000
3.86205 0.42885 0.00075 0.00000 0.00000
3.86839 0.43484 0.00058 0.00000 0.00000
3.87473 0.44158 0.00039 0.00000 0.00000
3.88107 0.44597 0.00039 0.00000 0.00000
3.88741 0.44820 0.00023 0.00000 0.00000
3.89374 0.44129 0.00047 0.00000 0.00000
3.90008 0.41413 0.00139 0.00000 0.00000
3.90642 0.36724 0.00238 0.00000 0.00000
3.91276 0.30280 0.00406 0.00000 0.00000
3.91910 0.22551 0.00615 0.00000 0.00000
3.92544 0.15164 0.00882 0.00000 0.00000
3.93178 0.09569 0.01266 0.00000 0.00000
3.93812 0.05492 0.01741 0.00000 0.00000
3.94445 0.03040 0.02367 0.00000 0.00000
3.95079 0.01627 0.03236 0.00000 0.00000
3.95713 0.00798 0.04423 0.00000 0.00000
3.96347 0.00353 0.06108 0.00000 0.00000
3.96981 0.00172 0.08405 0.00000 0.00000
3.97615 0.00123 0.11532 0.00000 0.00000
3.98249 0.00108 0.15607 0.00000 0.00000
3.98882 0.00129 0.20259 0.00000 0.00000
3.99516 0.00117 0.25411 0.00000 0.00000
4.00150 0.00106 0.30304 0.00000 0.00000
4.00784 0.00072 0.34189 0.00000 0.00000
4.01418 0.00014 0.36881 0.00000 0.00000
4.02052 0.00000 0.38133 0.00000 0.00000
4.02686 0.00000 0.38517 0.00000 0.00000
4.03319 0.00000 0.38158 0.00000 0.00000
4.03953 0.00000 0.37684 0.00000 0.00000
4.04587 0.00000 0.36820 0.00000 0.00000
4.05221 0.00000 0.35935 0.00000 0.00000
4.05855 0.00000 0.35161 0.00000 0.00000
4.06489 0.00000 0.34292 0.00000 0.00000
4.07123 0.00000 0.33573 0.00000 0.00000
4.07756 0.00000 0.33004 0.00000 0.00000
4.08390 0.00000 0.32663 0.00000 0.00000
4.09024 0.00000 0.32528 0.00000 0.00000
4.09658 0.00000 0.32529 0.00000 0.00000
4.10292 0.00000 0.32863 0.00000 0.00000
4.10926 0.00000 0.33270 0.00000 0.00000
4.11560 0.00000 0.33894 0.00000 0.00000
4.12193 0.00000 0.35065 0.00000 0.00000
4.12827 0.00000 0.36121 0.00000 0.00000
4.13461 0.00000 0.37527 0.00000 0.00000
4.14095 0.00000 0.38981 0.00000 0.00000
4.14729 0.00000 0.40565 0.00000 0.00000
4.15363 0.00000 0.42330 0.00000 0.00000
4.15997 0.00000 0.43796 0.00000 0.00000
4.16631 0.00000 0.45011 0.00000 0.00000
4.17264 0.00000 0.46205 0.00000 0.00000
4.17898 0.00000 0.47167 0.00000 0.00000
4.18532 0.00000 0.47999 0.00000 0.00000
4.19166 0.00000 0.48815 0.00000 0.00000
4.19800 0.00000 0.49190 0.00000 0.00000
4.20434 0.00000 0.49603 0.00000 0.00000
4.21068 0.00000 0.49730 0.00000 0.00000
4.21701 0.00000 0.49707 0.00000 0.00000
4.22335 0.00000 0.49588 0.00000 0.00000
4.22969 0.00000 0.49222 0.00000 0.00000
4.23603 0.00000 0.48856 0.00000 0.00000
4.24237 0.00000 0.48547 0.00000 0.00000
4.24871 0.00000 0.47881 0.00000 0.00000
4.25505 0.00000 0.47417 0.00000 0.00000
4.26138 0.00000 0.47001 0.00000 0.00000
4.26772 0.00000 0.46742 0.00000 0.00000
4.27406 0.00000 0.46501 0.00000 0.00000
4.28040 0.00000 0.46555 0.00000 0.00000
4.28674 0.00000 0.46588 0.00000 0.00000
4.29308 0.00000 0.46823 0.00000 0.00000
4.29942 0.00000 0.47417 0.00000 0.00000
4.30575 0.00000 0.47968 0.00000 0.00000
4.31209 0.00000 0.48470 0.00000 0.00000
4.31843 0.00000 0.49083 0.00000 0.00000
4.32477 0.00000 0.49539 0.00000 0.00000
4.33111 0.00000 0.50062 0.00000 0.00000
4.33745 0.00000 0.50575 0.00000 0.00000
4.34379 0.00000 0.50944 0.00000 0.00000
4.35013 0.00000 0.51276 0.00000 0.00000
4.35646 0.00000 0.51537 0.00000 0.00000
4.36280 0.00000 0.51763 0.00000 0.00000
4.36914 0.00000 0.52295 0.00000 0.00000
4.37548 0.00000 0.52504 0.00000 0.00000
4.38182 0.00000 0.52911 0.00000 0.00000
4.38816 0.00000 0.53202 0.00000 0.00000
4.39450 0.00000 0.53684 0.00000 0.00000
4.40083 0.00000 0.54025 0.00000 0.00000
4.40717 0.00000 0.54292 0.00000 0.00000
4.41351 0.00000 0.54604 0.00000 0.00000
4.41985 0.00000 0.54706 0.00000 0.00000
4.42619 0.00000 0.54747 0.00000 0.00000
4.43253 0.00000 0.54801 0.00000 0.00000
4.43887 0.00000 0.54810 0.00000 0.00000
4.44520 0.00000 0.54630 0.00000 0.00000
4.45154 0.00000 0.54637 0.00000 0.00000
4.45788 0.00000 0.54239 0.00000 0.00000
4.46422 0.00000 0.54174 0.00000 0.00000
4.47056 0.00000 0.53976 0.00000 0.00000
4.47690 0.00000 0.53676 0.00000 0.00000
4.48324 0.00000 0.53405 0.00000 0.00000
4.48957 0.00000 0.53099 0.00000 0.00000
4.49591 0.00000 0.52773 0.00000 0.00000
4.50225 0.00000 0.52306 0.00000 0.00000
4.50859 0.00000 0.51942 0.00000 0.00000
4.51493 0.00000 0.51601 0.00000 0.00000
4.52127 0.00000 0.51324 0.00000 0.00000
4.52761 0.00000 0.51022 0.00000 0.00000
4.53394 0.00000 0.50773 0.00000 0.00000
4.54028 0.00000 0.50688 0.00000 0.00000
4.54662 0.00000 0.50605 0.00000 0.00000
4.55296 0.00000 0.50397 0.00000 0.00000
4.55930 0.00000 0.50336 0.00000 0.00000
4.56564 0.00000 0.50335 0.00000 0.00000
4.57198 0.00000 0.50204 0.00000 0.00000
4.57832 0.00000 0.50028 0.00000 0.00000
4.58465 0.00000 0.49817 0.00000 0.00000
4.59099 0.00000 0.49466 0.00000 0.00000
4.59733 0.00000 0.49285 0.00000 0.00000
4.60367 0.00000 0.48971 0.00000 0.00000
4.61001 0.00000 0.48557 0.00000 0.00000
4.61635 0.00000 0.48186 0.00000 0.00000
4.62269 0.00000 0.47704 0.00000 0.00000
4.62902 0.00000 0.47303 0.00000 0.00000
4.63536 0.00000 0.46997 0.00000 0.00000
4.64170 0.00000 0.47153 0.00000 0.00000
4.64804 0.00000 0.47329 0.00000 0.00000
4.65438 0.00000 0.47503 0.00000 0.00000
4.66072 0.00000 0.47784 0.00000 0.00000
4.66706 0.00000 0.48240 0.00000 0.00000
4.67339 0.00000 0.48529 0.00000 0.00000
4.67973 0.00000 0.48875 0.00000 0.00000
4.68607 0.00000 0.49157 0.00000 0.00000
4.69241 0.00000 0.49398 0.00000 0.00000
4.69875 0.00000 0.49614 0.00000 0.00000
4.70509 0.00000 0.49818 0.00000 0.00000
4.71143 0.00000 0.49826 0.00000 0.00000
4.71776 0.00000 0.49677 0.00000 0.00000
4.72410 0.00000 0.49432 0.00000 0.00000
4.73044 0.00000 0.49257 0.00000 0.00000
4.73678 0.00000 0.48802 0.00000 0.00000
4.74312 0.00000 0.48380 0.00007 0.00000
4.74946 0.00000 0.47972 0.00009 0.00000
4.75580 0.00000 0.47478 0.00008 0.00000
4.76214 0.00000 0.47029 0.00007 0.00000
4.76847 0.00000 0.46581 0.00008 0.00000
4.77481 0.00000 0.46218 0.00008 0.00000
4.78115 0.00000 0.45647 0.00008 0.00000
4.78749 0.00000 0.45166 0.00008 0.00000
4.79383 0.00000 0.44926 0.00006 0.00000
4.80017 0.00000 0.44717 0.00006 0.00000
4.80651 0.00000 0.44494 0.00006 0.00000
4.81284 0.00000 0.44272 0.00006 0.00000
4.81918 0.00000 0.44210 0.00007 0.00000
4.82552 0.00000 0.44143 0.00008 0.00000
4.83186 0.00000 0.44000 0.00006 0.00000
4.83820 0.00000 0.44102 0.00006 0.00000
4.84454 0.00000 0.44072 0.00008 0.00000
4.85088 0.00000 0.44090 0.00011 0.00000
4.85721 0.00000 0.44083 0.00014 0.00000
4.86355 0.00000 0.44101 0.00018 0.00000
4.86989 0.00000 0.44102 0.00026 0.00000
4.87623 0.00000 0.44128 0.00033 0.00000
4.88257 0.00000 0.44179 0.00042 0.00000
4.88891 0.00000 0.44371 0.00059 0.00000
4.89525 0.00000 0.44446 0.00106 0.00000
4.90158 0.00000 0.44546 0.00188 0.00000
4.90792 0.00000 0.44605 0.00308 0.00000
4.91426 0.00000 0.44419 0.00444 0.00000
4.92060 0.00000 0.44140 0.00609 0.00000
4.92694 0.00000 0.43658 0.00794 0.00000
4.93328 0.00000 0.42791 0.01030 0.00000
4.93962 0.00000 0.41683 0.01365 0.00000
4.94595 0.00000 0.40585 0.01790 0.00000
4.95229 0.00000 0.39426 0.02220 0.00000
4.95863 0.00000 0.38449 0.02698 0.00000
4.96497 0.00000 0.37785 0.03161 0.00000
4.97131 0.00000 0.37445 0.03613 0.00000
4.97765 0.00000 0.37234 0.04085 0.00000
4.98399 0.00000 0.37230 0.04578 0.00000
4.99033 0.00000 0.36900 0.05067 0.00000
4.99666 0.00000 0.35043 0.05618 0.00000
5.00300 0.00000 0.31035 0.06076 0.00000
5.00934 0.00000 0.25464 0.06541 0.00000
5.01568 0.00000 0.18429 0.06907 0.00000
5.02202 0.00000 0.11950 0.07192 0.00000
5.02836 0.00000 0.07279 0.07418 0.00000
5.03470 0.00000 0.04142 0.07611 0.00000
5.04103 0.00000 0.02383 0.07781 0.00000
5.04737 0.00000 0.01316 0.07941 0.00000
5.05371 0.00000 0.00695 0.08095 0.00000
5.06005 0.00000 0.00336 0.08270 0.00000
5.06639 0.00000 0.00144 0.08459 0.00000
5.07273 0.00000 0.00066 0.08667 0.00000
5.07907 0.00000 0.00048 0.08936 0.00000
5.08540 0.00000 0.00030 0.09186 0.00000
5.09174 0.00000 0.00034 0.09462 0.00000
5.09808 0.00000 0.00031 0.09684 0.00000
5.10442 0.00000 0.00020 0.09829 0.00000
5.11076 0.00000 0.00015 0.09961 0.00000
5.11710 0.00000 0.00010 0.10065 0.00000
5.12344 0.00000 0.00012 0.10162 0.00000
5.12977 0.00000 0.00020 0.10248 0.00000
5.13611 0.00000 0.00027 0.10310 0.00000
5.14245 0.00000 0.00029 0.10359 0.00000
5.14879 0.00000 0.00031 0.10379 0.00000
5.15513 0.00000 0.00029 0.10381 0.00000
5.16147 0.00000 0.00040 0.10394 0.00000
5.16781 0.00000 0.00046 0.10418 0.00000
5.17415 0.00000 0.00046 0.10471 0.00000
5.18048 0.00000 0.00050 0.10533 0.00000
5.18682 0.00000 0.00047 0.10609 0.00000
5.19316 0.00000 0.00042 0.10689 0.00000
5.19950 0.00000 0.00046 0.10777 0.00000
5.20584 0.00000 0.00043 0.10874 0.00000
5.21218 0.00000 0.00039 0.10959 0.00000
5.21852 0.00000 0.00040 0.11044 0.00000
5.22485 0.00000 0.00028 0.11123 0.00000
5.23119 0.00000 0.00003 0.11195 0.00000
5.23753 0.00000 0.00000 0.11267 0.00000
5.24387 0.00000 0.00000 0.11290 0.00000
5.25021 0.00000 0.00000 0.11270 0.00000
5.25655 0.00000 0.00000 0.11193 0.00000
5.26289 0.00000 0.00000 0.11117 0.00000
5.26922 0.00000 0.00000 0.11028 0.00000
5.27556 0.00000 0.00000 0.10947 0.00000
5.28190 0.00000 0.00000 0.10923 0.00000
5.28824 0.00000 0.00000 0.10957 0.00000
5.29458 0.00000 0.00000 0.11033 0.00000
5.30092 0.00000 0.00000 0.11099 0.00000
5.30726 0.00000 0.00000 0.11186 0.00000
5.31359 0.00000 0.00000 0.11271 0.00000
5.31993 0.00000 0.00000 0.11378 0.00000
5.32627 0.00000 0.00000 0.11499 0.00000
5.33261 0.00000 0.00000 0.11614 0.00000
5.33895 0.00000 0.00000 0.11733 0.00000
5.34529 0.00000 0.00000 0.11851 0.00000
5.35163 0.00000 0.00000 0.11955 0.00000
5.35796 0.00000 0.00000 0.12044 0.00000
5.36430 0.00000 0.00000 0.12121 0.00000
5.37064 0.00000 0.00000 0.12189 0.00000
5.37698 0.00000 0.00000 0.12251 0.00000
5.38332 0.00000 0.00000 0.12285 0.00000
5.38966 0.00000 0.00000 0.12290 0.00000
5.39600 0.00000 0.00000 0.12290 0.00000
5.40234 0.00000 0.00000 0.12277 0.00000
5.40867 0.00000 0.00000 0.12257 0.00000
5.41501 0.00000 0.00000 0.12234 0.00000
5.42135 0.00000 0.00000 0.12205 0.00000
5.42769 0.00000 0.00000 0.12194 0.00000
5.43403 0.00000 0.00000 0.12175 0.00000
5.44037 0.00000 0.00000 0.12170 0.00000
5.44671 0.00000 0.00000 0.12160 0.00000
5.45304 0.00000 0.00000 0.12171 0.00000
5.45938 0.00000 0.00000 0.12182 0.00000
5.46572 0.00000 0.00000 0.12187 0.00000
5.47206 0.00000 0.00000 0.12184 0.00000
5.47840 0.00000 0.00000 0.12185 0.00000
5.48474 0.00000 0.00000 0.12186 0.00000
5.49108 0.00000 0.00000 0.12177 0.00000
5.49741 0.00000 0.00000 0.12170 0.00000
5.50375 0.00000 0.00000 0.12178 0.00000
5.51009 0.00000 0.00000 0.12198 0.00000
5.51643 0.00000 0.00000 0.12260 0.00000
5.52277 0.00000 0.00000 0.12326 0.00000
5.52911 0.00000 0.00000 0.12400 0.00000
5.53545 0.00000 0.00000 0.12469 0.00000
5.54178 0.00000 0.00000 0.12554 0.00000
5.54812 0.00000 0.00000 0.12636 0.00000
5.55446 0.00000 0.00000 0.12711 0.00000
5.56080 0.00000 0.00000 0.12785 0.00000
5.56714 0.00000 0.00000 0.12860 0.00000
5.57348 0.00000 0.00000 0.12934 0.00000
5.57982 0.00000 0.00000 0.12960 0.00000
5.58616 0.00000 0.00000 0.12945 0.00000
5.59249 0.00000 0.00000 0.12924 0.00000
5.59883 0.00000 0.00000 0.12895 0.00000
5.60517 0.00000 0.00000 0.12881 0.00000
5.61151 0.00000 0.00000 0.12880 0.00000
5.61785 0.00000 0.00000 0.12899 0.00000
5.62419 0.00000 0.00000 0.12961 0.00000
5.63053 0.00000 0.00000 0.13034 0.00000
5.63686 0.00000 0.00000 0.13116 0.00000
5.64320 0.00000 0.00000 0.13187 0.00000
5.64954 0.00000 0.00000 0.13249 0.00000
5.65588 0.00000 0.00000 0.13309 0.00000
5.66222 0.00000 0.00000 0.13360 0.00000
5.66856 0.00000 0.00000 0.13409 0.00000
5.67490 0.00000 0.00000 0.13437 0.00000
5.68123 0.00000 0.00000 0.13427 0.00000
5.68757 0.00000 0.00000 0.13417 0.00000
5.69391 0.00000 0.00000 0.13410 0.00000
5.70025 0.00000 0.00000 0.13416 0.00000
5.70659 0.00000 0.00000 0.13450 0.00000
5.71293 0.00000 0.00000 0.13507 0.00000
5.71927 0.00000 0.00000 0.13557 0.00000
5.72560 0.00000 0.00000 0.13607 0.00000
5.73194 0.00000 0.00000 0.13654 0.00000
5.73828 0.00000 0.00000 0.13687 0.00000
5.74462 0.00000 0.00000 0.13714 0.00000
5.75096 0.00000 0.00000 0.13747 0.00000
5.75730 0.00000 0.00000 0.13753 0.00000
5.76364 0.00000 0.00000 0.13714 0.00000
5.76997 0.00000 0.00000 0.13641 0.00000
5.77631 0.00000 0.00000 0.13576 0.00000
5.78265 0.00000 0.00000 0.13509 0.00000
5.78899 0.00000 0.00000 0.13480 0.00000
5.79533 0.00000 0.00000 0.13492 0.00000
5.80167 0.00000 0.00000 0.13541 0.00000
5.80801 0.00000 0.00000 0.13590 0.00000
5.81435 0.00000 0.00000 0.13642 0.00000
5.82068 0.00000 0.00000 0.13708 0.00000
5.82702 0.00000 0.00000 0.13765 0.00000
5.83336 0.00000 0.00000 0.13814 0.00000
5.83970 0.00000 0.00000 0.13862 0.00000
5.84604 0.00000 0.00000 0.13900 0.00000
5.85238 0.00000 0.00000 0.13929 0.00000
5.85872 0.00000 0.00000 0.13967 0.00000
5.86505 0.00000 0.00000 0.13961 0.00000
5.87139 0.00000 0.00000 0.13968 0.00000
5.87773 0.00000 0.00000 0.13970 0.00000
5.88407 0.00000 0.00000 0.13970 0.00000
5.89041 0.00000 0.00000 0.13977 0.00000
5.89675 0.00000 0.00000 0.13999 0.00000
5.90309 0.00000 0.00000 0.14021 0.00000
5.90942 0.00000 0.00000 0.14045 0.00000
5.91576 0.00000 0.00000 0.14074 0.00000
5.92210 0.00000 0.00000 0.14106 0.00000
5.92844 0.00000 0.00000 0.14140 0.00000
5.93478 0.00000 0.00000 0.14163 0.00000
5.94112 0.00000 0.00000 0.14174 0.00000
5.94746 0.00000 0.00000 0.14191 0.00000
5.95379 0.00000 0.00000 0.14200 0.00000
5.96013 0.00000 0.00000 0.14200 0.00000
5.96647 0.00000 0.00000 0.14209 0.00000
5.97281 0.00000 0.00000 0.14202 0.00000
5.97915 0.00000 0.00000 0.14200 0.00000
5.98549 0.00000 0.00000 0.14207 0.00000
5.99183 0.00000 0.00000 0.14204 0.00000
5.99817 0.00000 0.00000 0.14195 0.00000
6.00450 0.00000 0.00000 0.14178 0.00000
6.01084 0.00000 0.00000 0.14157 0.00000
6.01718 0.00000 0.00000 0.14150 0.00000
6.02352 0.00000 0.00000 0.14153 0.00000
6.02986 0.00000 0.00000 0.14170 0.00000
6.03620 0.00000 0.00000 0.14170 0.00000
6.04254 0.00000 0.00000 0.14178 0.00000
6.04887 0.00000 0.00000 0.14187 0.00000
6.05521 0.00000 0.00000 0.14190 0.00000
6.06155 0.00000 0.00000 0.14185 0.00000
6.06789 0.00000 0.00000 0.14189 0.00000
6.07423 0.00000 0.00000 0.14200 0.00000
6.08057 0.00000 0.00000 0.14191 0.00000
6.08691 0.00000 0.00000 0.14154 0.00000
6.09324 0.00000 0.00000 0.14101 0.00000
6.09958 0.00000 0.00000 0.14022 0.00000
6.10592 0.00000 0.00000 0.13942 0.00000
6.11226 0.00000 0.00000 0.13856 0.00000
6.11860 0.00000 0.00000 0.13779 0.00000
6.12494 0.00000 0.00000 0.13717 0.00000
6.13128 0.00000 0.00000 0.13661 0.00000
6.13761 0.00000 0.00000 0.13604 0.00000
6.14395 0.00000 0.00000 0.13570 0.00000
6.15029 0.00000 0.00000 0.13544 0.00002
6.15663 0.00000 0.00000 0.13525 0.00011
6.16297 0.00000 0.00000 0.13520 0.00016
6.16931 0.00000 0.00000 0.13510 0.00020
6.17565 0.00000 0.00000 0.13490 0.00020
6.18198 0.00000 0.00000 0.13470 0.00017
6.18832 0.00000 0.00000 0.13466 0.00014
6.19466 0.00000 0.00000 0.13415 0.00010
6.20100 0.00000 0.00000 0.13348 0.00006
6.20734 0.00000 0.00000 0.13267 0.00007
6.21368 0.00000 0.00000 0.13162 0.00010
6.22002 0.00000 0.00000 0.13033 0.00013
6.22636 0.00000 0.00000 0.12895 0.00016
6.23269 0.00000 0.00000 0.12776 0.00020
6.23903 0.00000 0.00000 0.12649 0.00022
6.24537 0.00000 0.00000 0.12558 0.00023
6.25171 0.00000 0.00000 0.12508 0.00023
6.25805 0.00000 0.00000 0.12474 0.00025
6.26439 0.00000 0.00000 0.12448 0.00033
6.27073 0.00000 0.00000 0.12441 0.00049
6.27706 0.00000 0.00000 0.12458 0.00074
6.28340 0.00000 0.00000 0.12475 0.00108
6.28974 0.00000 0.00000 0.12497 0.00166
6.29608 0.00000 0.00000 0.12522 0.00256
6.30242 0.00000 0.00000 0.12535 0.00380
6.30876 0.00000 0.00000 0.12519 0.00540
6.31510 0.00000 0.00000 0.12502 0.00760
6.32143 0.00000 0.00000 0.12394 0.01062
6.32777 0.00000 0.00000 0.12287 0.01413
6.33411 0.00000 0.00000 0.12150 0.01814
6.34045 0.00000 0.00000 0.11960 0.02280
6.34679 0.00000 0.00000 0.11764 0.02846
6.35313 0.00000 0.00000 0.11536 0.03464
6.35947 0.00000 0.00000 0.11143 0.04094
6.36580 0.00000 0.00000 0.10688 0.04792
6.37214 0.00000 0.00000 0.10209 0.05544
6.37848 0.00000 0.00000 0.09691 0.06292
6.38482 0.00000 0.00000 0.09178 0.07151
6.39116 0.00000 0.00000 0.08676 0.08153
6.39750 0.00000 0.00000 0.08222 0.09260
6.40384 0.00000 0.00000 0.07760 0.10368
6.41018 0.00000 0.00000 0.07208 0.11370
6.41651 0.00000 0.00000 0.06602 0.12377
6.42285 0.00000 0.00000 0.06035 0.13362
6.42919 0.00000 0.00000 0.05421 0.14267
6.43553 0.00000 0.00000 0.04764 0.15110
6.44187 0.00000 0.00000 0.04104 0.15926
6.44821 0.00000 0.00000 0.03419 0.16575
6.45455 0.00000 0.00000 0.02823 0.17141
6.46088 0.00000 0.00000 0.02281 0.17619
6.46722 0.00000 0.00000 0.01787 0.18040
6.47356 0.00000 0.00000 0.01348 0.18471
6.47990 0.00000 0.00000 0.01010 0.18864
6.48624 0.00000 0.00000 0.00728 0.19381
6.49258 0.00000 0.00000 0.00496 0.19968
6.49892 0.00000 0.00000 0.00310 0.20565
6.50525 0.00000 0.00000 0.00190 0.21093
6.51159 0.00000 0.00000 0.00112 0.21521
6.51793 0.00000 0.00000 0.00062 0.21827
6.52427 0.00000 0.00000 0.00032 0.22024
6.53061 0.00000 0.00000 0.00013 0.22147
6.53695 0.00000 0.00000 0.00008 0.22338
6.54329 0.00000 0.00000 0.00005 0.22566
6.54962 0.00000 0.00000 0.00004 0.22786
6.55596 0.00000 0.00000 0.00003 0.22959
6.56230 0.00000 0.00000 0.00003 0.23097
6.56864 0.00000 0.00000 0.00003 0.23205
6.57498 0.00000 0.00000 0.00002 0.23267
6.58132 0.00000 0.00000 0.00001 0.23281
6.58766 0.00000 0.00000 0.00001 0.23289
6.59399 0.00000 0.00000 0.00002 0.23327
6.60033 0.00000 0.00000 0.00003 0.23335
6.60667 0.00000 0.00000 0.00003 0.23303
6.61301 0.00000 0.00000 0.00005 0.23257
6.61935 0.00000 0.00000 0.00006 0.23100
6.62569 0.00000 0.00000 0.00000 0.22931
6.63203 0.00000 0.00000 0.00000 0.22777
6.63837 0.00000 0.00000 0.00000 0.22635
6.64470 0.00000 0.00000 0.00000 0.22462
6.65104 0.00000 0.00000 0.00000 0.22331
6.65738 0.00000 0.00000 0.00000 0.22250
6.66372 0.00000 0.00000 0.00000 0.22176
6.67006 0.00000 0.00000 0.00000 0.22183
6.67640 0.00000 0.00000 0.00000 0.22251
6.68274 0.00000 0.00000 0.00000 0.22375
6.68907 0.00000 0.00000 0.00000 0.22566
6.69541 0.00000 0.00000 0.00000 0.22746
6.70175 0.00000 0.00000 0.00000 0.22922
6.70809 0.00000 0.00000 0.00000 0.23098
6.71443 0.00000 0.00000 0.00000 0.23244
6.72077 0.00000 0.00000 0.00000 0.23376
6.72711 0.00000 0.00000 0.00000 0.23493
6.73344 0.00000 0.00000 0.00000 0.23587
6.73978 0.00000 0.00000 0.00000 0.23675
6.74612 0.00000 0.00000 0.00000 0.23741
6.75246 0.00000 0.00000 0.00000 0.23790
6.75880 0.00000 0.00000 0.00000 0.23898
6.76514 0.00000 0.00000 0.00000 0.23996
6.77148 0.00000 0.00000 0.00000 0.24087
6.77781 0.00000 0.00000 0.00000 0.24173
6.78415 0.00000 0.00000 0.00000 0.24252
6.79049 0.00000 0.00000 0.00000 0.24331
6.79683 0.00000 0.00000 0.00000 0.24407
6.80317 0.00000 0.00000 0.00000 0.24463
6.80951 0.00000 0.00000 0.00000 0.24545
6.81585 0.00000 0.00000 0.00000 0.24631
6.82219 0.00000 0.00000 0.00000 0.24702
6.82852 0.00000 0.00000 0.00000 0.24772
6.83486 0.00000 0.00000 0.00000 0.24823
6.84120 0.00000 0.00000 0.00000 0.24852
6.84754 0.00000 0.00000 0.00000 0.24894
6.85388 0.00000 0.00000 0.00000 0.24923
6.86022 0.00000 0.00000 0.00000 0.24937
6.86656 0.00000 0.00000 0.00000 0.24923
6.87289 0.00000 0.00000 0.00000 0.24899
6.87923 0.00000 0.00000 0.00000 0.24869
6.88557 0.00000 0.00000 0.00000 0.24834
6.89191 0.00000 0.00000 0.00000 0.24794
6.89825 0.00000 0.00000 0.00000 0.24758
6.90459 0.00000 0.00000 0.00000 0.24730
6.91093 0.00000 0.00000 0.00000 0.24750
6.91726 0.00000 0.00000 0.00000 0.24793
6.92360 0.00000 0.00000 0.00000 0.24854
6.92994 0.00000 0.00000 0.00000 0.24902
6.93628 0.00000 0.00000 0.00000 0.24916
6.94262 0.00000 0.00000 0.00000 0.24907
6.94896 0.00000 0.00000 0.00000 0.24886
6.95530 0.00000 0.00000 0.00000 0.24838
6.96163 0.00000 0.00000 0.00000 0.24776
6.96797 0.00000 0.00000 0.00000 0.24708
6.97431 0.00000 0.00000 0.00000 0.24596
6.98065 0.00000 0.00000 0.00000 0.24473
6.98699 0.00000 0.00000 0.00000 0.24365
6.99333 0.00000 0.00000 0.00000 0.24288
6.99967 0.00000 0.00000 0.00000 0.24229
7.00601 0.00000 0.00000 0.00000 0.24188
7.01234 0.00000 0.00000 0.00000 0.24180
7.01868 0.00000 0.00000 0.00000 0.24172
7.02502 0.00000 0.00000 0.00000 0.24145
7.03136 0.00000 0.00000 0.00000 0.24119
7.03770 0.00000 0.00000 0.00000 0.24098
7.04404 0.00000 0.00000 0.00000 0.24091
7.05038 0.00000 0.00000 0.00000 0.24059
7.05671 0.00000 0.00000 0.00000 0.24018
7.06305 0.00000 0.00000 0.00000 0.23971
7.06939 0.00000 0.00000 0.00000 0.23940
7.07573 0.00000 0.00000 0.00000 0.23926
7.08207 0.00000 0.00000 0.00000 0.23952
7.08841 0.00000 0.00000 0.00000 0.23992
7.09475 0.00000 0.00000 0.00000 0.24039
7.10108 0.00000 0.00000 0.00000 0.24092
7.10742 0.00000 0.00000 0.00000 0.24139
7.11376 0.00000 0.00000 0.00000 0.24183
7.12010 0.00000 0.00000 0.00000 0.24209
7.12644 0.00000 0.00000 0.00000 0.24216
7.13278 0.00000 0.00000 0.00000 0.24209
7.13912 0.00000 0.00000 0.00000 0.24184
7.14545 0.00000 0.00000 0.00000 0.24158
7.15179 0.00000 0.00000 0.00000 0.24132
7.15813 0.00000 0.00000 0.00000 0.24095
7.16447 0.00000 0.00000 0.00000 0.24072
7.17081 0.00000 0.00000 0.00000 0.24079
7.17715 0.00000 0.00000 0.00000 0.24131
7.18349 0.00000 0.00000 0.00000 0.24202
7.18982 0.00000 0.00000 0.00000 0.24297
7.19616 0.00000 0.00000 0.00000 0.24388
7.20250 0.00000 0.00000 0.00000 0.24477
7.20884 0.00000 0.00000 0.00000 0.24559
7.21518 0.00000 0.00000 0.00000 0.24654
7.22152 0.00000 0.00000 0.00000 0.24761
7.22786 0.00000 0.00000 0.00000 0.24862
7.23420 0.00000 0.00000 0.00000 0.24938
7.24053 0.00000 0.00000 0.00000 0.24963
7.24687 0.00000 0.00000 0.00000 0.24956
7.25321 0.00000 0.00000 0.00000 0.24931
7.25955 0.00000 0.00000 0.00000 0.24862
7.26589 0.00000 0.00000 0.00000 0.24760
7.27223 0.00000 0.00000 0.00000 0.24629
7.27857 0.00000 0.00000 0.00000 0.24482
7.28490 0.00000 0.00000 0.00000 0.24358
7.29124 0.00000 0.00000 0.00000 0.24290
7.29758 0.00000 0.00000 0.00000 0.24240
7.30392 0.00000 0.00000 0.00000 0.24204
7.31026 0.00000 0.00000 0.00000 0.24253
7.31660 0.00000 0.00000 0.00000 0.24319
7.32294 0.00000 0.00000 0.00000 0.24405
7.32927 0.00000 0.00000 0.00000 0.24551
7.33561 0.00000 0.00000 0.00000 0.24712
7.34195 0.00000 0.00000 0.00000 0.24876
7.34829 0.00000 0.00000 0.00000 0.25054
7.35463 0.00000 0.00000 0.00000 0.25243
7.36097 0.00000 0.00000 0.00000 0.25354
7.36731 0.00000 0.00000 0.00000 0.25450
7.37364 0.00000 0.00000 0.00000 0.25529
7.37998 0.00000 0.00000 0.00000 0.25586
7.38632 0.00000 0.00000 0.00000 0.25628
7.39266 0.00000 0.00000 0.00000 0.25590
7.39900 0.00000 0.00000 0.00000 0.25545
7.40534 0.00000 0.00000 0.00000 0.25491
7.41168 0.00000 0.00000 0.00000 0.25433
7.41802 0.00000 0.00000 0.00000 0.25373
7.42435 0.00000 0.00000 0.00000 0.25330
7.43069 0.00000 0.00000 0.00000 0.25315
7.43703 0.00000 0.00000 0.00000 0.25368
7.44337 0.00000 0.00000 0.00000 0.25460
7.44971 0.00000 0.00000 0.00000 0.25579
7.45605 0.00000 0.00000 0.00000 0.25761
7.46239 0.00000 0.00000 0.00000 0.25958
7.46872 0.00000 0.00000 0.00000 0.26182
7.47506 0.00000 0.00000 0.00000 0.26399
7.48140 0.00000 0.00000 0.00000 0.26611
7.48774 0.00000 0.00000 0.00000 0.26817
7.49408 0.00000 0.00000 0.00000 0.27018
7.50042 0.00000 0.00000 0.00000 0.27182
7.50676 0.00000 0.00000 0.00000 0.27343
7.51309 0.00000 0.00000 0.00000 0.27500
7.51943 0.00000 0.00000 0.00000 0.27641
7.52577 0.00000 0.00000 0.00000 0.27775
7.53211 0.00000 0.00000 0.00000 0.27880
7.53845 0.00000 0.00000 0.00000 0.27978
7.54479 0.00000 0.00000 0.00000 0.28053
7.55113 0.00000 0.00000 0.00000 0.28128
7.55746 0.00000 0.00000 0.00000 0.28203
7.56380 0.00000 0.00000 0.00000 0.28255
7.57014 0.00000 0.00000 0.00000 0.28300
7.57648 0.00000 0.00000 0.00000 0.28306
7.58282 0.00000 0.00000 0.00000 0.28302
7.58916 0.00000 0.00000 0.00000 0.28273
7.59550 0.00000 0.00000 0.00000 0.28230
7.60183 0.00000 0.00000 0.00000 0.28173
7.60817 0.00000 0.00000 0.00000 0.28147
7.61451 0.00000 0.00000 0.00000 0.28130
7.62085 0.00000 0.00000 0.00000 0.28136
7.62719 0.00000 0.00000 0.00000 0.28150
7.63353 0.00000 0.00000 0.00000 0.28189
7.63987 0.00000 0.00000 0.00000 0.28253
7.64621 0.00000 0.00000 0.00000 0.28343
7.65254 0.00000 0.00000 0.00000 0.28448
7.65888 0.00000 0.00000 0.00000 0.28561
7.66522 0.00000 0.00000 0.00000 0.28647
7.67156 0.00000 0.00000 0.00000 0.28726
7.67790 0.00000 0.00000 0.00000 0.28777
7.68424 0.00000 0.00000 0.00000 0.28814
7.69058 0.00000 0.00000 0.00000 0.28825
7.69691 0.00000 0.00000 0.00000 0.28797
7.70325 0.00000 0.00000 0.00000 0.28736
7.70959 0.00000 0.00000 0.00000 0.28696
7.71593 0.00000 0.00000 0.00000 0.28662
7.72227 0.00000 0.00000 0.00000 0.28614
7.72861 0.00000 0.00000 0.00000 0.28571
7.73495 0.00000 0.00000 0.00000 0.28582
7.74128 0.00000 0.00000 0.00000 0.28603
7.74762 0.00000 0.00000 0.00000 0.28647
7.75396 0.00000 0.00000 0.00000 0.28701
7.76030 0.00000 0.00000 0.00000 0.28766
7.76664 0.00000 0.00000 0.00000 0.28832
7.77298 0.00000 0.00000 0.00000 0.28897
7.77932 0.00000 0.00000 0.00000 0.28975
7.78565 0.00000 0.00000 0.00000 0.29057
7.79199 0.00000 0.00000 0.00000 0.29148
7.79833 0.00000 0.00000 0.00000 0.29240
7.80467 0.00000 0.00000 0.00000 0.29326
7.81101 0.00000 0.00000 0.00000 0.29409
7.81735 0.00000 0.00000 0.00000 0.29485
7.82369 0.00000 0.00000 0.00000 0.29569
7.83003 0.00000 0.00000 0.00000 0.29665
7.83636 0.00000 0.00000 0.00000 0.29764
7.84270 0.00000 0.00000 0.00000 0.29866
7.84904 0.00000 0.00000 0.00000 0.29960
7.85538 0.00000 0.00000 0.00000 0.30051
7.86172 0.00000 0.00000 0.00000 0.30108
7.86806 0.00000 0.00000 0.00000 0.30156
7.87440 0.00000 0.00000 0.00000 0.30189
7.88073 0.00000 0.00000 0.00000 0.30219
7.88707 0.00000 0.00000 0.00000 0.30177
7.89341 0.00000 0.00000 0.00000 0.30132
7.89975 0.00000 0.00000 0.00000 0.30068
7.90609 0.00000 0.00000 0.00000 0.29993
7.91243 0.00000 0.00000 0.00000 0.29878
7.91877 0.00000 0.00000 0.00000 0.29767
7.92510 0.00000 0.00000 0.00000 0.29668
7.93144 0.00000 0.00000 0.00000 0.29590
7.93778 0.00000 0.00000 0.00000 0.29543
7.94412 0.00000 0.00000 0.00000 0.29509
7.95046 0.00000 0.00000 0.00000 0.29489
7.95680 0.00000 0.00000 0.00000 0.29507
7.96314 0.00000 0.00000 0.00000 0.29554
7.96947 0.00000 0.00000 0.00000 0.29604
7.97581 0.00000 0.00000 0.00000 0.29656
7.98215 0.00000 0.00000 0.00000 0.29707
7.98849 0.00000 0.00000 0.00000 0.29759
7.99483 0.00000 0.00000 0.00000 0.29822
8.00117 0.00000 0.00000 0.00000 0.29889
8.00751 0.00000 0.00000 0.00000 0.29952
8.01384 0.00000 0.00000 0.00000 0.30013
8.02018 0.00000 0.00000 0.00000 0.30070
8.02652 0.00000 0.00000 0.00000 0.30126
8.03286 0.00000 0.00000 0.00000 0.30182
8.03920 0.00000 0.00000 0.00000 0.30238
8.04554 0.00000 0.00000 0.00000 0.30279
8.05188 0.00000 0.00000 0.00000 0.30320
8.05822 0.00000 0.00000 0.00000 0.30411
8.06455 0.00000 0.00000 0.00000 0.30501
8.07089 0.00000 0.00000 0.00000 0.30557
8.07723 0.00000 0.00000 0.00000 0.30614
8.08357 0.00000 0.00000 0.00000 0.30709
8.08991 0.00000 0.00000 0.00000 0.30802
8.09625 0.00000 0.00000 0.00000 0.30847
8.10259 0.00000 0.00000 0.00000 0.30890
8.10892 0.00000 0.00000 0.00000 0.30895
8.11526 0.00000 0.00000 0.00000 0.30900
8.12160 0.00000 0.00000 0.00000 0.30905
8.12794 0.00000 0.00000 0.00000 0.30909
8.13428 0.00000 0.00000 0.00000 0.30884
8.14062 0.00000 0.00000 0.00000 0.30859
8.14696 0.00000 0.00000 0.00000 0.30834
8.15329 0.00000 0.00000 0.00000 0.30810
8.15963 0.00000 0.00000 0.00000 0.30800
8.16597 0.00000 0.00000 0.00000 0.30790
8.17231 0.00000 0.00000 0.00000 0.30819
8.17865 0.00000 0.00000 0.00000 0.30849
8.18499 0.00000 0.00000 0.00000 0.30897
8.19133 0.00000 0.00000 0.00000 0.30946
8.19766 0.00000 0.00000 0.00000 0.31031
8.20400 0.00000 0.00000 0.00000 0.31119
8.21034 0.00000 0.00000 0.00000 0.31190
8.21668 0.00000 0.00000 0.00000 0.31258
8.22302 0.00000 0.00000 0.00000 0.31310
8.22936 0.00000 0.00000 0.00000 0.31359
8.23570 0.00000 0.00000 0.00000 0.31370
8.24204 0.00000 0.00000 0.00000 0.31370
8.24837 0.00000 0.00000 0.00000 0.31370
8.25471 0.00000 0.00000 0.00000 0.31370
8.26105 0.00000 0.00000 0.00000 0.31361
8.26739 0.00000 0.00000 0.00000 0.31346
8.27373 0.00000 0.00000 0.00000 0.31324
8.28007 0.00000 0.00000 0.00000 0.31295
8.28641 0.00000 0.00000 0.00000 0.31273
8.29274 0.00000 0.00000 0.00000 0.31259
8.29908 0.00000 0.00000 0.00000 0.31255
8.30542 0.00000 0.00000 0.00000 0.31270
8.31176 0.00000 0.00000 0.00000 0.31276
8.31810 0.00000 0.00000 0.00000 0.31262
8.32444 0.00000 0.00000 0.00000 0.31245
8.33078 0.00000 0.00000 0.00000 0.31217
8.33711 0.00000 0.00000 0.00000 0.31187
8.34345 0.00000 0.00000 0.00000 0.31135
8.34979 0.00000 0.00000 0.00000 0.31083
8.35613 0.00000 0.00000 0.00000 0.31040
8.36247 0.00000 0.00000 0.00000 0.30997
8.36881 0.00000 0.00000 0.00000 0.30971
8.37515 0.00000 0.00000 0.00000 0.30947
8.38148 0.00000 0.00000 0.00000 0.30943
8.38782 0.00000 0.00000 0.00000 0.30948
8.39416 0.00000 0.00000 0.00000 0.30965
8.40050 0.00000 0.00000 0.00000 0.30993
8.40684 0.00000 0.00000 0.00000 0.31040
8.41318 0.00000 0.00000 0.00000 0.31115
8.41952 0.00000 0.00000 0.00000 0.31185
8.42585 0.00000 0.00000 0.00000 0.31246
8.43219 0.00000 0.00000 0.00000 0.31303
8.43853 0.00000 0.00000 0.00000 0.31330
8.44487 0.00000 0.00000 0.00000 0.31358
8.45121 0.00000 0.00000 0.00000 0.31377
8.45755 0.00000 0.00000 0.00000 0.31396
8.46389 0.00000 0.00000 0.00000 0.31390
8.47023 0.00000 0.00000 0.00000 0.31376
8.47656 0.00000 0.00000 0.00000 0.31336
8.48290 0.00000 0.00000 0.00000 0.31276
8.48924 0.00000 0.00000 0.00000 0.31221
8.49558 0.00000 0.00000 0.00000 0.31170
8.50192 0.00000 0.00000 0.00000 0.31126
8.50826 0.00000 0.00000 0.00000 0.31108
8.51460 0.00000 0.00000 0.00000 0.31090
8.52093 0.00000 0.00000 0.00000 0.31103
8.52727 0.00000 0.00000 0.00000 0.31117
8.53361 0.00000 0.00000 0.00000 0.31120
8.53995 0.00000 0.00000 0.00000 0.31120
8.54629 0.00000 0.00000 0.00000 0.31133
8.55263 0.00000 0.00000 0.00000 0.31155
8.55897 0.00000 0.00000 0.00000 0.31184
8.56530 0.00000 0.00000 0.00000 0.31224
8.57164 0.00000 0.00000 0.00000 0.31258
8.57798 0.00000 0.00000 0.00000 0.31240
8.58432 0.00000 0.00000 0.00000 0.31222
8.59066 0.00000 0.00000 0.00000 0.31216
8.59700 0.00000 0.00000 0.00000 0.31212
8.60334 0.00000 0.00000 0.00000 0.31157
8.60967 0.00000 0.00000 0.00000 0.31073
8.61601 0.00000 0.00000 0.00000 0.30992
8.62235 0.00000 0.00000 0.00000 0.30917
8.62869 0.00000 0.00000 0.00000 0.30838
8.63503 0.00000 0.00000 0.00000 0.30728
8.64137 0.00000 0.00000 0.00000 0.30617
8.64771 0.00000 0.00000 0.00000 0.30474
8.65405 0.00000 0.00000 0.00000 0.30325
8.66038 0.00000 0.00000 0.00000 0.30149
8.66672 0.00000 0.00000 0.00000 0.29952
8.67306 0.00000 0.00000 0.00000 0.29763
8.67940 0.00000 0.00000 0.00000 0.29598
8.68574 0.00000 0.00000 0.00000 0.29432
8.69208 0.00000 0.00000 0.00000 0.29284
8.69842 0.00000 0.00000 0.00000 0.29136
8.70475 0.00000 0.00000 0.00000 0.29039
8.71109 0.00000 0.00000 0.00000 0.28965
8.71743 0.00000 0.00000 0.00000 0.28930
8.72377 0.00000 0.00000 0.00000 0.28956
8.73011 0.00000 0.00000 0.00000 0.28985
8.73645 0.00000 0.00000 0.00000 0.29063
8.74279 0.00000 0.00000 0.00000 0.29140
8.74912 0.00000 0.00000 0.00000 0.29231
8.75546 0.00000 0.00000 0.00000 0.29325
8.76180 0.00000 0.00000 0.00000 0.29416
8.76814 0.00000 0.00000 0.00000 0.29501
8.77448 0.00000 0.00000 0.00000 0.29585
8.78082 0.00000 0.00000 0.00000 0.29649
8.78716 0.00000 0.00000 0.00000 0.29713
8.79349 0.00000 0.00000 0.00000 0.29764
8.79983 0.00000 0.00000 0.00000 0.29811
8.80617 0.00000 0.00000 0.00000 0.29835
8.81251 0.00000 0.00000 0.00000 0.29822
8.81885 0.00000 0.00000 0.00000 0.29809
8.82519 0.00000 0.00000 0.00000 0.29741
8.83153 0.00000 0.00000 0.00000 0.29674
8.83786 0.00000 0.00000 0.00000 0.29579
8.84420 0.00000 0.00000 0.00000 0.29470
8.85054 0.00000 0.00000 0.00000 0.29362
8.85688 0.00000 0.00000 0.00000 0.29257
8.86322 0.00000 0.00000 0.00000 0.29152
8.86956 0.00000 0.00000 0.00000 0.29048
8.87590 0.00000 0.00000 0.00000 0.28944
8.88224 0.00000 0.00000 0.00000 0.28862
8.88857 0.00000 0.00000 0.00000 0.28803
8.89491 0.00000 0.00000 0.00000 0.28744
8.90125 0.00000 0.00000 0.00000 0.28669
8.90759 0.00000 0.00000 0.00000 0.28594
8.91393 0.00000 0.00000 0.00000 0.28525
8.92027 0.00000 0.00000 0.00000 0.28459
8.92661 0.00000 0.00000 0.00000 0.28395
8.93294 0.00000 0.00000 0.00000 0.28338
8.93928 0.00000 0.00000 0.00000 0.28280
8.94562 0.00000 0.00000 0.00000 0.28199
8.95196 0.00000 0.00000 0.00000 0.28113
8.95830 0.00000 0.00000 0.00000 0.28020
8.96464 0.00000 0.00000 0.00000 0.27918
8.97098 0.00000 0.00000 0.00000 0.27816
8.97731 0.00000 0.00000 0.00000 0.27714
8.98365 0.00000 0.00000 0.00000 0.27612
8.98999 0.00000 0.00000 0.00000 0.27522
8.99633 0.00000 0.00000 0.00000 0.27445
9.00267 0.00000 0.00000 0.00000 0.27367
9.00901 0.00000 0.00000 0.00000 0.27270
9.01535 0.00000 0.00000 0.00000 0.27173
9.02168 0.00000 0.00000 0.00000 0.27069
9.02802 0.00000 0.00000 0.00000 0.26960
9.03436 0.00000 0.00000 0.00000 0.26851
9.04070 0.00000 0.00000 0.00000 0.26742
9.04704 0.00000 0.00000 0.00000 0.26634
9.05338 0.00000 0.00000 0.00000 0.26547
9.05972 0.00000 0.00000 0.00000 0.26475
9.06606 0.00000 0.00000 0.00000 0.26400
9.07239 0.00000 0.00000 0.00000 0.26300
9.07873 0.00000 0.00000 0.00000 0.26200
9.08507 0.00000 0.00000 0.00000 0.26070
9.09141 0.00000 0.00000 0.00000 0.25919
9.09775 0.00000 0.00000 0.00000 0.25766
9.10409 0.00000 0.00000 0.00000 0.25600
9.11043 0.00000 0.00000 0.00000 0.25433
9.11676 0.00000 0.00000 0.00000 0.25274
9.12310 0.00000 0.00000 0.00000 0.25120
9.12944 0.00000 0.00000 0.00000 0.24963
9.13578 0.00000 0.00000 0.00000 0.24695
9.14212 0.00000 0.00000 0.00000 0.24427
9.14846 0.00000 0.00000 0.00000 0.24129
9.15480 0.00000 0.00000 0.00000 0.23800
9.16113 0.00000 0.00000 0.00000 0.23470
9.16747 0.00000 0.00000 0.00000 0.23072
9.17381 0.00000 0.00000 0.00000 0.22669
9.18015 0.00000 0.00000 0.00000 0.22270
9.18649 0.00000 0.00000 0.00000 0.21877
9.19283 0.00000 0.00000 0.00000 0.21483
9.19917 0.00000 0.00000 0.00000 0.21012
9.20550 0.00000 0.00000 0.00000 0.20523
9.21184 0.00000 0.00000 0.00000 0.20043
9.21818 0.00000 0.00000 0.00000 0.19590
9.22452 0.00000 0.00000 0.00000 0.19138
9.23086 0.00000 0.00000 0.00000 0.18669
9.23720 0.00000 0.00000 0.00000 0.18191
9.24354 0.00000 0.00000 0.00000 0.17714
9.24987 0.00000 0.00000 0.00000 0.17249
9.25621 0.00000 0.00000 0.00000 0.16784
9.26255 0.00000 0.00000 0.00000 0.16324
9.26889 0.00000 0.00000 0.00000 0.15869
9.27523 0.00000 0.00000 0.00000 0.15413
9.28157 0.00000 0.00000 0.00000 0.15030
9.28791 0.00000 0.00000 0.00000 0.14660
9.29425 0.00000 0.00000 0.00000 0.14285
9.30058 0.00000 0.00000 0.00000 0.13894
9.30692 0.00000 0.00000 0.00000 0.13503
9.31326 0.00000 0.00000 0.00000 0.13121
9.31960 0.00000 0.00000 0.00000 0.12746
9.32594 0.00000 0.00000 0.00000 0.12371
9.33228 0.00000 0.00000 0.00000 0.11984
9.33862 0.00000 0.00000 0.00000 0.11595
9.34495 0.00000 0.00000 0.00000 0.11199
9.35129 0.00000 0.00000 0.00000 0.10786
9.35763 0.00000 0.00000 0.00000 0.10372
9.36397 0.00000 0.00000 0.00000 0.09949
9.37031 0.00000 0.00000 0.00000 0.09520
9.37665 0.00000 0.00000 0.00000 0.09090
9.38299 0.00000 0.00000 0.00000 0.08658
9.38932 0.00000 0.00000 0.00000 0.08226
9.39566 0.00000 0.00000 0.00000 0.07797
9.40200 0.00000 0.00000 0.00000 0.07376
9.40834 0.00000 0.00000 0.00000 0.06955
9.41468 0.00000 0.00000 0.00000 0.06525
9.42102 0.00000 0.00000 0.00000 0.06090
9.42736 0.00000 0.00000 0.00000 0.05654
9.43369 0.00000 0.00000 0.00000 0.05268
9.44003 0.00000 0.00000 0.00000 0.04889
9.44637 0.00000 0.00000 0.00000 0.04513
9.45271 0.00000 0.00000 0.00000 0.04155
9.45905 0.00000 0.00000 0.00000 0.03796
9.46539 0.00000 0.00000 0.00000 0.03457
9.47173 0.00000 0.00000 0.00000 0.03140
9.47807 0.00000 0.00000 0.00000 0.02823
9.48440 0.00000 0.00000 0.00000 0.02545
9.49074 0.00000 0.00000 0.00000 0.02281
9.49708 0.00000 0.00000 0.00000 0.02016
9.50342 0.00000 0.00000 0.00000 0.01809
9.50976 0.00000 0.00000 0.00000 0.01601
9.51610 0.00000 0.00000 0.00000 0.01407
9.52244 0.00000 0.00000 0.00000 0.01254
9.52877 0.00000 0.00000 0.00000 0.01100
9.53511 0.00000 0.00000 0.00000 0.00969
9.54145 0.00000 0.00000 0.00000 0.00861
9.54779 0.00000 0.00000 0.00000 0.00754
9.55413 0.00000 0.00000 0.00000 0.00663
9.56047 0.00000 0.00000 0.00000 0.00580
9.56681 0.00000 0.00000 0.00000 0.00496
9.57314 0.00000 0.00000 0.00000 0.00437
9.57948 0.00000 0.00000 0.00000 0.00379
9.58582 0.00000 0.00000 0.00000 0.00324
9.59216 0.00000 0.00000 0.00000 0.00289
9.59850 0.00000 0.00000 0.00000 0.00253
9.60484 0.00000 0.00000 0.00000 0.00222
9.61118 0.00000 0.00000 0.00000 0.00197
9.61751 0.00000 0.00000 0.00000 0.00173
9.62385 0.00000 0.00000 0.00000 0.00153
9.63019 0.00000 0.00000 0.00000 0.00136
9.63653 0.00000 0.00000 0.00000 0.00119
9.64287 0.00000 0.00000 0.00000 0.00106
9.64921 0.00000 0.00000 0.00000 0.00095
9.65555 0.00000 0.00000 0.00000 0.00083
9.66188 0.00000 0.00000 0.00000 0.00072
9.66822 0.00000 0.00000 0.00000 0.00061
9.67456 0.00000 0.00000 0.00000 0.00051
9.68090 0.00000 0.00000 0.00000 0.00043
9.68724 0.00000 0.00000 0.00000 0.00034
9.69358 0.00000 0.00000 0.00000 0.00027
9.69992 0.00000 0.00000 0.00000 0.00023
9.70626 0.00000 0.00000 0.00000 0.00019
9.71259 0.00000 0.00000 0.00000 0.00016
9.71893 0.00000 0.00000 0.00000 0.00014
9.72527 0.00000 0.00000 0.00000 0.00013
9.73161 0.00000 0.00000 0.00000 0.00011
9.73795 0.00000 0.00000 0.00000 0.00010
9.74429 0.00000 0.00000 0.00000 0.00009
9.75063 0.00000 0.00000 0.00000 0.00009
9.75696 0.00000 0.00000 0.00000 0.00010
9.76330 0.00000 0.00000 0.00000 0.00011
9.76964 0.00000 0.00000 0.00000 0.00012
9.77598 0.00000 0.00000 0.00000 0.00013
9.78232 0.00000 0.00000 0.00000 0.00013
9.78866 0.00000 0.00000 0.00000 0.00012
9.79500 0.00000 0.00000 0.00000 0.00009
9.80133 0.00000 0.00000 0.00000 0.00007
9.80767 0.00000 0.00000 0.00000 0.00006
9.81401 0.00000 0.00000 0.00000 0.00005
9.82035 0.00000 0.00000 0.00000 0.00005
9.82669 0.00000 0.00000 0.00000 0.00006
9.83303 0.00000 0.00000 0.00000 0.00008
9.83937 0.00000 0.00000 0.00000 0.00009
9.84570 0.00000 0.00000 0.00000 0.00010
9.85204 0.00000 0.00000 0.00000 0.00010
9.85838 0.00000 0.00000 0.00000 0.00010
9.86472 0.00000 0.00000 0.00000 0.00012
9.87106 0.00000 0.00000 0.00000 0.00014
9.87740 0.00000 0.00000 0.00000 0.00017
9.88374 0.00000 0.00000 0.00000 0.00021
9.89008 0.00000 0.00000 0.00000 0.00026
9.89641 0.00000 0.00000 0.00000 0.00030
9.90275 0.00000 0.00000 0.00000 0.00031
9.90909 0.00000 0.00000 0.00000 0.00032
9.91543 0.00000 0.00000 0.00000 0.00033
9.92177 0.00000 0.00000 0.00000 0.00033
9.92811 0.00000 0.00000 0.00000 0.00033
9.93445 0.00000 0.00000 0.00000 0.00032
9.94078 0.00000 0.00000 0.00000 0.00032
9.94712 0.00000 0.00000 0.00000 0.00032
9.95346 0.00000 0.00000 0.00000 0.00032
9.95980 0.00000 0.00000 0.00000 0.00030
9.96614 0.00000 0.00000 0.00000 0.00029
9.97248 0.00000 0.00000 0.00000 0.00028
9.97882 0.00000 0.00000 0.00000 0.00028
9.98515 0.00000 0.00000 0.00000 0.00029
9.99149 0.00000 0.00000 0.00000 0.00029
9.99783 0.00000 0.00000 0.00000 0.00029
10.00417 0.00000 0.00000 0.00000 0.00028
10.01051 0.00000 0.00000 0.00000 0.00027
10.01685 0.00000 0.00000 0.00000 0.00024
10.02319 0.00000 0.00000 0.00000 0.00020
10.02952 0.00000 0.00000 0.00000 0.00016
10.03586 0.00000 0.00000 0.00000 0.00016
10.04220 0.00000 0.00000 0.00000 0.00016
10.04854 0.00000 0.00000 0.00000 0.00016
10.05488 0.00000 0.00000 0.00000 0.00017
10.06122 0.00000 0.00000 0.00000 0.00019
10.06756 0.00000 0.00000 0.00000 0.00020
10.07389 0.00000 0.00000 0.00000 0.00020
10.08023 0.00000 0.00000 0.00000 0.00020
10.08657 0.00000 0.00000 0.00000 0.00019
10.09291 0.00000 0.00000 0.00000 0.00018
10.09925 0.00000 0.00000 0.00000 0.00016
10.10559 0.00000 0.00000 0.00000 0.00015
10.11193 0.00000 0.00000 0.00000 0.00015
10.11827 0.00000 0.00000 0.00000 0.00015
10.12460 0.00000 0.00000 0.00000 0.00016
10.13094 0.00000 0.00000 0.00000 0.00017
10.13728 0.00000 0.00000 0.00000 0.00019
10.14362 0.00000 0.00000 0.00000 0.00022
10.14996 0.00000 0.00000 0.00000 0.00024
10.15630 0.00000 0.00000 0.00000 0.00026
10.16264 0.00000 0.00000 0.00000 0.00028
10.16897 0.00000 0.00000 0.00000 0.00029
10.17531 0.00000 0.00000 0.00000 0.00028
10.18165 0.00000 0.00000 0.00000 0.00027
10.18799 0.00000 0.00000 0.00000 0.00026
10.19433 0.00000 0.00000 0.00000 0.00024
10.20067 0.00000 0.00000 0.00000 0.00021
10.20701 0.00000 0.00000 0.00000 0.00018
10.21334 0.00000 0.00000 0.00000 0.00015
10.21968 0.00000 0.00000 0.00000 0.00013
10.22602 0.00000 0.00000 0.00000 0.00010
10.23236 0.00000 0.00000 0.00000 0.00008
10.23870 0.00000 0.00000 0.00000 0.00007
10.24504 0.00000 0.00000 0.00000 0.00005
10.25138 0.00000 0.00000 0.00000 0.00006
10.25771 0.00000 0.00000 0.00000 0.00008
10.26405 0.00000 0.00000 0.00000 0.00010
10.27039 0.00000 0.00000 0.00000 0.00012
10.27673 0.00000 0.00000 0.00000 0.00016
10.28307 0.00000 0.00000 0.00000 0.00019
10.28941 0.00000 0.00000 0.00000 0.00021
10.29575 0.00000 0.00000 0.00000 0.00022
10.30209 0.00000 0.00000 0.00000 0.00023
10.30842 0.00000 0.00000 0.00000 0.00024
10.31476 0.00000 0.00000 0.00000 0.00024
10.32110 0.00000 0.00000 0.00000 0.00023
10.32744 0.00000 0.00000 0.00000 0.00022
10.33378 0.00000 0.00000 0.00000 0.00021
10.34012 0.00000 0.00000 0.00000 0.00020
10.34646 0.00000 0.00000 0.00000 0.00020
10.35279 0.00000 0.00000 0.00000 0.00020
10.35913 0.00000 0.00000 0.00000 0.00020
10.36547 0.00000 0.00000 0.00000 0.00020
10.37181 0.00000 0.00000 0.00000 0.00020
10.37815 0.00000 0.00000 0.00000 0.00021
10.38449 0.00000 0.00000 0.00000 0.00022
10.39083 0.00000 0.00000 0.00000 0.00023
10.39716 0.00000 0.00000 0.00000 0.00024
10.40350 0.00000 0.00000 0.00000 0.00025
10.40984 0.00000 0.00000 0.00000 0.00027
10.41618 0.00000 0.00000 0.00000 0.00027
10.42252 0.00000 0.00000 0.00000 0.00027
10.42886 0.00000 0.00000 0.00000 0.00027
10.43520 0.00000 0.00000 0.00000 0.00027
10.44153 0.00000 0.00000 0.00000 0.00027
10.44787 0.00000 0.00000 0.00000 0.00026
10.45421 0.00000 0.00000 0.00000 0.00026
10.46055 0.00000 0.00000 0.00000 0.00026
10.46689 0.00000 0.00000 0.00000 0.00025
10.47323 0.00000 0.00000 0.00000 0.00025
10.47957 0.00000 0.00000 0.00000 0.00024
10.48590 0.00000 0.00000 0.00000 0.00022
10.49224 0.00000 0.00000 0.00000 0.00020
10.49858 0.00000 0.00000 0.00000 0.00000
10.50492 0.00000 0.00000 0.00000 0.00000
10.51126 0.00000 0.00000 0.00000 0.00000
10.51760 0.00000 0.00000 0.00000 0.00000
10.52394 0.00000 0.00000 0.00000 0.00000
10.53028 0.00000 0.00000 0.00000 0.00000
10.53661 0.00000 0.00000 0.00000 0.00000
10.54295 0.00000 0.00000 0.00000 0.00000
10.54929 0.00000 0.00000 0.00000 0.00000
10.55563 0.00000 0.00000 0.00000 0.00000
10.56197 0.00000 0.00000 0.00000 0.00000
10.56831 0.00000 0.00000 0.00000 0.00000
10.57465 0.00000 0.00000 0.00000 0.00000
10.58098 0.00000 0.00000 0.00000 0.00000
10.58732 0.00000 0.00000 0.00000 0.00000
10.59366 0.00000 0.00000 0.00000 0.00000
10.60000 0.00000 0.00000 0.00000 0.00000
