#wave      u        g       r       i     z
0.29800 0.00000 0.00000 0.00000 0.00000 0.00000
0.30215 0.00036 0.00000 0.00000 0.00000 0.00000
0.30629 0.00171 0.00000 0.00000 0.00000 0.00000
0.31044 0.00513 0.00000 0.00000 0.00000 0.00000
0.31458 0.01361 0.00000 0.00000 0.00000 0.00000
0.31873 0.02642 0.00000 0.00000 0.00000 0.00000
0.32287 0.04009 0.00000 0.00000 0.00000 0.00000
0.32702 0.05312 0.00000 0.00000 0.00000 0.00000
0.33117 0.06516 0.00000 0.00000 0.00000 0.00000
0.33531 0.07518 0.00000 0.00000 0.00000 0.00000
0.33946 0.08292 0.00000 0.00000 0.00000 0.00000
0.34360 0.08912 0.00000 0.00000 0.00000 0.00000
0.34775 0.09548 0.00000 0.00000 0.00000 0.00000
0.35189 0.10166 0.00000 0.00000 0.00000 0.00000
0.35604 0.10459 0.00000 0.00000 0.00000 0.00000
0.36019 0.10617 0.00000 0.00000 0.00000 0.00000
0.36433 0.10803 0.00016 0.00000 0.00000 0.00000
0.36848 0.10802 0.00090 0.00000 0.00000 0.00000
0.37262 0.10300 0.00181 0.00000 0.00000 0.00000
0.37677 0.09259 0.00291 0.00000 0.00000 0.00000
0.38091 0.07679 0.00630 0.00000 0.00000 0.00000
0.38506 0.05706 0.01780 0.00000 0.00000 0.00000
0.38921 0.03431 0.04061 0.00000 0.00000 0.00000
0.39335 0.01352 0.07161 0.00000 0.00000 0.00000
0.39750 0.00486 0.10782 0.00000 0.00000 0.00000
0.40164 0.00165 0.14348 0.00000 0.00000 0.00000
0.40579 0.00058 0.17395 0.00000 0.00000 0.00000
0.40993 0.00025 0.19736 0.00000 0.00000 0.00000
0.41408 0.00000 0.21584 0.00000 0.00000 0.00000
0.41823 0.00000 0.23080 0.00000 0.00000 0.00000
0.42237 0.00000 0.24304 0.00000 0.00000 0.00000
0.42652 0.00000 0.25378 0.00000 0.00000 0.00000
0.43066 0.00000 0.26368 0.00000 0.00000 0.00000
0.43481 0.00000 0.27315 0.00000 0.00000 0.00000
0.43895 0.00000 0.28205 0.00000 0.00000 0.00000
0.44310 0.00000 0.29006 0.00000 0.00000 0.00000
0.44725 0.00000 0.29672 0.00000 0.00000 0.00000
0.45139 0.00000 0.30299 0.00000 0.00000 0.00000
0.45554 0.00000 0.30977 0.00000 0.00000 0.00000
0.45968 0.00000 0.31700 0.00000 0.00000 0.00000
0.46383 0.00000 0.32349 0.00000 0.00000 0.00000
0.46797 0.00000 0.32837 0.00000 0.00000 0.00000
0.47212 0.00000 0.33200 0.00000 0.00000 0.00000
0.47627 0.00000 0.33515 0.00000 0.00000 0.00000
0.48041 0.00000 0.33823 0.00000 0.00000 0.00000
0.48456 0.00000 0.34167 0.00000 0.00000 0.00000
0.48870 0.00000 0.34548 0.00000 0.00000 0.00000
0.49285 0.00000 0.34936 0.00000 0.00000 0.00000
0.49699 0.00000 0.35322 0.00000 0.00000 0.00000
0.50114 0.00000 0.35669 0.00000 0.00000 0.00000
0.50529 0.00000 0.35956 0.00000 0.00000 0.00000
0.50943 0.00000 0.36113 0.00000 0.00000 0.00000
0.51358 0.00000 0.36058 0.00000 0.00000 0.00000
0.51772 0.00000 0.35825 0.00000 0.00000 0.00000
0.52187 0.00000 0.34999 0.00000 0.00000 0.00000
0.52602 0.00000 0.31143 0.00000 0.00000 0.00000
0.53016 0.00000 0.24025 0.00000 0.00000 0.00000
0.53431 0.00000 0.15845 0.00000 0.00000 0.00000
0.53845 0.00000 0.08453 0.00025 0.00000 0.00000
0.54260 0.00000 0.03357 0.00853 0.00000 0.00000
0.54674 0.00000 0.01391 0.03774 0.00000 0.00000
0.55089 0.00000 0.00728 0.08660 0.00000 0.00000
0.55504 0.00000 0.00353 0.15434 0.00000 0.00000
0.55918 0.00000 0.00182 0.23112 0.00000 0.00000
0.56333 0.00000 0.00117 0.30209 0.00000 0.00000
0.56747 0.00000 0.00092 0.35493 0.00000 0.00000
0.57162 0.00000 0.00071 0.39127 0.00000 0.00000
0.57576 0.00000 0.00048 0.41582 0.00000 0.00000
0.57991 0.00000 0.00015 0.43141 0.00000 0.00000
0.58406 0.00000 0.00000 0.44165 0.00000 0.00000
0.58820 0.00000 0.00000 0.44921 0.00000 0.00000
0.59235 0.00000 0.00000 0.45536 0.00000 0.00000
0.59649 0.00000 0.00000 0.46129 0.00000 0.00000
0.60064 0.00000 0.00000 0.46663 0.00000 0.00000
0.60478 0.00000 0.00000 0.46990 0.00000 0.00000
0.60893 0.00000 0.00000 0.47132 0.00000 0.00000
0.61308 0.00000 0.00000 0.47275 0.00000 0.00000
0.61722 0.00000 0.00000 0.47598 0.00000 0.00000
0.62137 0.00000 0.00000 0.48014 0.00000 0.00000
0.62551 0.00000 0.00000 0.48441 0.00000 0.00000
0.62966 0.00000 0.00000 0.48803 0.00000 0.00000
0.63380 0.00000 0.00000 0.49043 0.00000 0.00000
0.63795 0.00000 0.00000 0.49119 0.00000 0.00000
0.64210 0.00000 0.00000 0.49120 0.00000 0.00000
0.64624 0.00000 0.00000 0.49143 0.00016 0.00000
0.65039 0.00000 0.00000 0.49121 0.00040 0.00000
0.65453 0.00000 0.00000 0.48869 0.00034 0.00000
0.65868 0.00000 0.00000 0.48428 0.00033 0.00000
0.66282 0.00000 0.00000 0.47055 0.00086 0.00000
0.66697 0.00000 0.00000 0.41788 0.00278 0.00000
0.67112 0.00000 0.00000 0.33574 0.00676 0.00000
0.67526 0.00000 0.00000 0.23759 0.01853 0.00000
0.67941 0.00000 0.00000 0.13981 0.04661 0.00000
0.68355 0.00000 0.00000 0.06191 0.09109 0.00000
0.68770 0.00000 0.00000 0.02323 0.14841 0.00000
0.69184 0.00000 0.00000 0.01152 0.21953 0.00000
0.69599 0.00000 0.00000 0.00719 0.29307 0.00000
0.70014 0.00000 0.00000 0.00413 0.34637 0.00000
0.70428 0.00000 0.00000 0.00234 0.38774 0.00000
0.70843 0.00000 0.00000 0.00145 0.41741 0.00000
0.71257 0.00000 0.00000 0.00103 0.41766 0.00000
0.71672 0.00000 0.00000 0.00055 0.38538 0.00000
0.72086 0.00000 0.00000 0.00017 0.38368 0.00000
0.72501 0.00000 0.00000 0.00000 0.38971 0.00000
0.72916 0.00000 0.00000 0.00000 0.38243 0.00000
0.73330 0.00000 0.00000 0.00000 0.38826 0.00000
0.73745 0.00000 0.00000 0.00000 0.38323 0.00000
0.74159 0.00000 0.00000 0.00000 0.37748 0.00000
0.74574 0.00000 0.00000 0.00000 0.37226 0.00000
0.74988 0.00000 0.00000 0.00000 0.36335 0.00000
0.75403 0.00000 0.00000 0.00000 0.35605 0.00000
0.75818 0.00000 0.00000 0.00000 0.33369 0.00000
0.76232 0.00000 0.00000 0.00000 0.19269 0.00000
0.76647 0.00000 0.00000 0.00000 0.29003 0.00000
0.77061 0.00000 0.00000 0.00000 0.32545 0.00000
0.77476 0.00000 0.00000 0.00000 0.31920 0.00000
0.77890 0.00000 0.00000 0.00000 0.31102 0.00010
0.78305 0.00000 0.00000 0.00000 0.30251 0.00010
0.78720 0.00000 0.00000 0.00000 0.29556 0.00020
0.79134 0.00000 0.00000 0.00000 0.29193 0.00037
0.79549 0.00000 0.00000 0.00000 0.29210 0.00070
0.79963 0.00000 0.00000 0.00000 0.29244 0.00149
0.80378 0.00000 0.00000 0.00000 0.28786 0.00311
0.80792 0.00000 0.00000 0.00000 0.27605 0.00565
0.81207 0.00000 0.00000 0.00000 0.25069 0.00960
0.81622 0.00000 0.00000 0.00000 0.19759 0.01502
0.82036 0.00000 0.00000 0.00000 0.12988 0.02196
0.82451 0.00000 0.00000 0.00000 0.07213 0.03030
0.82865 0.00000 0.00000 0.00000 0.03362 0.03987
0.83280 0.00000 0.00000 0.00000 0.01251 0.05058
0.83694 0.00000 0.00000 0.00000 0.00564 0.05865
0.84109 0.00000 0.00000 0.00000 0.00299 0.06441
0.84524 0.00000 0.00000 0.00000 0.00137 0.06912
0.84938 0.00000 0.00000 0.00000 0.00094 0.07275
0.85353 0.00000 0.00000 0.00000 0.00088 0.07547
0.85767 0.00000 0.00000 0.00000 0.00054 0.07737
0.86182 0.00000 0.00000 0.00000 0.00009 0.07841
0.86596 0.00000 0.00000 0.00000 0.00000 0.07866
0.87011 0.00000 0.00000 0.00000 0.00000 0.07808
0.87426 0.00000 0.00000 0.00000 0.00000 0.07675
0.87840 0.00000 0.00000 0.00000 0.00000 0.07489
0.88255 0.00000 0.00000 0.00000 0.00000 0.07257
0.88669 0.00000 0.00000 0.00000 0.00000 0.07008
0.89084 0.00000 0.00000 0.00000 0.00000 0.06683
0.89498 0.00000 0.00000 0.00000 0.00000 0.05915
0.89913 0.00000 0.00000 0.00000 0.00000 0.05353
0.90328 0.00000 0.00000 0.00000 0.00000 0.05229
0.90742 0.00000 0.00000 0.00000 0.00000 0.05143
0.91157 0.00000 0.00000 0.00000 0.00000 0.04896
0.91571 0.00000 0.00000 0.00000 0.00000 0.04733
0.91986 0.00000 0.00000 0.00000 0.00000 0.04805
0.92401 0.00000 0.00000 0.00000 0.00000 0.04643
0.92815 0.00000 0.00000 0.00000 0.00000 0.03873
0.93230 0.00000 0.00000 0.00000 0.00000 0.02959
0.93644 0.00000 0.00000 0.00000 0.00000 0.02666
0.94059 0.00000 0.00000 0.00000 0.00000 0.02827
0.94473 0.00000 0.00000 0.00000 0.00000 0.02604
0.94888 0.00000 0.00000 0.00000 0.00000 0.02534
0.95303 0.00000 0.00000 0.00000 0.00000 0.02460
0.95717 0.00000 0.00000 0.00000 0.00000 0.02493
0.96132 0.00000 0.00000 0.00000 0.00000 0.02603
0.96546 0.00000 0.00000 0.00000 0.00000 0.02739
0.96961 0.00000 0.00000 0.00000 0.00000 0.02739
0.97375 0.00000 0.00000 0.00000 0.00000 0.02472
0.97790 0.00000 0.00000 0.00000 0.00000 0.02274
0.98205 0.00000 0.00000 0.00000 0.00000 0.02183
0.98619 0.00000 0.00000 0.00000 0.00000 0.02047
0.99034 0.00000 0.00000 0.00000 0.00000 0.01838
0.99448 0.00000 0.00000 0.00000 0.00000 0.01645
0.99863 0.00000 0.00000 0.00000 0.00000 0.01462
1.00277 0.00000 0.00000 0.00000 0.00000 0.01289
1.00692 0.00000 0.00000 0.00000 0.00000 0.01123
1.01107 0.00000 0.00000 0.00000 0.00000 0.00972
1.01521 0.00000 0.00000 0.00000 0.00000 0.00839
1.01936 0.00000 0.00000 0.00000 0.00000 0.00712
1.02350 0.00000 0.00000 0.00000 0.00000 0.00598
1.02765 0.00000 0.00000 0.00000 0.00000 0.00507
1.03179 0.00000 0.00000 0.00000 0.00000 0.00429
1.03594 0.00000 0.00000 0.00000 0.00000 0.00363
1.04009 0.00000 0.00000 0.00000 0.00000 0.00305
1.04423 0.00000 0.00000 0.00000 0.00000 0.00260
1.04838 0.00000 0.00000 0.00000 0.00000 0.00227
1.05252 0.00000 0.00000 0.00000 0.00000 0.00194
1.05667 0.00000 0.00000 0.00000 0.00000 0.00175
1.06081 0.00000 0.00000 0.00000 0.00000 0.00159
1.06496 0.00000 0.00000 0.00000 0.00000 0.00142
1.06911 0.00000 0.00000 0.00000 0.00000 0.00126
1.07325 0.00000 0.00000 0.00000 0.00000 0.00109
1.07740 0.00000 0.00000 0.00000 0.00000 0.00092
1.08154 0.00000 0.00000 0.00000 0.00000 0.00080
1.08569 0.00000 0.00000 0.00000 0.00000 0.00069
1.08983 0.00000 0.00000 0.00000 0.00000 0.00060
1.09398 0.00000 0.00000 0.00000 0.00000 0.00056
1.09813 0.00000 0.00000 0.00000 0.00000 0.00049
1.10227 0.00000 0.00000 0.00000 0.00000 0.00040
1.10642 0.00000 0.00000 0.00000 0.00000 0.00030
1.11056 0.00000 0.00000 0.00000 0.00000 0.00020
1.11471 0.00000 0.00000 0.00000 0.00000 0.00013
1.11885 0.00000 0.00000 0.00000 0.00000 0.00007
1.12300 0.00000 0.00000 0.00000 0.00000 0.00000
