 0.400000    0.003000
 0.405000    0.003000
 0.410000    0.003000
 0.415000    0.003000
 0.420000    0.003000
 0.425000    0.003000
 0.430000    0.003000
 0.435000    0.003000
 0.440000    0.003000
 0.445000    0.003000
 0.450000    0.003000
 0.455000    0.003000
 0.460000    0.003000
 0.465000    0.003000
 0.470000    0.003199
 0.475000    0.003844
 0.480000    0.004488
 0.485000    0.004859
 0.490000    0.004178
 0.495000    0.003496
 0.500000    0.003000
 0.505000    0.003000
 0.510000    0.003000
 0.515000    0.004008
 0.520000    0.039235
 0.525000    0.996974
 0.530000    0.996023
 0.535000    0.994000
 0.540000    0.994000
 0.545000    0.994000
 0.550000    0.995723
 0.555000    0.995587
 0.560000    0.992000
 0.565000    0.992000
 0.570000    0.993406
 0.575000    0.993255
 0.580000    0.074370
 0.585000    0.004050
 0.590000    0.000273
 0.595000    0.000435
 0.600000    0.000435
 0.605000    0.000435
 0.610000    0.000435
 0.615000    0.000435
 0.620000    0.000435
 0.625000    0.000435
 0.630000    0.000435
 0.635000    0.000435
 0.640000    0.000435
 0.645000    0.000435
 0.650000    0.000435
 0.655000    0.000435
 0.660000    0.000435
 0.665000    0.000418
 0.670000    0.000121
 0.675000    0.000176
 0.680000    0.000473
