 0.610000    0.000599
 0.615000    0.000083
 0.620000    0.000764
 0.625000    0.001446
 0.630000    0.002127
 0.635000    0.002809
 0.640000    0.003000
 0.645000    0.003000
 0.650000    0.003000
 0.655000    0.003000
 0.660000    0.002886
 0.665000    0.000064
 0.670000    0.018296
 0.675000    0.611667
 0.680000    0.985283
 0.685000    0.992554
 0.690000    0.994075
 0.695000    0.995000
 0.700000    0.995000
 0.705000    0.995000
 0.710000    0.995000
 0.715000    0.995000
 0.720000    0.995000
 0.725000    0.995000
 0.730000    0.988829
 0.735000    0.344832
 0.740000    0.010198
 0.745000    0.005004
 0.750000    0.001000
 0.755000    0.001000
 0.760000    0.001000
 0.765000    0.001000
 0.770000    0.001000
 0.775000    0.001000
 0.780000    0.001000
 0.785000    0.001000
 0.790000    0.001000
 0.795000    0.001000
 0.800000    0.001000
 0.805000    0.001000
 0.810000    0.001000
 0.815000    0.001041
 0.820000    0.001298
 0.825000    0.001555
 0.830000    0.001813
