Wavelength_microns Throughput
0.5501500244140625 2.151780429122797e-09
0.5511500244140625 3.071955127778817e-09
0.5521500244140625 3.799007785175017e-09
0.5531500244140625 4.7023282135101855e-09
0.5541500244140625 4.577575308291389e-09
0.5551500244140625 4.857515874210595e-09
0.5561500244140625 5.0612475268233324e-09
0.5571500244140625 4.8798559721918266e-09
0.5581500244140625 3.318722535153677e-09
0.5591500244140625 1.804494129327569e-09
0.5601500244140625 1.9433774637711886e-09
0.5611500244140625 2.770024022905861e-09
0.5621500244140625 2.851388420745584e-09
0.5631500244140625 2.871676441541419e-09
0.5641500244140625 3.4460500469988954e-09
0.5651500244140625 4.447550358039807e-09
0.5661500244140625 6.5392668683149076e-09
0.5671500244140625 7.4357749697323974e-09
0.5681500244140625 9.902694355783715e-09
0.5691500244140625 9.583405445424869e-09
0.5701500244140625 1.1084100786079818e-08
0.5711500244140625 1.0992631045800633e-08
0.5721500244140625 1.2521766172969643e-08
0.5731500244140625 1.1546391423475484e-08
0.5741500244140625 9.29666069656745e-09
0.5751500244140625 8.084035255083215e-09
0.5761500244140625 8.944758694751108e-09
0.5771500244140625 1.0492205320215502e-08
0.5781500244140625 1.0465888205411215e-08
0.5791500244140625 1.0803161400592866e-08
0.5801500244140625 1.3177301022031044e-08
0.5811500244140625 1.701014349339744e-08
0.5821500244140625 1.9335254800912154e-08
0.5831500244140625 2.1690719321897082e-08
0.5841500244140625 2.0908416795643857e-08
0.5851500244140625 1.9887315152073446e-08
0.5861500244140625 1.8574697974533096e-08
0.5871500244140625 2.3835505642393215e-08
0.5881500244140625 3.014787579890345e-08
0.5891500244140625 3.347251262369985e-08
0.5901500244140625 3.6937850447044165e-08
0.5911500244140625 4.158805155844173e-08
0.5921500244140625 4.802297664634215e-08
0.5931500244140625 5.253101566045121e-08
0.5941500244140625 6.649569569097951e-08
0.5951500244140625 7.910891145351659e-08
0.5961500244140625 9.901334250724193e-08
0.5971500244140625 1.780081371266297e-07
0.5981500244140625 4.843622698889112e-07
0.5991500244140625 1.8096474042790745e-06
0.6001500244140625 6.117119991983629e-06
0.6011500244140625 2.3089881737996292e-05
0.6021500244140625 0.00012231326927237638
0.6031500244140625 0.0005112642917007894
0.6041500244140625 0.00202331797799643
0.6051500244140625 0.006740059731893698
0.6061500244140625 0.016225500028255634
0.6071500244140625 0.030508976338059737
0.6081500244140625 0.04677960531784079
0.6091500244140625 0.06109593207231637
0.6101500244140625 0.0711553940088837
0.6111500244140625 0.07685724927633314
0.6121500244140625 0.08082766709714938
0.6131500244140625 0.0849204198740606
0.6141500244140625 0.09028104534095244
0.6151500244140625 0.09651848761195626
0.6161500244140625 0.1029227447152724
0.6171500244140625 0.1088690954455862
0.6181500244140625 0.1140546844404263
0.6191500244140625 0.11861842013980704
0.6201500244140625 0.1224985499366525
0.6211500244140625 0.12504181092862837
0.6221500244140625 0.1268634480730977
0.6231500244140625 0.12800876925317375
0.6241500244140625 0.1295388362899916
0.6251500244140625 0.1311960375604203
0.6261500244140625 0.13242732163479448
0.6271500244140625 0.13365565175734978
0.6281500244140625 0.13465421820717793
0.6291500244140625 0.1352627347871457
0.6301500244140625 0.13594220485447164
0.6311500244140625 0.13662821585840298
0.6321500244140625 0.1378317736858647
0.6331500244140625 0.14007125355456954
0.6341500244140625 0.1428131755974013
0.6351500244140625 0.14546714604745212
0.6361500244140625 0.14769928437975552
0.6371500244140625 0.14917171625729952
0.6381500244140625 0.1502303881701169
0.6391500244140625 0.15134700204126733
0.6401500244140625 0.15268204369072827
0.6411500244140625 0.1546538504310778
0.6421500244140625 0.15667265918818474
0.6431500244140625 0.1582032409831
0.6441500244140625 0.15903109803474358
0.6451500244140626 0.1594844093409419
0.6461500244140626 0.1600946219947432
0.6471500244140626 0.16117920593510188
0.6481500244140626 0.16295797118103503
0.6491500244140626 0.16501337407164052
0.6501500244140626 0.16737776381894423
0.6511500244140624 0.16925460782019253
0.6521500244140624 0.17043863374060994
0.6531500244140624 0.17093655148932155
0.6541500244140624 0.17069525606002015
0.6551500244140624 0.16984388497975858
0.6561500244140624 0.16903923448548716
0.6571500244140625 0.1680666629506748
0.6581500244140625 0.16733921446402422
0.6591500244140625 0.16706809024892597
0.6601500244140625 0.1673895944477774
0.6611500244140625 0.16801773829906091
0.6621500244140625 0.16959393947620657
0.6631500244140625 0.1719580098181231
0.6641500244140625 0.17466913731481257
0.6651500244140625 0.17685637866601459
0.6661500244140625 0.1781340148906366
0.6671500244140625 0.17830974790660967
0.6681500244140625 0.1783233353298707
0.6691500244140625 0.17871656864520447
0.6701500244140625 0.17915963592663545
0.6711500244140625 0.17962218549531397
0.6721500244140625 0.1801035535642327
0.6731500244140625 0.18099348000241064
0.6741500244140625 0.1816302638842392
0.6751500244140625 0.1819872016302754
0.6761500244140625 0.18255022325998302
0.6771500244140625 0.1833556828830132
0.6781500244140625 0.18419338784355221
0.6791500244140625 0.18572604026479575
0.6801500244140625 0.18759899350404188
0.6811500244140625 0.18891140183772373
0.6821500244140625 0.18945413963490615
0.6831500244140625 0.1894898863383258
0.6841500244140625 0.1900942240309864
0.6851500244140625 0.1906768750719231
0.6861500244140625 0.1917368464023207
0.6871500244140625 0.19277037736052136
0.6881500244140625 0.19430450775673147
0.6891500244140625 0.1962921381138721
0.6901500244140625 0.1977385517300016
0.6911500244140625 0.19788560778559608
0.6921500244140625 0.19649333151385864
0.6931500244140625 0.19381798210794537
0.6941500244140625 0.19045628232103082
0.6951500244140625 0.18704032627813433
0.6961500244140625 0.18487587252701768
0.6971500244140625 0.1846062968952777
0.6981500244140625 0.18625743315120616
0.6991500244140625 0.18953017298364896
0.7001500244140625 0.19352185973643937
0.7011500244140625 0.19771839283762074
0.7021500244140625 0.20042963465951877
0.7031500244140625 0.2024799861051564
0.7041500244140625 0.20358276879965362
0.7051500244140625 0.20375148477991928
0.7061500244140625 0.2044138499088886
0.7071500244140625 0.20520302595035875
0.7081500244140625 0.2068726123717954
0.7091500244140625 0.20867085870807195
0.7101500244140625 0.20881678375911353
0.7111500244140625 0.20776194769551928
0.7121500244140625 0.2052609136720732
0.7131500244140625 0.20309146671382888
0.7141500244140625 0.20230288947667305
0.7151500244140625 0.2030669842493177
0.7161500244140625 0.20372286930651595
0.7171500244140625 0.20297449997688488
0.7181500244140625 0.2002979315257174
0.7191500244140625 0.1965026212960004
0.7201500244140625 0.1934107802673308
0.7211500244140625 0.19271317900506288
0.7221500244140625 0.19547358061802808
0.7231500244140625 0.20102774062211823
0.7241500244140625 0.20771302900403957
0.7251500244140625 0.2143178725154745
0.7261500244140625 0.2199987371166853
0.7271500244140625 0.2241520921665798
0.7281500244140625 0.2267101396662784
0.7291500244140625 0.22842520593951168
0.7301500244140625 0.22905213147019618
0.7311500244140625 0.2277317247856815
0.7321500244140625 0.22534982965452732
0.7331500244140625 0.22203145755395617
0.7341500244140625 0.21822690126665253
0.7351500244140625 0.21507278649065303
0.7361500244140625 0.21312188807289387
0.7371500244140625 0.21256060763624335
0.7381500244140625 0.21349233286550776
0.7391500244140625 0.21492427851373672
0.7401500244140625 0.21568514522668392
0.7411500244140625 0.21620679373256246
0.7421500244140625 0.2169809940359746
0.7431500244140625 0.21947626734966455
0.7441500244140625 0.22385774472845468
0.7451500244140625 0.22902745862225266
0.7461500244140625 0.2333521985067096
0.7471500244140625 0.23728878398178238
0.7481500244140625 0.23979663426830516
0.7491500244140625 0.24204888205716843
0.7501500244140625 0.24334339832246804
0.7511500244140625 0.24386249409008667
0.7521500244140625 0.24293906765347922
0.7531500244140625 0.23964685221914775
0.7541500244140625 0.2352185843233212
0.7551500244140625 0.2302527211646872
0.7561500244140625 0.2266085155307005
0.7571500244140625 0.22518469733299523
0.7581500244140625 0.22562840918644075
0.7591500244140625 0.22603100606691057
0.7601500244140625 0.22627698365247503
0.7611500244140625 0.22638934882297443
0.7621500244140625 0.2271849440598321
0.7631500244140625 0.2303386202055454
0.7641500244140625 0.2351830821217431
0.7651500244140625 0.24118793253750112
0.7661500244140625 0.24651598618261095
0.7671500244140625 0.25034035559532747
0.7681500244140625 0.2516022657432782
0.7691500244140625 0.2513741682628236
0.7701500244140626 0.2503151891043594
0.7711500244140626 0.2485867723513225
0.7721500244140626 0.24692111881375628
0.7731500244140626 0.24443632832752737
0.7741500244140626 0.24212524082943837
0.7751500244140626 0.23986991003944252
0.7761500244140624 0.23803530973340323
0.7771500244140624 0.23455147694430348
0.7781500244140624 0.22726238292286868
0.7791500244140624 0.2143527231788201
0.7801500244140624 0.19525839184922292
0.7811500244140624 0.17040956962884826
0.7821500244140625 0.14162788234302995
0.7831500244140625 0.11181906781471358
0.7841500244140625 0.08407071928604341
0.7851500244140625 0.06039649500696562
0.7861500244140625 0.04165100759936126
0.7871500244140625 0.027913935117277057
0.7881500244140625 0.01854227128926455
0.7891500244140625 0.012409112680514155
0.7901500244140625 0.008595470182195995
0.7911500244140625 0.006021106965637452
0.7921500244140625 0.004298859321641312
0.7931500244140625 0.0030061756366914077
0.7941500244140625 0.0021261053715672337
0.7951500244140625 0.001530192532802546
0.7961500244140625 0.0011091190845333514
0.7971500244140625 0.0008068054292176124
0.7981500244140625 0.0005879946002739948
0.7991500244140625 0.00043216412092138295
0.8001500244140625 0.00032065611259741024
0.8011500244140625 0.00023864827257447026
0.8021500244140625 0.00017843652116558535
0.8031500244140625 0.00013470842110045294
0.8041500244140625 0.00010329710059989323
0.8051500244140625 8.054601407043056e-05
0.8061500244140625 6.407774306996906e-05
0.8071500244140625 5.1864735500449936e-05
0.8081500244140625 4.265283012431351e-05
0.8091500244140625 3.544944884279771e-05
0.8101500244140625 2.9644322802207137e-05
0.8111500244140625 2.4905525758637445e-05
0.8121500244140625 2.1506352669847177e-05
0.8131500244140625 1.908529464849923e-05
0.8141500244140625 1.7351398860400082e-05
0.8151500244140625 1.585432679999193e-05
0.8161500244140625 1.4708639089471958e-05
0.8171500244140625 1.3697933513746247e-05
0.8181500244140625 1.2954634190786197e-05
0.8191500244140625 1.2205683623909538e-05
0.8201500244140625 1.1599168186045596e-05
0.8211500244140625 1.0998217042167401e-05
0.8221500244140625 1.0654176694880458e-05
0.8231500244140625 1.0415383796296321e-05
0.8241500244140625 1.0329740772703568e-05
0.8251500244140625 1.0159096202665746e-05
0.8261500244140625 1.0034441956828767e-05
0.8271500244140625 9.863409462932719e-06
0.8281500244140625 9.801694927714289e-06
0.8291500244140625 9.605702843510624e-06
0.8301500244140625 9.285216694374321e-06
0.8311500244140625 8.928762909106243e-06
0.8321500244140625 8.821143643283577e-06
0.8331500244140625 9.01629581392039e-06
0.8341500244140625 9.213572304281708e-06
0.8351500244140625 9.059281521156433e-06
0.8361500244140625 8.394899594408077e-06
0.8371500244140625 7.525327085930641e-06
0.8381500244140625 6.740526760629459e-06
0.8391500244140625 6.465190038767314e-06
0.8401500244140625 6.719964854377094e-06
0.8411500244140625 7.332156402500395e-06
0.8421500244140625 7.896510219800107e-06
0.8431500244140625 8.033075916891027e-06
0.8441500244140625 7.879612333210272e-06
0.8451500244140625 7.2922584013979935e-06
0.8461500244140625 6.679629079584744e-06
0.8471500244140625 5.856361110201835e-06
0.8481500244140625 5.258546797455779e-06
0.8491500244140625 4.838846610692313e-06
0.8501500244140625 5.004230933564273e-06
0.8511500244140625 5.709015695495982e-06
0.8521500244140625 6.5631810882988655e-06
0.8531500244140625 6.9538267057895304e-06
0.8541500244140625 6.405049582947989e-06
0.8551500244140625 5.315512604450291e-06
0.8561500244140625 4.267055370224757e-06
0.8571500244140625 4.148942078984212e-06
0.8581500244140625 4.674523586537777e-06
0.8591500244140625 5.3763590516846784e-06
0.8601500244140625 5.765814596166498e-06
0.8611500244140625 5.38428218738293e-06
0.8621500244140625 4.672752520542059e-06
0.8631500244140625 4.193495227244561e-06
0.8641500244140625 4.076850285004798e-06
0.8651500244140625 4.332809235493226e-06
0.8661500244140625 3.967110931029067e-06
0.8671500244140625 3.2371252981715216e-06
0.8681500244140625 2.3083567511089324e-06
0.8691500244140625 1.4616141203647297e-06
0.8701500244140625 1.3754093679890708e-06
0.8711500244140625 1.580582944903066e-06
0.8721500244140625 2.4523648502430567e-06
0.8731500244140625 3.0034947870059813e-06
0.8741500244140625 2.9600835130158307e-06
0.8751500244140625 1.9623776226249765e-06
0.8761500244140625 9.77418223579119e-07
0.8771500244140625 5.884512430029039e-07
0.8781500244140625 7.122930694484315e-07
0.8791500244140625 1.0699099762461811e-06
0.8801500244140625 1.3881517410788648e-06
0.8811500244140625 1.815743229319616e-06
0.8821500244140625 1.5639121484068416e-06
0.8831500244140625 1.302479311199344e-06
0.8841500244140625 1.0790538670081322e-06
0.8851500244140625 1.1795913572809896e-06
0.8861500244140625 1.0418644779012663e-06
0.8871500244140625 6.567134925653401e-07
0.8881500244140625 3.4772933418909986e-07
0.8891500244140625 5.029302398247901e-07
0.8901500244140625 5.666684000363856e-07
0.8911500244140625 8.805298141068627e-07
0.8921500244140625 8.833168718519029e-07
0.8931500244140625 9.417220237346593e-07
0.8941500244140625 6.088293034713601e-07
0.8951500244140626 1.3021668516942031e-06
0.8961500244140626 2.131486792373179e-06
0.8971500244140626 7.07898509812818e-06
0.8981500244140626 1.0713807974767996e-05
0.8991500244140626 1.4041428963164158e-05
0.9001500244140626 1.2989906743725198e-05
0.9011500244140624 1.2348087091696062e-05
0.9021500244140624 1.2436284913511867e-05
0.9031500244140624 1.2129912582602133e-05
0.9041500244140624 1.1959166959809791e-05
0.9051500244140624 1.118619241653289e-05
0.9061500244140624 1.2263977545023179e-05
0.9071500244140625 1.3155689420271484e-05
0.9081500244140625 1.3420067376112023e-05
0.9091500244140625 1.2447181925647098e-05
0.9101500244140625 1.1236122250416522e-05
0.9111500244140625 1.1226192614066655e-05
0.9121500244140625 1.0743549109190011e-05
0.9131500244140625 1.0425861616939466e-05
0.9141500244140625 9.94520981314492e-06
0.9151500244140625 1.0188992422175966e-05
0.9161500244140625 1.0101830841447172e-05
0.9171500244140625 9.872288091553075e-06
0.9181500244140625 9.647566746047417e-06
0.9191500244140625 9.299926788124542e-06
0.9201500244140625 8.822342722576255e-06
0.9211500244140625 8.908320381255605e-06
0.9221500244140625 9.06186469793663e-06
0.9231500244140625 8.94363858074006e-06
0.9241500244140625 8.32966103392594e-06
0.9251500244140625 7.664461377686488e-06
0.9261500244140625 7.542141871348746e-06
0.9271500244140625 7.442734195392084e-06
0.9281500244140625 7.791439163513718e-06
0.9291500244140625 7.57496070374163e-06
0.9301500244140625 7.581327975551282e-06
0.9311500244140625 7.324995442902026e-06
0.9321500244140625 7.735180816623848e-06
0.9331500244140625 7.911026630050796e-06
0.9341500244140625 8.256587103352005e-06
0.9351500244140625 7.977291535633635e-06
0.9361500244140625 7.4083047482002425e-06
0.9371500244140625 7.284606670902607e-06
0.9381500244140625 6.941218256987376e-06
0.9391500244140625 6.780731701806953e-06
0.9401500244140625 6.577572853916612e-06
0.9411500244140625 6.567244276742368e-06
0.9421500244140625 6.892647002706059e-06
0.9431500244140625 6.490961655836615e-06
0.9441500244140625 6.393603963235028e-06
0.9451500244140625 6.182383749751074e-06
0.9461500244140625 6.006696328566147e-06
0.9471500244140625 6.1431002802995674e-06
0.9481500244140625 6.1387172332956225e-06
0.9491500244140625 6.295912663049687e-06
0.9501500244140625 5.723888642239005e-06
0.9511500244140625 5.691964802003934e-06
0.9521500244140625 5.479609364219954e-06
0.9531500244140625 5.806689284360163e-06
0.9541500244140625 5.178161545165232e-06
0.9551500244140625 5.16946593192416e-06
0.9561500244140625 5.03633814631925e-06
0.9571500244140625 5.322599674535546e-06
0.9581500244140625 5.494695883303761e-06
0.9591500244140625 5.512573369578881e-06
0.9601500244140625 5.564746054422084e-06
0.9611500244140625 5.2346525681849055e-06
0.9621500244140625 5.051537294421476e-06
0.9631500244140625 4.912728833229333e-06
0.9641500244140625 4.862847292273565e-06
0.9651500244140625 5.083534408945766e-06
0.9661500244140625 4.868553471617574e-06
0.9671500244140625 4.765049180544699e-06
0.9681500244140625 4.5585223028540196e-06
0.9691500244140625 4.603438048305195e-06
0.9701500244140625 4.636211627867368e-06
0.9711500244140625 4.622887726951085e-06
0.9721500244140625 4.435436140440069e-06
0.9731500244140625 4.2351505857923395e-06
0.9741500244140625 4.0317125964944905e-06
0.9751500244140625 4.0593464762180295e-06
0.9761500244140625 4.132890293288106e-06
0.9771500244140625 4.269374036532022e-06
0.9781500244140625 4.243966682170057e-06
0.9791500244140625 4.095381464964566e-06
0.9801500244140625 4.164606513560311e-06
0.9811500244140625 4.431227885805891e-06
0.9821500244140625 4.599216089367672e-06
0.9831500244140625 4.52508943669639e-06
0.9841500244140625 4.31460099127694e-06
0.9851500244140625 4.27222428679309e-06
0.9861500244140625 4.237900167829111e-06
0.9871500244140625 4.0343265871797375e-06
0.9881500244140625 3.992234836554427e-06
0.9891500244140625 3.9377234893354195e-06
0.9901500244140625 4.041480714241777e-06
0.9911500244140625 3.9309417219655735e-06
0.9921500244140625 3.7875329568875294e-06
0.9931500244140625 3.659120395895107e-06
0.9941500244140625 3.7233931834519456e-06
0.9951500244140625 3.631796123790677e-06
0.9961500244140625 3.843039697125366e-06
0.9971500244140625 3.881819818038481e-06
0.9981500244140625 3.848110272106217e-06
0.9991500244140625 3.6651439687112448e-06
1.0001500244140624 3.457383678701355e-06
1.0011500244140625 3.5242176055082065e-06
1.0021500244140624 3.5887599549169467e-06
1.0031500244140625 3.6405602027707693e-06
1.0041500244140624 3.676767146470259e-06
1.0051500244140625 3.665773460864472e-06
1.0061500244140624 3.652989180227991e-06
1.0071500244140625 3.636309950534535e-06
1.0081500244140624 3.474242829440038e-06
1.0091500244140625 3.601539198074077e-06
1.0101500244140624 3.56255681354499e-06
1.0111500244140625 3.740582508130495e-06
1.0121500244140624 3.517129870362378e-06
1.0131500244140625 3.541939849589961e-06
1.0141500244140624 3.445069435876926e-06
1.0151500244140625 3.3579411435419396e-06
1.0161500244140624 3.1193716689947947e-06
1.0171500244140625 2.8917286398484225e-06
1.0181500244140624 3.091022229910193e-06
1.0191500244140625 3.338454353381723e-06
1.0201500244140624 3.4464966177382615e-06
1.0211500244140626 3.564739595596854e-06
1.0221500244140624 3.4408632589559257e-06
1.0231500244140626 3.387341821105688e-06
1.0241500244140624 3.2242197225024025e-06
1.0251500244140626 3.181511437803734e-06
1.0261500244140624 3.3470384011805507e-06
1.0271500244140626 3.316461207969173e-06
1.0281500244140624 3.4624292480694913e-06
1.0291500244140626 3.305320223130113e-06
1.0301500244140624 3.2760048324291867e-06
1.0311500244140626 3.1457143639428187e-06
1.0321500244140625 3.1686273139971233e-06
1.0331500244140626 2.975221811419947e-06
1.0341500244140625 2.8379316731650156e-06
1.0351500244140626 2.7887899248885246e-06
1.0361500244140625 2.8740476381645558e-06
1.0371500244140626 3.007354064181245e-06
1.0381500244140625 3.056104091153023e-06
1.0391500244140626 3.270081254489054e-06
1.0401500244140625 3.2245649327023536e-06
1.0411500244140626 3.143342161492107e-06
1.0421500244140625 2.991135298889244e-06
1.0431500244140626 3.10055776424586e-06
1.0441500244140625 3.3370906858405715e-06
1.0451500244140626 3.2925691947634264e-06
1.0461500244140625 3.035735545124317e-06
1.0471500244140626 2.744779691426669e-06
1.0481500244140625 2.6911212329395233e-06
1.0491500244140626 2.841636620829642e-06
1.0501500244140625 2.7730985698724104e-06
1.0511500244140626 3.01677358398141e-06
1.0521500244140625 3.003782666639724e-06
1.0531500244140626 3.0947581500766285e-06
1.0541500244140625 2.9334952056950327e-06
1.0551500244140626 2.9956750866251446e-06
1.0561500244140625 3.1896344622832938e-06
1.0571500244140626 3.140895335093956e-06
1.0581500244140625 3.084235762675285e-06
1.0591500244140626 2.8428321194110815e-06
1.0601500244140625 2.910875151691047e-06
1.0611500244140626 2.862442948336556e-06
1.0621500244140625 2.9235664473736087e-06
1.0631500244140626 3.0213211980830814e-06
1.0641500244140625 2.9867510653634273e-06
1.0651500244140626 3.096874310053768e-06
1.0661500244140625 2.8430195773286872e-06
1.0671500244140626 2.8433856634054115e-06
1.0681500244140625 2.7593190379166306e-06
1.0691500244140626 2.8217838623297765e-06
1.0701500244140625 2.750378174705287e-06
1.0711500244140626 2.683288435319412e-06
1.0721500244140625 2.7060587541659256e-06
1.0731500244140626 2.7762883716708317e-06
1.0741500244140625 2.6997245969792366e-06
1.0751500244140626 2.5231201980426323e-06
1.0761500244140625 2.4034709878388767e-06
1.0771500244140626 2.582491917946883e-06
1.0781500244140625 2.7398608881794878e-06
1.0791500244140626 2.9567286777234366e-06
1.0801500244140625 2.8475653982895325e-06
1.0811500244140626 3.0510807793656567e-06
1.0821500244140625 3.047175809335683e-06
1.0831500244140626 2.9614561022508176e-06
1.0841500244140625 2.701269255646805e-06
1.0851500244140626 2.7141605418534773e-06
1.0861500244140625 2.7621497655232243e-06
1.0871500244140626 2.724616850995472e-06
1.0881500244140625 2.5733936719116377e-06
1.0891500244140624 2.756506527414595e-06
1.0901500244140625 2.7818945438141573e-06
1.0911500244140624 2.803442206161394e-06
1.0921500244140625 2.740101129691212e-06
1.0931500244140624 2.8214488196405767e-06
1.0941500244140625 2.838838288436945e-06
1.0951500244140624 2.701983731184659e-06
1.0961500244140625 2.6693339704430124e-06
1.0971500244140624 2.5022173021524386e-06
1.0981500244140625 2.6157017039626074e-06
1.0991500244140624 2.517985504191524e-06
1.1001500244140625 2.737054837115151e-06
1.1011500244140624 2.6844151738248233e-06
1.1021500244140625 2.8355692511102616e-06
1.1031500244140624 2.868491452191458e-06
1.1041500244140625 2.9156162868023304e-06
1.1051500244140624 2.9141789453803874e-06
1.1061500244140625 2.8116348334899488e-06
1.1071500244140624 2.715956905785215e-06
1.1081500244140625 2.7509469771147787e-06
1.1091500244140624 2.755902243215151e-06
1.1101500244140625 2.7647476957398395e-06
1.1111500244140624 2.691682287879163e-06
1.1121500244140625 2.714272763420974e-06
1.1131500244140624 2.8006631380929297e-06
1.1141500244140625 2.8155926270177206e-06
1.1151500244140624 2.9487204252332188e-06
1.1161500244140625 3.2022289162707413e-06
1.1171500244140624 3.4394946626398302e-06
1.1181500244140625 3.7127184046795753e-06
1.1191500244140624 3.8047913494373534e-06
1.1201500244140625 3.997406463868326e-06
1.1211500244140624 4.0847527612741154e-06
1.1221500244140625 4.37076413529773e-06
1.1231500244140624 4.3832506498155395e-06
1.1241500244140625 4.512713249146588e-06
1.1251500244140624 4.617082381943228e-06
1.1261500244140625 4.859599086994063e-06
1.1271500244140624 5.030901230626941e-06
1.1281500244140625 4.997972173255482e-06
1.1291500244140624 5.048355544234838e-06
1.1301500244140625 5.090189445540464e-06
1.1311500244140624 5.162684058205399e-06
1.1321500244140625 5.3167724526433775e-06
1.1331500244140624 5.392309558575812e-06
1.1341500244140625 5.6158638472241365e-06
1.1351500244140624 5.476553272965284e-06
1.1361500244140625 5.5549070511235925e-06
1.1371500244140624 5.280187228014773e-06
1.1381500244140625 5.269709080357788e-06
1.1391500244140624 5.120734404418534e-06
1.1401500244140625 5.194826142197619e-06
1.1411500244140624 5.2483341582258595e-06
1.1421500244140625 5.090462100536205e-06
1.1431500244140624 5.0654972052858575e-06
1.1441500244140625 4.7048627169107115e-06
1.1451500244140624 4.599505349528801e-06
1.1461500244140626 4.321568507709372e-06
1.1471500244140624 4.3393367893048815e-06
1.1481500244140626 4.150301101169753e-06
1.1491500244140624 4.060343762551533e-06
1.1501500244140626 3.992355023766894e-06
1.1511500244140624 3.810968156150641e-06
1.1521500244140626 3.5099955695082047e-06
1.1531500244140624 3.350949168148332e-06
1.1541500244140626 3.268507775134787e-06
1.1551500244140624 3.251825482679235e-06
1.1561500244140626 3.1967578705946013e-06
1.1571500244140625 3.2570425334492035e-06
1.1581500244140626 3.374673864192262e-06
1.1591500244140625 3.341874600257547e-06
1.1601500244140626 3.336206513581138e-06
1.1611500244140625 3.1430905434078516e-06
1.1621500244140626 3.125429730325768e-06
1.1631500244140625 2.9293858892030366e-06
1.1641500244140626 2.964673330629822e-06
1.1651500244140625 2.9028935855828287e-06
1.1661500244140626 2.909985523390749e-06
1.1671500244140625 2.786725322610045e-06
1.1681500244140626 2.7220330897123797e-06
1.1691500244140625 2.629301810671376e-06
1.1701500244140626 2.713533994088541e-06
1.1711500244140625 2.6528562886401543e-06
1.1721500244140626 2.760503437674015e-06
1.1731500244140625 2.836320564391695e-06
1.1741500244140626 3.0062403947883733e-06
1.1751500244140625 2.9935913140412366e-06
1.1761500244140626 3.0091316621329266e-06
1.1771500244140625 2.8801272170700184e-06
1.1781500244140626 2.90041412720163e-06
1.1791500244140625 2.810643499106015e-06
1.1801500244140626 2.9039648626873353e-06
1.1811500244140625 2.974075629676821e-06
1.1821500244140626 2.9570499669940787e-06
1.1831500244140625 3.0110133947847597e-06
1.1841500244140626 3.225898321664111e-06
1.1851500244140625 3.2830515523711355e-06
1.1861500244140626 3.1069572693639306e-06
1.1871500244140625 2.981497565511284e-06
1.1881500244140626 2.9484020907050293e-06
1.1891500244140625 3.0332697717979673e-06
1.1901500244140626 3.0016924647149057e-06
1.1911500244140625 3.0552685994331476e-06
1.1921500244140626 3.1359595965720574e-06
1.1931500244140625 2.9769588114852197e-06
1.1941500244140626 2.908830857614768e-06
1.1951500244140625 2.9037120572757565e-06
1.1961500244140626 3.07486576342713e-06
1.1971500244140625 3.138374588654015e-06
1.1981500244140626 3.1107430039525342e-06
1.1991500244140625 3.0264380582776567e-06
1.2001500244140626 2.960319824184608e-06
1.2011500244140625 3.0767084448192535e-06
1.2021500244140626 3.081487373580686e-06
1.2031500244140625 3.1410966912154706e-06
1.2041500244140626 3.1430782441198703e-06
1.2051500244140625 3.275281023694475e-06
1.2061500244140626 3.1920398926408524e-06
1.2071500244140625 3.149760107720192e-06
1.2081500244140626 2.9878339507235937e-06
1.2091500244140625 3.1137916370841487e-06
1.2101500244140626 2.94983935264548e-06
1.2111500244140625 3.006154959799753e-06
1.2121500244140626 2.906687103698806e-06
1.2131500244140625 3.052425323155914e-06
1.2141500244140624 3.049491218968968e-06
1.2151500244140625 3.095035631560673e-06
1.2161500244140624 3.079890632087857e-06
1.2171500244140625 3.1476083467696185e-06
1.2181500244140624 3.123338528360299e-06
1.2191500244140625 3.0883822073419636e-06
1.2201500244140624 2.9597642832341785e-06
1.2211500244140625 2.925363712563448e-06
1.2221500244140624 3.01802092532916e-06
1.2231500244140625 2.961342076764141e-06
1.2241500244140624 3.0827573547347312e-06
1.2251500244140625 2.9795848782535036e-06
1.2261500244140624 3.1428261781500194e-06
1.2271500244140625 3.109917395712912e-06
1.2281500244140624 3.024402922778668e-06
1.2291500244140625 2.914534730576585e-06
1.2301500244140624 2.7335349909120883e-06
1.2311500244140625 2.701993066934646e-06
1.2321500244140624 2.6636261235288694e-06
1.2331500244140625 2.639229317824259e-06
1.2341500244140624 2.662203806362022e-06
1.2351500244140625 2.5761424227392113e-06
1.2361500244140624 2.694070332441859e-06
1.2371500244140625 2.6564798046374756e-06
1.2381500244140624 2.772048110495701e-06
1.2391500244140625 2.6978969142686374e-06
1.2401500244140624 2.808764484218921e-06
1.2411500244140625 2.8120333155262474e-06
1.2421500244140624 2.9185658487027024e-06
1.2431500244140625 2.8963144714285184e-06
1.2441500244140624 2.8440936032883438e-06
1.2451500244140625 2.8499324266971256e-06
1.2461500244140624 2.9326209055615973e-06
1.2471500244140625 3.1222743932291067e-06
1.2481500244140624 3.1075568149698074e-06
1.2491500244140625 3.0830811198199753e-06
1.2501500244140624 3.018231132749156e-06
1.2511500244140625 3.1701072825553655e-06
1.2521500244140624 3.3039484973344026e-06
1.2531500244140625 3.4339104717485063e-06
1.2541500244140624 3.509953583846498e-06
1.2551500244140625 3.569706925303282e-06
1.2561500244140624 3.4330260657316658e-06
1.2571500244140625 3.5021276566716415e-06
1.2581500244140624 3.5264479566431395e-06
1.2591500244140625 3.808487964506227e-06
1.2601500244140624 3.7118114666537693e-06
1.2611500244140625 3.7893715052900118e-06
1.2621500244140624 3.9153318033880045e-06
1.2631500244140625 4.0557781120118995e-06
1.2641500244140624 4.045771485368085e-06
1.2651500244140625 3.847159101709341e-06
1.2661500244140624 3.847951108498609e-06
1.2671500244140625 3.873129621861186e-06
1.2681500244140624 3.7579836443124017e-06
1.2691500244140625 3.6359004554958402e-06
1.2701500244140624 3.4507778667723717e-06
1.2711500244140626 3.413998563288174e-06
1.2721500244140624 3.3501726082414695e-06
1.2731500244140626 3.3047220487963074e-06
1.2741500244140624 3.4902817290101597e-06
1.2751500244140626 3.5409946062819135e-06
1.2761500244140624 3.51624023030332e-06
1.2771500244140626 3.3373089903505683e-06
1.2781500244140624 3.1189926901314325e-06
1.2791500244140626 3.013513539260427e-06
1.2801500244140624 3.0953510486857764e-06
1.2811500244140626 3.210749454106504e-06
1.2821500244140625 3.2419190963770458e-06
1.2831500244140626 3.178120625343492e-06
1.2841500244140625 3.0390883210323102e-06
1.2851500244140626 3.034852503492714e-06
1.2861500244140625 2.794325521568354e-06
1.2871500244140626 2.8793041967276836e-06
1.2881500244140625 2.6610160579377562e-06
1.2891500244140626 2.866508327176911e-06
1.2901500244140625 2.858859282426879e-06
1.2911500244140626 2.9960862744369817e-06
1.2921500244140625 2.881823250178376e-06
1.2931500244140626 2.932490549215225e-06
1.2941500244140625 2.8892987645308417e-06
1.2951500244140626 2.883885847939546e-06
1.2961500244140625 2.808140275560735e-06
1.2971500244140626 2.8770167118871153e-06
1.2981500244140625 3.0108191616015835e-06
1.2991500244140626 3.178664359403103e-06
1.3001500244140625 3.2593472861724352e-06
1.3011500244140626 3.289371496439058e-06
1.3021500244140625 3.4397991262747704e-06
1.3031500244140626 3.4356343768719107e-06
1.3041500244140625 3.420234300906059e-06
1.3051500244140626 3.386290358688945e-06
1.3061500244140625 3.6133773016998315e-06
1.3071500244140626 3.815107395257776e-06
1.3081500244140625 3.795918700446725e-06
1.3091500244140626 4.040577876501373e-06
1.3101500244140625 4.148304825062191e-06
1.3111500244140626 4.3173096994955396e-06
1.3121500244140625 4.207068598653716e-06
1.3131500244140626 4.2027835546971455e-06
1.3141500244140625 4.2266416022735775e-06
1.3151500244140626 4.269102732498628e-06
1.3161500244140625 4.28180739595222e-06
1.3171500244140626 4.386135866187012e-06
1.3181500244140625 4.400506486777837e-06
1.3191500244140626 4.390463691303825e-06
1.3201500244140625 4.232057874129943e-06
1.3211500244140626 4.179421526946405e-06
1.3221500244140625 4.1106375499125135e-06
1.3231500244140626 4.055124466157645e-06
1.3241500244140625 4.091418540928309e-06
1.3251500244140626 4.0368324492588544e-06
1.3261500244140625 3.948182636499445e-06
1.3271500244140626 3.817573812357291e-06
1.3281500244140625 3.796125574022042e-06
1.3291500244140626 3.6652456779979883e-06
1.3301500244140625 3.570363877566327e-06
1.3311500244140626 3.4314776028433004e-06
1.3321500244140625 3.4988905473737027e-06
1.3331500244140626 3.2772111750098583e-06
1.3341500244140625 3.214289333797145e-06
1.3351500244140626 3.1956667209972425e-06
1.3361500244140625 3.3511179405995946e-06
1.3371500244140626 3.4947944601920815e-06
1.3381500244140625 3.35346789800916e-06
1.3391500244140624 3.33660341540226e-06
1.3401500244140625 3.1857314456591867e-06
1.3411500244140624 3.1727395290952284e-06
1.3421500244140625 3.1686422302537953e-06
1.3431500244140624 3.1271375484663877e-06
1.3441500244140625 3.215869776102066e-06
1.3451500244140624 3.0597435354456056e-06
1.3461500244140625 3.221342173662952e-06
1.3471500244140624 3.2365458189752016e-06
1.3481500244140625 3.479004849195172e-06
1.3491500244140624 3.4616593295839682e-06
1.3501500244140625 3.597851156712393e-06
1.3511500244140624 3.457470837693292e-06
1.3521500244140625 3.6487254012141804e-06
1.3531500244140624 3.476080207718648e-06
1.3541500244140625 3.6397807668289786e-06
1.3551500244140624 3.4875983041905782e-06
1.3561500244140625 3.694560640502018e-06
1.3571500244140624 3.7021526580280464e-06
1.3581500244140625 3.8021161725447974e-06
1.3591500244140624 3.719251103843222e-06
1.3601500244140625 3.8076873896630276e-06
1.3611500244140624 3.7826599385558962e-06
1.3621500244140625 3.724784864921545e-06
1.3631500244140624 3.86624404214856e-06
1.3641500244140625 4.151975986405642e-06
1.3651500244140624 4.587095578827424e-06
1.3661500244140625 4.514450963171646e-06
1.3671500244140624 4.410335047684913e-06
1.3681500244140625 4.115739732215551e-06
1.3691500244140624 4.108938257885063e-06
1.3701500244140625 4.249247700393053e-06
1.3711500244140624 4.603353966078425e-06
1.3721500244140625 4.824156612793561e-06
1.3731500244140624 4.702684695022155e-06
1.3741500244140625 4.752346828399682e-06
1.3751500244140624 4.9733350433186306e-06
1.3761500244140625 5.3800026394685965e-06
1.3771500244140624 5.185644286850997e-06
1.3781500244140625 5.085802878361479e-06
1.3791500244140624 4.954874910708578e-06
1.3801500244140625 5.021139494925526e-06
1.3811500244140624 5.1938831008319655e-06
1.3821500244140625 5.197262390903748e-06
1.3831500244140624 5.330613648949438e-06
1.3841500244140625 5.061096610571446e-06
1.3851500244140624 4.91970088764012e-06
1.3861500244140625 4.798299442097063e-06
1.3871500244140624 4.743152789651754e-06
1.3881500244140625 4.7935471057673644e-06
1.3891500244140624 4.682180282990511e-06
1.3901500244140625 4.584767223773117e-06
1.3911500244140624 4.4521661444288565e-06
1.3921500244140625 4.371544209847918e-06
1.3931500244140624 4.290967024981656e-06
1.3941500244140625 4.122399051395557e-06
1.3951500244140624 4.130412993128538e-06
1.3961500244140626 4.06476637087155e-06
1.3971500244140624 4.144773977923801e-06
1.3981500244140626 3.962878240753235e-06
1.3991500244140624 3.991233165337638e-06
1.4001500244140626 3.787706476565105e-06
1.4011500244140624 3.8342053750856445e-06
1.4021500244140626 3.809427493612942e-06
1.4031500244140624 3.883553440045275e-06
1.4041500244140626 3.709794394509666e-06
1.4051500244140624 3.623453432090817e-06
1.4061500244140626 3.4346913056004015e-06
1.4071500244140625 3.4403250317174604e-06
1.4081500244140626 3.610668100169291e-06
1.4091500244140625 3.5747124563532497e-06
1.4101500244140626 3.8177789830401856e-06
1.4111500244140625 3.5521685903488482e-06
1.4121500244140626 3.6723997312206853e-06
1.4131500244140625 3.6391232695238535e-06
1.4141500244140626 3.7578838444580592e-06
1.4151500244140625 3.7613257961551483e-06
1.4161500244140626 3.5690312337615992e-06
1.4171500244140625 3.474031455710096e-06
1.4181500244140626 3.5750098796410485e-06
1.4191500244140625 3.843013606262778e-06
1.4201500244140626 3.974650134204228e-06
1.4211500244140625 3.7140387185140008e-06
1.4221500244140626 3.6022460799019384e-06
1.4231500244140625 3.5193136807415257e-06
1.4241500244140626 3.7845901261383464e-06
1.4251500244140625 3.580821053850441e-06
1.4261500244140626 3.5120219869478145e-06
1.4271500244140625 3.3099715742339925e-06
1.4281500244140626 3.409163104030821e-06
1.4291500244140625 3.4953129232687273e-06
1.4301500244140626 3.589212624514863e-06
1.4311500244140625 3.5779828354457693e-06
1.4321500244140626 3.329744907558001e-06
1.4331500244140625 3.4671597996746245e-06
1.4341500244140626 3.597663456293476e-06
1.4351500244140625 3.889023286275854e-06
1.4361500244140626 3.813855672066513e-06
1.4371500244140625 3.7726072930680246e-06
1.4381500244140626 3.659458368572028e-06
1.4391500244140625 3.7869218543926895e-06
1.4401500244140626 4.021806409806358e-06
1.4411500244140625 4.092428256699622e-06
1.4421500244140626 4.006980291521821e-06
1.4431500244140625 3.679303363226931e-06
1.4441500244140626 3.704510213452608e-06
1.4451500244140625 3.7481656421509964e-06
1.4461500244140626 3.731036205679434e-06
1.4471500244140625 3.610780037111941e-06
1.4481500244140626 3.53076907051728e-06
1.4491500244140625 3.396994354828592e-06
1.4501500244140626 3.5065739051728118e-06
1.4511500244140625 3.4037705717387305e-06
1.4521500244140626 3.5491943347940843e-06
1.4531500244140625 3.5338954039759227e-06
1.4541500244140626 3.701980927666693e-06
1.4551500244140625 3.7846409051909926e-06
1.4561500244140626 3.6563365019481418e-06
1.4571500244140625 3.610071603876415e-06
1.4581500244140626 3.8788078972720875e-06
1.4591500244140625 4.026585028967684e-06
1.4601500244140626 4.133280515952182e-06
1.4611500244140625 3.94924634686429e-06
1.4621500244140626 4.040326321504611e-06
1.4631500244140625 3.767953148210386e-06
1.4641500244140624 3.7674983751167725e-06
1.4651500244140625 3.728253013943216e-06
1.4661500244140624 4.0165381380305996e-06
1.4671500244140625 3.971503336445858e-06
1.4681500244140624 3.939884098373439e-06
1.4691500244140625 3.9354956498552615e-06
1.4701500244140624 3.95486102928239e-06
1.4711500244140625 3.915849398522901e-06
1.4721500244140624 3.865036113592139e-06
1.4731500244140625 3.828667956989506e-06
1.4741500244140624 3.801693909081744e-06
1.4751500244140625 3.856267378286653e-06
1.4761500244140624 3.921800674932199e-06
1.4771500244140625 4.10721534288605e-06
1.4781500244140624 4.059797069891989e-06
1.4791500244140625 3.966726924348924e-06
1.4801500244140624 4.010780437667832e-06
1.4811500244140625 3.826228240338792e-06
1.4821500244140624 3.888511723799174e-06
1.4831500244140625 3.727357350883234e-06
1.4841500244140624 3.848993517495479e-06
1.4851500244140625 3.7398215959514664e-06
1.4861500244140624 3.863596105830922e-06
1.4871500244140625 3.972345610949914e-06
1.4881500244140624 4.086371005433167e-06
1.4891500244140625 3.99625673112206e-06
1.4901500244140624 3.891912297688633e-06
1.4911500244140625 4.009443839365479e-06
1.4921500244140624 4.198380089108215e-06
1.4931500244140625 4.422442445078128e-06
1.4941500244140624 4.495164579745478e-06
1.4951500244140625 4.461364180015269e-06
1.4961500244140624 4.375335997695705e-06
1.4971500244140625 4.328426440634653e-06
1.4981500244140624 4.1907416881870266e-06
1.4991500244140625 3.996733322812106e-06
1.5001500244140624 4.048054034960929e-06
1.5011500244140625 3.989224141241721e-06
1.5021500244140624 4.04713976634989e-06
1.5031500244140625 3.931850671004065e-06
1.5041500244140624 3.986696674259966e-06
1.5051500244140625 4.141960663015495e-06
1.5061500244140624 4.203866589530126e-06
1.5071500244140625 4.225149983064657e-06
1.5081500244140624 4.174063637274019e-06
1.5091500244140625 4.1955445332993325e-06
1.5101500244140624 4.3458122045981905e-06
1.5111500244140625 4.37951865530443e-06
1.5121500244140624 4.406344935824179e-06
1.5131500244140625 4.3427841353185664e-06
1.5141500244140624 4.48837300812925e-06
1.5151500244140625 4.4916151148408275e-06
1.5161500244140624 4.62562735182291e-06
1.5171500244140625 4.517869268735683e-06
1.5181500244140624 4.402122106047446e-06
1.5191500244140625 4.305996393961571e-06
1.5201500244140624 4.272370796516851e-06
1.5211500244140626 4.466344738710263e-06
1.5221500244140624 4.136910745059069e-06
1.5231500244140626 4.176093873139634e-06
1.5241500244140624 3.928575488922446e-06
1.5251500244140626 4.262369254684845e-06
1.5261500244140624 4.285191381957263e-06
1.5271500244140626 4.539227556044796e-06
1.5281500244140624 4.501694645709115e-06
1.5291500244140626 4.433820250887553e-06
1.5301500244140624 4.327218158125702e-06
1.5311500244140626 4.2661459007402566e-06
1.5321500244140625 4.1905760025248675e-06
1.5331500244140626 4.191477450621218e-06
1.5341500244140625 4.272478388869888e-06
1.5351500244140626 4.212258127401687e-06
1.5361500244140625 4.147905997782314e-06
1.5371500244140626 4.038752863040151e-06
1.5381500244140625 4.480160962911029e-06
1.5391500244140626 4.5651530877025364e-06
1.5401500244140625 4.589932351158251e-06
1.5411500244140626 4.310826878870536e-06
1.5421500244140625 4.183754199212314e-06
1.5431500244140626 4.388466437187368e-06
1.5441500244140625 4.5798119321565176e-06
1.5451500244140626 4.699432261334517e-06
1.5461500244140625 4.440996215432888e-06
1.5471500244140626 4.194170577466046e-06
1.5481500244140625 4.120942634439119e-06
1.5491500244140626 4.367409375523673e-06
1.5501500244140625 4.557974687212001e-06
1.5511500244140626 4.722344636599945e-06
1.5521500244140625 4.768086587088085e-06
1.5531500244140626 4.8076947505172055e-06
1.5541500244140625 4.891850960167744e-06
1.5551500244140626 4.6801433160460814e-06
1.5561500244140625 4.847820921010229e-06
1.5571500244140626 4.728302756760119e-06
1.5581500244140625 5.09598291680013e-06
1.5591500244140626 4.884270598371799e-06
1.5601500244140625 5.054603811905798e-06
1.5611500244140626 5.173322290663964e-06
1.5621500244140625 5.219813536375054e-06
1.5631500244140626 5.264069049610712e-06
1.5641500244140625 4.963696130390164e-06
1.5651500244140626 4.834940240259186e-06
1.5661500244140625 4.853404572891116e-06
1.5671500244140626 4.718151816004268e-06
1.5681500244140625 4.953982251175291e-06
1.5691500244140626 4.8456344237664495e-06
1.5701500244140625 5.040054804053604e-06
1.5711500244140626 4.89324724344905e-06
1.5721500244140625 4.9709011237357464e-06
1.5731500244140626 4.851043899474524e-06
1.5741500244140625 5.266109239294665e-06
1.5751500244140626 5.303965123780026e-06
1.5761500244140625 5.46198016577135e-06
1.5771500244140626 5.085647343367626e-06
1.5781500244140625 4.742355009941861e-06
1.5791500244140626 4.639509277473907e-06
1.5801500244140625 4.68818670696761e-06
1.5811500244140626 4.98184707138658e-06
1.5821500244140625 5.0672042743010546e-06
1.5831500244140626 5.0089801786182795e-06
1.5841500244140625 4.853630993908887e-06
1.5851500244140626 4.595848579138314e-06
1.5861500244140625 4.931823762719287e-06
1.5871500244140626 4.887572807555051e-06
1.5881500244140625 5.020588305621233e-06
1.5891500244140624 4.871621069762858e-06
1.5901500244140625 5.047050953270659e-06
1.5911500244140624 5.229336928770314e-06
1.5921500244140625 5.28623587879513e-06
1.5931500244140624 5.209948188678399e-06
1.5941500244140625 5.307450257488505e-06
1.5951500244140624 5.124824116695202e-06
1.5961500244140625 5.183333573410539e-06
1.5971500244140624 4.944690141093639e-06
1.5981500244140625 5.138306952307437e-06
1.5991500244140624 5.167498234520904e-06
1.6001500244140625 5.390266826715195e-06
1.6011500244140624 5.295261211577341e-06
1.6021500244140625 5.187445044798604e-06
1.6031500244140624 5.328735386677599e-06
1.6041500244140625 5.186361688064123e-06
1.6051500244140624 5.491633875623692e-06
1.6061500244140625 5.089344087687613e-06
1.6071500244140624 5.4858935649324285e-06
1.6081500244140625 5.5291187038837915e-06
1.6091500244140624 5.816538905331068e-06
1.6101500244140625 5.853654110470911e-06
1.6111500244140624 5.849742322505811e-06
1.6121500244140625 5.944722126758925e-06
1.6131500244140624 5.754277215899403e-06
1.6141500244140625 5.986758164330261e-06
1.6151500244140624 6.038586715915619e-06
1.6161500244140625 6.354187998888088e-06
1.6171500244140624 6.29014850151229e-06
1.6181500244140625 6.501353231693489e-06
1.6191500244140624 6.403098838908665e-06
1.6201500244140625 6.4993952411102455e-06
1.6211500244140624 6.39136402033965e-06
1.6221500244140625 6.518902796185563e-06
1.6231500244140624 6.6542918760753755e-06
1.6241500244140625 6.935308748890537e-06
1.6251500244140624 7.1515702681136875e-06
1.6261500244140625 6.931446949408383e-06
1.6271500244140624 6.5702112189061135e-06
1.6281500244140625 6.444513045236328e-06
1.6291500244140624 6.351508646713931e-06
1.6301500244140625 6.614167747002255e-06
1.6311500244140624 6.325637275308959e-06
1.6321500244140625 6.592713631607148e-06
1.6331500244140624 6.5888198996395656e-06
1.6341500244140625 6.48108348978973e-06
1.6351500244140624 6.269962692856083e-06
1.6361500244140625 6.088678141715275e-06
1.6371500244140624 6.360129549150946e-06
1.6381500244140625 6.434009531782414e-06
1.6391500244140624 6.6433373016726535e-06
1.6401500244140625 6.392593609402453e-06
1.6411500244140624 6.091590171766016e-06
1.6421500244140625 5.6810830854870025e-06
1.6431500244140624 5.737094635900404e-06
1.6441500244140625 6.189126240702829e-06
1.6451500244140624 6.504157925041498e-06
1.6461500244140626 6.464150411988469e-06
1.6471500244140624 6.214066532768618e-06
1.6481500244140626 6.044368076154836e-06
1.6491500244140624 6.294400120871407e-06
1.6501500244140626 6.2855050392290466e-06
1.6511500244140624 6.354769170509026e-06
1.6521500244140626 6.327009303924301e-06
1.6531500244140624 6.339411956461791e-06
1.6541500244140626 6.478428928574038e-06
1.6551500244140624 6.566437223651063e-06
1.6561500244140626 6.45909943827487e-06
1.6571500244140625 6.161282962206457e-06
1.6581500244140626 5.69293749813621e-06
1.6591500244140625 5.787876360038735e-06
1.6601500244140626 6.227294714887e-06
1.6611500244140625 6.684794721896352e-06
1.6621500244140626 6.9951691092618255e-06
1.6631500244140625 6.787192181582294e-06
1.6641500244140626 6.236290238781808e-06
1.6651500244140625 6.0463096451768446e-06
1.6661500244140626 5.85126546434408e-06
1.6671500244140625 6.310481123737969e-06
1.6681500244140626 6.190147423093132e-06
1.6691500244140625 6.270073808257197e-06
1.6701500244140626 6.217911844581782e-06
1.6711500244140625 6.36138692880815e-06
1.6721500244140626 6.4557005423072844e-06
1.6731500244140625 6.4430384308401405e-06
1.6741500244140626 6.603508238853831e-06
1.6751500244140625 6.838685908240429e-06
1.6761500244140626 6.961191407096692e-06
1.6771500244140625 6.651916877417889e-06
1.6781500244140626 6.350976336539911e-06
1.6791500244140625 6.10305713441481e-06
1.6801500244140626 5.898207500167292e-06
1.6811500244140625 6.017703886555389e-06
1.6821500244140626 6.444575250895228e-06
1.6831500244140625 6.779381827476037e-06
1.6841500244140626 6.825455528554896e-06
1.6851500244140625 6.7488755622016124e-06
1.6861500244140626 7.294290739345008e-06
1.6871500244140625 7.248196919951182e-06
1.6881500244140626 7.141282978899749e-06
1.6891500244140625 6.669031960570902e-06
1.6901500244140626 6.742101327897762e-06
1.6911500244140625 6.4981024680458445e-06
1.6921500244140626 6.676740798707502e-06
1.6931500244140625 6.957873178122576e-06
1.6941500244140626 7.354049854894675e-06
1.6951500244140625 7.059215521827721e-06
1.6961500244140626 6.7083145291043564e-06
1.6971500244140625 6.718891835913913e-06
1.6981500244140626 7.00583670002704e-06
1.6991500244140625 6.841510763484745e-06
1.7001500244140626 6.691585568618433e-06
1.7011500244140625 6.528103254568755e-06
1.7021500244140626 6.847122631773639e-06
1.7031500244140625 6.921037147941422e-06
1.7041500244140626 6.830130400231116e-06
1.7051500244140625 6.880093614775003e-06
1.7061500244140626 7.051776224226072e-06
1.7071500244140625 6.800887287954495e-06
1.7081500244140626 7.232289548587651e-06
1.7091500244140625 7.181656224613117e-06
1.7101500244140626 7.422028058076791e-06
1.7111500244140625 6.7320075271090055e-06
1.7121500244140626 6.968169126506421e-06
1.7131500244140625 7.3464313426172685e-06
1.7141500244140624 7.652845768188488e-06
1.7151500244140625 7.563036142201782e-06
1.7161500244140624 7.5829699428316e-06
1.7171500244140625 7.199441239633224e-06
1.7181500244140624 6.922148838533308e-06
1.7191500244140625 6.81672667878087e-06
1.7201500244140624 7.30253891606367e-06
1.7211500244140625 7.3255599777414645e-06
1.7221500244140624 7.456235239543332e-06
1.7231500244140625 7.0577049179570415e-06
1.7241500244140624 7.323248393006984e-06
1.7251500244140625 7.361992453688542e-06
1.7261500244140624 7.838431821840242e-06
1.7271500244140625 8.070354099418855e-06
1.7281500244140624 7.925603432364194e-06
1.7291500244140625 7.6010974992928645e-06
1.7301500244140624 7.277603717988846e-06
1.7311500244140625 7.219827704178159e-06
1.7321500244140624 7.400142328903921e-06
1.7331500244140625 7.589718477050916e-06
1.7341500244140624 7.776448400149705e-06
1.7351500244140625 7.95993513945131e-06
1.7361500244140624 7.936815124862578e-06
1.7371500244140625 8.081444907905065e-06
1.7381500244140624 8.453371411106348e-06
1.7391500244140625 8.325902297256641e-06
1.7401500244140624 7.821689949472326e-06
1.7411500244140625 7.191844427277639e-06
1.7421500244140624 7.260208250189917e-06
1.7431500244140625 7.68509669344952e-06
1.7441500244140624 8.227192753464919e-06
1.7451500244140625 8.493483531790772e-06
1.7461500244140624 8.820594669654723e-06
1.7471500244140625 8.295066386191435e-06
1.7481500244140624 8.31830078663531e-06
1.7491500244140625 8.099448443167217e-06
1.7501500244140624 8.665171322947368e-06
1.7511500244140625 8.493563111154138e-06
1.7521500244140624 8.145977404675096e-06
1.7531500244140625 8.079223570548347e-06
1.7541500244140624 8.1666566377104e-06
1.7551500244140625 8.443230688411035e-06
1.7561500244140624 8.011621618884459e-06
1.7571500244140625 7.933166056897721e-06
1.7581500244140624 8.143126346020766e-06
1.7591500244140625 8.6003548933551e-06
1.7601500244140624 8.316628515906895e-06
1.7611500244140625 8.6835093924145e-06
1.7621500244140624 8.384933256218182e-06
1.7631500244140625 8.794792909219683e-06
1.7641500244140624 8.157793069758924e-06
1.7651500244140625 8.227484703938418e-06
1.7661500244140624 8.317693775641698e-06
1.7671500244140625 8.865201593643557e-06
1.7681500244140624 9.308755238538976e-06
1.7691500244140625 9.38521682502942e-06
1.7701500244140624 8.613548754309861e-06
1.7711500244140626 8.426478801223186e-06
1.7721500244140624 8.137701814338854e-06
1.7731500244140626 8.662022377255122e-06
1.7741500244140624 8.832940802554657e-06
1.7751500244140626 8.928257715399099e-06
1.7761500244140624 9.106288258154528e-06
1.7771500244140626 8.64044938259423e-06
1.7781500244140624 8.816686336364828e-06
1.7791500244140626 8.633052285321216e-06
1.7801500244140624 9.017732968463353e-06
1.7811500244140626 8.468197467400925e-06
1.7821500244140625 8.740871458694623e-06
1.7831500244140626 8.626239522406016e-06
1.7841500244140625 9.340153568630128e-06
1.7851500244140626 9.1591030529498e-06
1.7861500244140625 8.936222304192255e-06
1.7871500244140626 9.257333176231118e-06
1.7881500244140625 9.367373064029086e-06
1.7891500244140626 9.786237509591285e-06
1.7901500244140625 9.005328381534395e-06
1.7911500244140626 8.984360573727986e-06
1.7921500244140625 8.920302954319967e-06
1.7931500244140626 9.282696241898845e-06
1.7941500244140625 9.287365921356788e-06
1.7951500244140626 9.598825501838843e-06
1.7961500244140625 9.801037434700091e-06
1.7971500244140626 9.98051126928171e-06
1.7981500244140625 9.773039631501859e-06
1.7991500244140626 9.433419313303051e-06
1.8001500244140625 9.507021768150732e-06
1.8011500244140626 1.0069460847683302e-05
1.8021500244140625 1.065356324860718e-05
1.8031500244140626 1.0655589689825331e-05
1.8041500244140625 1.034305059356436e-05
1.8051500244140626 1.024438527149754e-05
1.8061500244140625 1.0554715892131704e-05
1.8071500244140626 1.0813949344424551e-05
1.8081500244140625 1.0757714994793896e-05
1.8091500244140626 1.04532847060019e-05
1.8101500244140625 1.0829026397962669e-05
1.8111500244140626 1.1099791575364314e-05
1.8121500244140625 1.1384103862248781e-05
1.8131500244140626 1.1413685793478555e-05
1.8141500244140625 1.1801677889191442e-05
1.8151500244140626 1.2309456209677415e-05
1.8161500244140625 1.186110458167202e-05
1.8171500244140626 1.15732218970956e-05
1.8181500244140625 1.1695117325460976e-05
1.8191500244140626 1.2717758935102997e-05
1.8201500244140625 1.346775346815764e-05
1.8211500244140626 1.2827323221788816e-05
1.8221500244140625 1.2497751944195114e-05
1.8231500244140626 1.184925892233575e-05
1.8241500244140625 1.2149740168711888e-05
1.8251500244140626 1.2607983937535418e-05
1.8261500244140625 1.3006500554908302e-05
1.8271500244140626 1.3124467930448155e-05
1.8281500244140625 1.274152634091489e-05
1.8291500244140626 1.2795303740474145e-05
1.8301500244140625 1.2821755070911194e-05
1.8311500244140626 1.3209067362205063e-05
1.8321500244140625 1.3246263769161716e-05
1.8331500244140626 1.3868210114335151e-05
1.8341500244140625 1.2850168702050851e-05
1.8351500244140626 1.3019777640591845e-05
1.8361500244140625 1.2236800178170807e-05
1.8371500244140626 1.2733801886744536e-05
1.8381500244140625 1.2215200296741731e-05
1.8391500244140624 1.2565187044656259e-05
1.8401500244140625 1.3303323202736048e-05
1.8411500244140624 1.3920636429463521e-05
1.8421500244140625 1.423649001813042e-05
1.8431500244140624 1.3570638068797977e-05
1.8441500244140625 1.3280915004940714e-05
1.8451500244140624 1.2692072337952646e-05
1.8461500244140625 1.2536170927656074e-05
1.8471500244140624 1.216861268827393e-05
1.8481500244140625 1.307086949390395e-05
1.8491500244140624 1.3403582091760864e-05
1.8501500244140625 1.3711781492984794e-05
1.8511500244140624 1.2633385742930788e-05
1.8521500244140625 1.2830866772706382e-05
1.8531500244140624 1.271751187834692e-05
1.8541500244140625 1.3484270702271649e-05
1.8551500244140624 1.3100803510735854e-05
1.8561500244140625 1.4033148812622228e-05
1.8571500244140624 1.3707933964544483e-05
1.8581500244140625 1.4450542156145138e-05
1.8591500244140624 1.3816359767052827e-05
1.8601500244140625 1.3504002764729409e-05
1.8611500244140624 1.3065256691838518e-05
1.8621500244140625 1.3488354086415232e-05
1.8631500244140624 1.4176627709322986e-05
1.8641500244140625 1.4038552588009882e-05
1.8651500244140624 1.3316613992683052e-05
1.8661500244140625 1.3496951696326745e-05
1.8671500244140624 1.2752079915289952e-05
1.8681500244140625 1.4060563949291777e-05
1.8691500244140624 1.3518980046072306e-05
1.8701500244140625 1.488184836437567e-05
1.8711500244140624 1.4136240804595434e-05
1.8721500244140625 1.4207147368609111e-05
1.8731500244140624 1.3670519270211487e-05
1.8741500244140625 1.3302024239741801e-05
1.8751500244140624 1.3427052206151283e-05
1.8761500244140625 1.2894429117804391e-05
1.8771500244140624 1.3235109301557872e-05
1.8781500244140625 1.3378973921435737e-05
1.8791500244140624 1.3514858980539287e-05
1.8801500244140625 1.322595821547311e-05
1.8811500244140624 1.3076237419885479e-05
1.8821500244140625 1.3328727021250958e-05
1.8831500244140624 1.3406520658187788e-05
1.8841500244140625 1.3323352567646035e-05
1.8851500244140624 1.323691702562701e-05
1.8861500244140625 1.3830720963268173e-05
1.8871500244140624 1.3690368438906435e-05
1.8881500244140625 1.3874723126288944e-05
1.8891500244140624 1.3784023514105526e-05
1.8901500244140625 1.3999894879523305e-05
1.8911500244140624 1.460387768225269e-05
1.8921500244140625 1.4320512202618085e-05
1.8931500244140624 1.5120668949007249e-05
1.8941500244140625 1.4548000359400337e-05
1.8951500244140624 1.4144442568613229e-05
1.8961500244140626 1.3037396046554219e-05
1.8971500244140624 1.3108157062033932e-05
1.8981500244140626 1.378203204581906e-05
1.8991500244140624 1.4394010389667347e-05
1.9001500244140626 1.446122048294956e-05
1.9011500244140624 1.393295436825998e-05
1.9021500244140626 1.3792388545313597e-05
1.9031500244140624 1.3711570189296091e-05
1.9041500244140626 1.4871798968963077e-05
1.9051500244140624 1.5239727622704111e-05
1.9061500244140626 1.4687038617985742e-05
1.9071500244140625 1.4360233041854912e-05
1.9081500244140626 1.3979002685016327e-05
1.9091500244140625 1.5082925892398769e-05
1.9101500244140626 1.4665643979683274e-05
1.9111500244140625 1.4532262124416386e-05
1.9121500244140626 1.374912075596373e-05
1.9131500244140625 1.3053514859050876e-05
1.9141500244140626 1.3053728245159116e-05
1.9151500244140625 1.3223809952709315e-05
1.9161500244140626 1.3510456428795107e-05
1.9171500244140625 1.4179206298667684e-05
1.9181500244140626 1.5105893761715896e-05
1.9191500244140625 1.5770468949711697e-05
1.9201500244140626 1.543786169822666e-05
1.9211500244140625 1.4816189286076595e-05
1.9221500244140626 1.4630581100118547e-05
1.9231500244140625 1.5134053975755564e-05
1.9241500244140626 1.5519703977905397e-05
1.9251500244140625 1.5694730266737864e-05
1.9261500244140626 1.4934278797772593e-05
1.9271500244140625 1.4935574611201648e-05
1.9281500244140626 1.5548847602309467e-05
1.9291500244140625 1.6911439182958865e-05
1.9301500244140626 1.6955461809193818e-05
1.9311500244140625 1.669433327372544e-05
1.9321500244140626 1.613352722861783e-05
1.9331500244140625 1.601999761673832e-05
1.9341500244140626 1.5653687299492246e-05
1.9351500244140625 1.5183931120069155e-05
1.9361500244140626 1.5765149862006653e-05
1.9371500244140625 1.5749314439646878e-05
1.9381500244140626 1.5718752648810732e-05
1.9391500244140625 1.5739618239355316e-05
1.9401500244140626 1.6353627786859228e-05
1.9411500244140625 1.7936000044215563e-05
1.9421500244140626 1.8236367371994028e-05
1.9431500244140625 1.8107077082581086e-05
1.9441500244140626 1.7711293209858035e-05
1.9451500244140625 1.7672849683374722e-05
1.9461500244140626 1.8846220279337216e-05
1.9471500244140625 1.8687469334366177e-05
1.9481500244140626 1.8231736039114896e-05
1.9491500244140625 1.767864429868011e-05
1.9501500244140626 1.8026488080645917e-05
1.9511500244140625 1.8730990258881458e-05
1.9521500244140626 1.920723543514527e-05
1.9531500244140625 1.829884518795839e-05
1.9541500244140626 1.770007868782559e-05
1.9551500244140625 1.6393412587429415e-05
1.9561500244140626 1.7155935786334978e-05
1.9571500244140625 1.7891392050891133e-05
1.9581500244140626 1.913294721520219e-05
1.9591500244140625 1.863002580851144e-05
1.9601500244140626 1.895409280775395e-05
1.9611500244140625 1.8272757464627145e-05
1.9621500244140626 1.871848671249571e-05
1.9631500244140625 1.812033271101475e-05
1.9641500244140624 1.867770079782137e-05
1.9651500244140625 1.852018076264594e-05
1.9661500244140624 1.821407312301885e-05
1.9671500244140625 1.77493312659372e-05
1.9681500244140624 1.805812950972434e-05
1.9691500244140625 1.831196922903655e-05
1.9701500244140624 1.7095528639928597e-05
1.9711500244140625 1.6438401948998453e-05
1.9721500244140624 1.5906675618237703e-05
1.9731500244140625 1.6841919611538503e-05
1.9741500244140624 1.693213092305859e-05
1.9751500244140625 1.727459003553211e-05
1.9761500244140624 1.6682899015801047e-05
1.9771500244140625 1.654199339620841e-05
1.9781500244140624 1.659302011339246e-05
1.9791500244140625 1.7192350647686496e-05
1.9801500244140624 1.6618923244265007e-05
1.9811500244140625 1.65662409744531e-05
1.9821500244140624 1.6968015354240924e-05
1.9831500244140625 1.8593505461730908e-05
1.9841500244140624 1.8351155504848325e-05
1.9851500244140625 1.7072994090762963e-05
1.9861500244140624 1.5664049989323727e-05
1.9871500244140625 1.537829190165803e-05
1.9881500244140624 1.613860174302996e-05
1.9891500244140625 1.7313717144757344e-05
1.9901500244140624 1.8381332315148092e-05
1.9911500244140625 1.8715512941162638e-05
1.9921500244140624 1.752523245118218e-05
1.9931500244140625 1.6542146877439944e-05
1.9941500244140624 1.633792918006932e-05
1.9951500244140625 1.647337559357676e-05
1.9961500244140624 1.7014363822801496e-05
1.9971500244140625 1.6633040108349667e-05
1.9981500244140624 1.670166147822342e-05
1.9991500244140625 1.6999051603274213e-05
2.0001500244140624 1.661737908412048e-05
2.0011500244140623 1.7897837741951945e-05
2.0021500244140626 1.7147172010101614e-05
2.0031500244140625 1.8122727452182802e-05
2.0041500244140624 1.7118630284972825e-05
2.0051500244140623 1.699744607266035e-05
2.0061500244140626 1.6857786965452532e-05
2.0071500244140625 1.7957746581932233e-05
2.0081500244140624 1.7804911073291846e-05
2.0091500244140623 1.7955328574952938e-05
2.0101500244140627 1.754358164866792e-05
2.0111500244140625 1.781779204898442e-05
2.0121500244140624 1.7996613982282122e-05
2.0131500244140623 1.7379473475246966e-05
2.0141500244140627 1.7611335423453588e-05
2.0151500244140625 1.7863874975351512e-05
2.0161500244140624 1.9059268648977293e-05
2.0171500244140623 1.866788284446847e-05
2.0181500244140627 1.802246180523783e-05
2.0191500244140625 1.786038406567286e-05
2.0201500244140624 1.8638389499634772e-05
2.0211500244140623 1.9012179932354237e-05
2.0221500244140627 1.8341862174791016e-05
2.0231500244140626 1.8849074813940425e-05
2.0241500244140624 1.8008968732536745e-05
2.0251500244140623 1.835968867294166e-05
2.0261500244140627 1.7533820904401655e-05
2.0271500244140626 1.888551454937148e-05
2.0281500244140624 1.880484089075438e-05
2.0291500244140623 1.8771503038662785e-05
2.0301500244140627 1.8019668784104178e-05
2.0311500244140626 1.8220233281943897e-05
2.0321500244140625 1.8839850641868756e-05
2.0331500244140623 1.8422778476199103e-05
2.0341500244140627 1.826423207445434e-05
2.0351500244140626 1.8619930749789502e-05
2.0361500244140625 2.060595661072051e-05
2.0371500244140623 2.0669234777929087e-05
2.0381500244140627 2.0606231623478707e-05
2.0391500244140626 1.928106035034793e-05
2.0401500244140625 1.9557674975932032e-05
2.0411500244140623 1.955865765945246e-05
2.0421500244140627 1.9601897852049362e-05
2.0431500244140626 1.944486364629646e-05
2.0441500244140625 1.9651669497791575e-05
2.0451500244140624 1.9981483753505536e-05
2.0461500244140627 1.9325552776535695e-05
2.0471500244140626 1.8885271871824163e-05
2.04814990234375 1.8775577878508225e-05
2.04914990234375 1.9582185042959518e-05
2.05014990234375 2.0594288097365168e-05
2.05114990234375 1.995077803437357e-05
2.05214990234375 1.883523721061967e-05
2.05314990234375 1.792452863109783e-05
2.05414990234375 1.9187697407165222e-05
2.05514990234375 2.0756049630553294e-05
2.05614990234375 2.122983519775162e-05
2.05714990234375 2.19490496709084e-05
2.05814990234375 2.2166090870210686e-05
2.05914990234375 2.2205899595010976e-05
2.06014990234375 2.0487093694836044e-05
2.06114990234375 1.9379709419500102e-05
2.06214990234375 1.9790694186300503e-05
2.06314990234375 2.0739517224468373e-05
2.06414990234375 2.1276993594668893e-05
2.06514990234375 2.087320755341488e-05
2.06614990234375 2.1516517902902298e-05
2.06714990234375 2.1033484807894662e-05
2.06814990234375 2.1449186703062503e-05
2.06914990234375 2.169279312656384e-05
2.07014990234375 2.2632926008175446e-05
2.07114990234375 2.2530017832305215e-05
2.07214990234375 2.255058557821562e-05
2.07314990234375 2.1568656639651877e-05
2.07414990234375 2.083895489861254e-05
2.07514990234375 1.996537908181202e-05
2.07614990234375 2.1027075883372404e-05
2.07714990234375 2.2193396990300143e-05
2.07814990234375 2.248620804340124e-05
2.07914990234375 2.2043841618710262e-05
2.08014990234375 2.137425494438059e-05
2.08114990234375 2.0726950017922133e-05
2.08214990234375 2.160339919700958e-05
2.08314990234375 2.1516903399560795e-05
2.08414990234375 2.209668248431597e-05
2.08514990234375 2.2114679953831238e-05
2.08614990234375 2.282982347217205e-05
2.08714990234375 2.4299256100473455e-05
2.08814990234375 2.3656913217105376e-05
2.08914990234375 2.306661920371125e-05
2.09014990234375 2.223676960093612e-05
2.09114990234375 2.202024416371028e-05
2.09214990234375 2.1016317106083623e-05
2.09314990234375 2.129167453699308e-05
2.09414990234375 2.2037787192560952e-05
2.09514990234375 2.329760584707435e-05
2.09614990234375 2.249041090806233e-05
2.09714990234375 2.2930490714445294e-05
2.09814990234375 2.2415967057308403e-05
2.09914990234375 2.3277729091700012e-05
2.10014990234375 2.347816585962737e-05
2.10114990234375 2.406315563289458e-05
2.10214990234375 2.2682884666423394e-05
2.10314990234375 2.287207169191748e-05
2.10414990234375 2.324767380117183e-05
2.10514990234375 2.355140283024555e-05
2.10614990234375 2.306332809504558e-05
2.10714990234375 2.309692266015326e-05
2.10814990234375 2.4598387298585862e-05
2.10914990234375 2.4209705368011038e-05
2.11014990234375 2.3546687957261025e-05
2.11114990234375 2.338911250340293e-05
2.11214990234375 2.3678579993955077e-05
2.11314990234375 2.436786192842717e-05
2.11414990234375 2.3663215452133893e-05
2.11514990234375 2.353252817968271e-05
2.11614990234375 2.3160547302757997e-05
2.11714990234375 2.412589141727768e-05
2.11814990234375 2.331835683821974e-05
2.11914990234375 2.4120904066869496e-05
2.12014990234375 2.3214493570918218e-05
2.12114990234375 2.4577999516586812e-05
2.12214990234375 2.368761901527062e-05
2.12314990234375 2.4106970765619548e-05
2.12414990234375 2.4145754218866787e-05
2.12514990234375 2.4425939122556024e-05
2.12614990234375 2.511772545904979e-05
2.12714990234375 2.6016318331568922e-05
2.12814990234375 2.5922025906638468e-05
2.12914990234375 2.5612597927309707e-05
2.13014990234375 2.5120377343263295e-05
2.13114990234375 2.5460045607172485e-05
2.13214990234375 2.403830605468241e-05
2.13314990234375 2.341976842095634e-05
2.13414990234375 2.2704705409757643e-05
2.13514990234375 2.3651211659888842e-05
2.13614990234375 2.2987938027879813e-05
2.13714990234375 2.3420589344336058e-05
2.13814990234375 2.3795122321589017e-05
2.13914990234375 2.54550448527507e-05
2.14014990234375 2.5747960576142983e-05
2.14114990234375 2.6280026539785004e-05
2.14214990234375 2.6029621184939107e-05
2.14314990234375 2.6220238154548917e-05
2.14414990234375 2.626823990838489e-05
2.14514990234375 2.6008424198453496e-05
2.14614990234375 2.637320114313069e-05
2.14714990234375 2.681511037950177e-05
2.14814990234375 2.742262790809885e-05
2.14914990234375 2.6479583405970935e-05
2.15014990234375 2.583174954228197e-05
2.15114990234375 2.5875572457328867e-05
2.15214990234375 2.7261049540596267e-05
2.15314990234375 2.7376163423580854e-05
2.15414990234375 2.7445515900628853e-05
2.15514990234375 2.8347300788310195e-05
2.15614990234375 2.6909014936713937e-05
2.15714990234375 2.459053804568638e-05
2.15814990234375 2.4706268296711992e-05
2.15914990234375 2.530975153158848e-05
2.16014990234375 2.7107797249604506e-05
2.16114990234375 2.7131356245887737e-05
2.16214990234375 2.928477464549276e-05
2.16314990234375 2.9134319059363903e-05
2.16414990234375 2.8829668734152077e-05
2.16514990234375 2.658684728559157e-05
2.16614990234375 2.7608488422164557e-05
2.16714990234375 2.7381094905663692e-05
2.16814990234375 2.9356595730779575e-05
2.16914990234375 2.836654609804651e-05
2.17014990234375 2.7125159102059637e-05
2.17114990234375 2.6885639197607988e-05
2.17214990234375 2.6385522169155116e-05
2.17314990234375 2.7121456630668434e-05
2.17414990234375 2.5722560608353056e-05
2.17514990234375 2.532580559808956e-05
2.17614990234375 2.4931952779745714e-05
2.17714990234375 2.5014560514773753e-05
2.17814990234375 2.4854096144291594e-05
2.17914990234375 2.4296636639353142e-05
2.18014990234375 2.342181676114951e-05
2.18114990234375 2.3364471796257354e-05
2.18214990234375 2.3696956544883572e-05
2.18314990234375 2.4108992345195034e-05
2.18414990234375 2.4867702208920972e-05
2.18514990234375 2.438024250879707e-05
2.18614990234375 2.4851544514574753e-05
2.18714990234375 2.5096168319151672e-05
2.18814990234375 2.5531789143958133e-05
2.18914990234375 2.525376198992212e-05
2.19014990234375 2.6403715342845215e-05
2.19114990234375 2.6125177117781414e-05
2.19214990234375 2.592358582153599e-05
2.19314990234375 2.575783994731675e-05
2.19414990234375 2.6730312177019786e-05
2.19514990234375 2.8242309942325235e-05
2.19614990234375 2.841925232801435e-05
2.19714990234375 2.867090762806315e-05
2.19814990234375 3.02762241629222e-05
2.19914990234375 3.1317051426864264e-05
2.20014990234375 3.2435266214864325e-05
2.20114990234375 3.1082578208146915e-05
2.20214990234375 3.128889332007973e-05
2.20314990234375 3.1589899159782036e-05
2.20414990234375 3.188117660128869e-05
2.20514990234375 3.3942108324320306e-05
2.20614990234375 3.451777888801416e-05
2.20714990234375 3.5461820700032136e-05
2.20814990234375 3.5182461133303366e-05
2.20914990234375 3.668288908846178e-05
2.21014990234375 3.636662679550908e-05
2.21114990234375 3.6225911938852754e-05
2.21214990234375 3.5715521532401784e-05
2.21314990234375 3.612293846099866e-05
2.21414990234375 3.505744029471167e-05
2.21514990234375 3.523059941884631e-05
2.21614990234375 3.5367527410171616e-05
2.21714990234375 3.6902228247656405e-05
2.21814990234375 3.4484577521104436e-05
2.21914990234375 3.5288627960540614e-05
2.22014990234375 3.495854616654169e-05
2.22114990234375 3.6567712348358256e-05
2.22214990234375 3.670402811794253e-05
2.22314990234375 3.570371580624037e-05
2.22414990234375 3.7474421379578244e-05
2.22514990234375 3.9251395605021676e-05
2.22614990234375 4.1233741024349605e-05
2.22714990234375 4.024144962202036e-05
2.22814990234375 3.785097986134852e-05
2.22914990234375 3.776416754022943e-05
2.23014990234375 3.719891798144452e-05
2.23114990234375 3.836076615842318e-05
2.23214990234375 3.6739057584348634e-05
2.23314990234375 3.9171929059779644e-05
2.23414990234375 3.992610852146113e-05
2.23514990234375 4.0244427490819155e-05
2.23614990234375 3.652313269925189e-05
2.23714990234375 3.7740069124889645e-05
2.23814990234375 3.873645337733756e-05
2.23914990234375 4.1934052604923925e-05
2.24014990234375 4.286385052412125e-05
2.24114990234375 4.4719643647654675e-05
2.24214990234375 4.500761586849855e-05
2.24314990234375 4.4827019940024054e-05
2.24414990234375 4.44057330266709e-05
2.24514990234375 4.409924258321992e-05
2.24614990234375 4.4499629074654403e-05
2.24714990234375 4.4633747141788634e-05
2.24814990234375 4.580083635594707e-05
2.24914990234375 4.302092500307476e-05
2.25014990234375 4.237597046632362e-05
2.25114990234375 4.337029932542538e-05
2.25214990234375 4.6046349876708774e-05
2.25314990234375 4.743661286074182e-05
2.25414990234375 4.783905494730041e-05
2.25514990234375 4.8416169779161296e-05
2.25614990234375 4.870038515060465e-05
2.25714990234375 4.8964194964530205e-05
2.25814990234375 4.6948635291596576e-05
2.25914990234375 4.5332907476772966e-05
2.26014990234375 4.2220626195476845e-05
2.26114990234375 4.14675913637054e-05
2.26214990234375 4.3791105504782504e-05
2.26314990234375 4.5168412103809504e-05
2.26414990234375 4.754172418902799e-05
2.26514990234375 4.643614244753224e-05
2.26614990234375 4.815932012547067e-05
2.26714990234375 4.7674351910160366e-05
2.26814990234375 4.62083527626636e-05
2.26914990234375 4.495541028096465e-05
2.27014990234375 4.3653699584311234e-05
2.27114990234375 4.315994908530228e-05
2.27214990234375 3.9883072861147966e-05
2.27314990234375 3.8501537248557365e-05
2.27414990234375 3.817770766776886e-05
2.27514990234375 3.742752164543812e-05
2.27614990234375 3.7465648395978505e-05
2.27714990234375 3.594256211287093e-05
2.27814990234375 3.695203862279848e-05
2.27914990234375 3.6115045520383635e-05
2.28014990234375 3.424071421874983e-05
2.28114990234375 3.336706147521255e-05
2.28214990234375 3.243607759595613e-05
2.28314990234375 3.3661415835155747e-05
2.28414990234375 3.254174919438065e-05
2.28514990234375 2.9234856178378115e-05
2.28614990234375 2.7850820956129153e-05
2.28714990234375 2.7422152052953256e-05
2.28814990234375 2.9226275186793662e-05
2.28914990234375 2.8316631799662183e-05
2.29014990234375 2.803179642944796e-05
2.29114990234375 2.7093348665932002e-05
2.29214990234375 2.6844429134955275e-05
2.29314990234375 2.5804444956272317e-05
2.29414990234375 2.3927973050562264e-05
2.29514990234375 2.1980861359972914e-05
2.29614990234375 2.0333169839716445e-05
2.29714990234375 2.1329223338205912e-05
2.29814990234375 2.0823537135762277e-05
2.29914990234375 2.1170883258049486e-05
2.30014990234375 1.974830373417992e-05
2.30114990234375 1.9363432307397824e-05
2.30214990234375 1.8535082426401114e-05
2.30314990234375 1.8558067531527012e-05
2.30414990234375 1.8575148924630654e-05
2.30514990234375 1.8596540290816846e-05
2.30614990234375 1.8669737269938067e-05
2.30714990234375 1.89207823397273e-05
2.30814990234375 1.7992061813413007e-05
2.30914990234375 1.7020530627700392e-05
2.31014990234375 1.6242293209431318e-05
2.31114990234375 1.6507835205903542e-05
2.31214990234375 1.613663748287216e-05
2.31314990234375 1.537253937825935e-05
2.31414990234375 1.4727935163299678e-05
2.31514990234375 1.531672752557574e-05
2.31614990234375 1.5938405398767628e-05
2.31714990234375 1.5779744120553562e-05
2.31814990234375 1.4472977569732902e-05
2.31914990234375 1.4245113090699564e-05
2.32014990234375 1.3679253453180463e-05
2.32114990234375 1.3087225842432173e-05
2.32214990234375 1.2077501270009735e-05
2.32314990234375 1.159670222611692e-05
2.32414990234375 1.1258259421319045e-05
2.32514990234375 1.1069320020997742e-05
2.32614990234375 1.0278333397394643e-05
2.32714990234375 9.974374699355336e-06
2.32814990234375 9.509554943719668e-06
2.32914990234375 9.112077986025708e-06
2.33014990234375 9.09292451402624e-06
2.33114990234375 8.515143072012647e-06
2.33214990234375 8.317583991857648e-06
2.33314990234375 7.21405825918631e-06
2.33414990234375 6.965876863419437e-06
2.33514990234375 6.547655318232903e-06
2.33614990234375 6.520313392641867e-06
2.33714990234375 5.996525827073757e-06
2.33814990234375 5.651751854150256e-06
2.33914990234375 5.616424470701431e-06
2.34014990234375 5.492866812292928e-06
2.34114990234375 5.306571433115353e-06
2.34214990234375 4.92007336641135e-06
2.34314990234375 4.910688316866346e-06
2.34414990234375 4.975108193426285e-06
2.34514990234375 4.985242296318188e-06
2.34614990234375 5.004159997693311e-06
2.34714990234375 4.882121726203716e-06
2.34814990234375 4.602141207676275e-06
2.34914990234375 4.543988342525363e-06
2.35014990234375 4.613777396755866e-06
2.35114990234375 4.820836580778619e-06
2.35214990234375 4.4555802784633744e-06
2.35314990234375 4.321965909265898e-06
2.35414990234375 4.336341478649615e-06
2.35514990234375 4.4740195871365475e-06
2.35614990234375 4.352993480265692e-06
2.35714990234375 4.164747171514225e-06
2.35814990234375 3.997630238808364e-06
2.35914990234375 3.852914565023174e-06
2.36014990234375 3.5446639568003574e-06
2.36114990234375 3.2172526884680886e-06
2.36214990234375 3.081312745166187e-06
2.36314990234375 3.028964710852934e-06
2.36414990234375 2.9425556578966775e-06
2.36514990234375 2.6110640465100228e-06
2.36614990234375 2.2590963497290403e-06
2.36714990234375 1.9405561732489627e-06
2.36814990234375 1.688591267623677e-06
2.36914990234375 1.5410659461973471e-06
2.37014990234375 1.3749218897354258e-06
2.37114990234375 1.2737877993784131e-06
2.37214990234375 1.0670517680971503e-06
2.37314990234375 9.360919754935509e-07
2.37414990234375 7.84526680455514e-07
2.37514990234375 7.947785745166394e-07
2.37614990234375 7.777858669758019e-07
2.37714990234375 8.196121387183216e-07
2.37814990234375 8.006846102901586e-07
2.37914990234375 8.301820811729704e-07
2.38014990234375 8.045365093455606e-07
2.38114990234375 7.256434064147857e-07
2.38214990234375 6.408786409534699e-07
2.38314990234375 5.778495196668155e-07
2.38414990234375 5.290107146222202e-07
2.38514990234375 4.929941091660758e-07
2.38614990234375 4.601559665378269e-07
2.38714990234375 4.49033279154528e-07
2.38814990234375 4.07449069592009e-07
2.38914990234375 3.802979743576292e-07
2.39014990234375 3.456165318163796e-07
2.39114990234375 3.3004273939385364e-07
2.39214990234375 3.0509362845113855e-07
2.39314990234375 2.841290739053065e-07
2.39414990234375 2.5905984973620305e-07
2.39514990234375 2.3635782425657883e-07
2.39614990234375 2.1892466248845126e-07
2.39714990234375 1.9845985885974448e-07
2.39814990234375 1.7369651314914654e-07
2.39914990234375 1.5615097582075202e-07
2.40014990234375 1.3885877228980812e-07
2.40114990234375 1.2653936405790449e-07
2.40214990234375 1.1167323197985873e-07
2.40314990234375 9.792889200104666e-08
2.40414990234375 8.776775669246874e-08
2.40514990234375 7.67638501957886e-08
2.40614990234375 6.887577495621859e-08
2.40714990234375 5.97484269789208e-08
2.40814990234375 5.1845204094723864e-08
2.40914990234375 4.6347741258064416e-08
2.41014990234375 4.0209688836557294e-08
2.41114990234375 3.6385720855783726e-08
2.41214990234375 3.1597471179413896e-08
2.41314990234375 2.819253889209146e-08
2.41414990234375 2.4543053392386018e-08
2.41514990234375 2.11215092994241e-08
2.41614990234375 1.8449009555361216e-08
2.41714990234375 1.5524979294999984e-08
2.41814990234375 1.4058959446969524e-08
2.41914990234375 1.2638605001471625e-08
2.42014990234375 1.1409009583161853e-08
2.42114990234375 9.908865925571493e-09
2.42214990234375 8.509276880120217e-09
2.42314990234375 7.603200993780042e-09
2.42414990234375 6.849366910181236e-09
2.42514990234375 5.9553060651843975e-09
2.42614990234375 5.259396212122302e-09
2.42714990234375 4.471388653730234e-09
2.42814990234375 4.111532797006291e-09
2.42914990234375 3.683855979437943e-09
2.43014990234375 3.4099458760038074e-09
2.43114990234375 3.098758797847826e-09
2.43214990234375 2.769870203783376e-09
2.43314990234375 2.5112559444765807e-09
2.43414990234375 2.2649819165977917e-09
2.43514990234375 2.0612082305512674e-09
2.43614990234375 1.797764070338866e-09
2.43714990234375 1.6051688613856744e-09
2.43814990234375 1.392692173784229e-09
2.43914990234375 1.236244937401854e-09
2.44014990234375 1.0816983172212438e-09
2.44114990234375 9.72857523473753e-10
2.44214990234375 8.554959817807147e-10
2.44314990234375 7.51393923452594e-10
2.44414990234375 6.551798059811868e-10
2.44514990234375 5.661866767380594e-10
2.44614990234375 4.995404421529215e-10
2.44714990234375 4.2253766691769853e-10
2.44814990234375 3.52098631539661e-10
2.44914990234375 2.9072198010495225e-10
2.45014990234375 2.95187709035631e-10
2.45114990234375 2.9552146009784453e-10
2.45214990234375 2.9497874183065e-10
2.45314990234375 2.77989742467658e-10
2.45414990234375 2.6337159764096153e-10
2.45514990234375 2.4679229069257765e-10
2.45614990234375 2.339006007136842e-10
2.45714990234375 2.2395183756150473e-10
2.45814990234375 2.0569867669137843e-10
2.45914990234375 1.9420559297620881e-10
2.46014990234375 1.8607989925121637e-10
2.46114990234375 1.7343907535335355e-10
2.46214990234375 1.58650845681355e-10
2.46314990234375 1.4261254625737554e-10
2.46414990234375 1.3548838985181597e-10
2.46514990234375 1.240074104302706e-10
2.46614990234375 1.1420434527141594e-10
2.46714990234375 1.0576814968430168e-10
2.46814990234375 9.909920470581639e-11
2.46914990234375 8.622689916071037e-11
2.47014990234375 7.772962525153188e-11
2.47114990234375 7.08637998909684e-11
2.47214990234375 6.710681872824115e-11
2.47314990234375 6.277744684052828e-11
2.47414990234375 5.799357814485799e-11
2.47514990234375 5.2883357659229636e-11
2.47614990234375 4.831611537173369e-11
2.47714990234375 4.389731338608169e-11
2.47814990234375 4.100566255079807e-11
2.47914990234375 3.6683223273923357e-11
2.48014990234375 3.38481596108885e-11
2.48114990234375 3.334362336361171e-11
2.48214990234375 3.178392674518887e-11
2.48314990234375 2.956953561316949e-11
2.48414990234375 2.703503969696407e-11
2.48514990234375 2.5796223512869704e-11
2.48614990234375 2.450188992045696e-11
2.48714990234375 2.307466892142267e-11
2.48814990234375 2.2642052317987166e-11
2.48914990234375 2.2206193433490643e-11
2.49014990234375 2.1764624545455027e-11
2.49114990234375 2.1400531403410932e-11
2.49214990234375 2.2176246814833073e-11
2.49314990234375 2.304206413272919e-11
2.49414990234375 2.366532574131685e-11
2.49514990234375 2.383824598337043e-11
2.49614990234375 2.4379752598507653e-11
2.49714990234375 2.504753921558535e-11
2.49814990234375 2.5675592711209132e-11
2.49914990234375 2.5776411380164813e-11
2.50014990234375 2.567832252921016e-11
2.50114990234375 2.5456051786159456e-11
2.50214990234375 2.5112301797988098e-11
2.50314990234375 2.4545808218400612e-11
2.50414990234375 2.3832533780363148e-11
2.50514990234375 2.2955998230628883e-11
2.50614990234375 2.1992624741116408e-11
2.50714990234375 2.091274448600205e-11
2.50814990234375 1.9662429603668317e-11
2.50914990234375 1.8417947508835023e-11
2.51014990234375 1.7126173527794417e-11
2.51114990234375 1.585080257066857e-11
2.51214990234375 1.4500761359536916e-11
2.51314990234375 1.3152991525268209e-11
2.51414990234375 1.1866148706303128e-11
2.51514990234375 1.061061503160865e-11
2.51614990234375 9.433934343256936e-12
2.51714990234375 8.341619945660856e-12
2.51814990234375 7.377747443371052e-12
2.51914990234375 6.492171257850979e-12
2.52014990234375 5.685081272438977e-12
2.52114990234375 4.9414501884591945e-12
2.52214990234375 4.290631150843339e-12
2.52314990234375 3.710968183158813e-12
2.52414990234375 3.2082462459166278e-12
2.52514990234375 2.7613545223477346e-12
2.52614990234375 2.389839470094279e-12
2.52714990234375 2.0591746869479695e-12
2.52814990234375 1.7845618768124096e-12
2.52914990234375 1.5429869121922257e-12
2.53014990234375 1.347065465595525e-12
2.53114990234375 1.187212093437602e-12
2.53214990234375 1.0442375851383802e-12
2.53314990234375 9.274043299328604e-13
2.53414990234375 8.29205857511044e-13
2.53514990234375 7.585540898797466e-13
2.53614990234375 6.991383162677862e-13
2.53714990234375 6.466786660871855e-13
2.53814990234375 5.986837640669222e-13
2.53914990234375 5.588425435801983e-13
2.54014990234375 5.221573713782364e-13
2.54114990234375 4.902094053376969e-13
2.54214990234375 4.580880214083129e-13
2.54314990234375 4.2641894766483295e-13
2.54414990234375 3.993181231540888e-13
2.54514990234375 3.740784786401969e-13
2.54614990234375 3.522521684989101e-13
2.54714990234375 3.2892941035629183e-13
2.54814990234375 3.0992806245234343e-13
2.54914990234375 2.878881380153018e-13
2.55014990234375 2.6780648035453643e-13
2.55114990234375 2.4404686623654225e-13
2.55214990234375 2.2437583971164306e-13
2.55314990234375 2.0393680191779695e-13
2.55414990234375 1.850754570733956e-13
2.55514990234375 1.6739872363864877e-13
2.55614990234375 1.5038784933856754e-13
2.55714990234375 1.3453500555590587e-13
2.55814990234375 1.1949655020362693e-13
2.55914990234375 1.0642801128964454e-13
2.56014990234375 9.455313179999621e-14
2.56114990234375 8.382575770157522e-14
2.56214990234375 7.379179629480744e-14
2.56314990234375 6.49412548425443e-14
2.56414990234375 5.649446850530336e-14
2.56514990234375 4.923014428331765e-14
2.56614990234375 4.2968273758486233e-14
2.56714990234375 3.7109645405648414e-14
2.56814990234375 3.2112091344360186e-14
2.56914990234375 2.748080498033907e-14
2.57014990234375 2.3687602806607853e-14
2.57114990234375 2.0489118032789014e-14
2.57214990234375 1.7734436257136457e-14
2.57314990234375 1.5355575759392617e-14
2.57414990234375 1.3060960590297076e-14
2.57514990234375 1.119752314572928e-14
2.57614990234375 9.633791681335148e-15
2.57714990234375 8.348272113210592e-15
2.57814990234375 7.252490371371965e-15
2.57914990234375 6.291057319923141e-15
2.58014990234375 5.4360472654410886e-15
2.58114990234375 4.6669618098974805e-15
2.58214990234375 4.030038126726441e-15
2.58314990234375 3.480008202580203e-15
2.58414990234375 2.9705828333238013e-15
2.58514990234375 2.5824952313647536e-15
2.58614990234375 2.2064789932156295e-15
2.58714990234375 1.924995528636228e-15
2.58814990234375 1.6115171913099482e-15
2.58914990234375 1.3635564492764196e-15
2.59014990234375 1.151584301094045e-15
2.59114990234375 9.818323022520837e-16
2.59214990234375 8.309010453918767e-16
2.59314990234375 6.87670872012334e-16
2.59414990234375 5.86224320400391e-16
2.59514990234375 4.829310698157528e-16
2.59614990234375 3.962938486115526e-16
2.59714990234375 3.2689204775005693e-16
2.59814990234375 2.7229734545961644e-16
2.59914990234375 2.2762817316515006e-16
