Wavelength_microns Throughput
0.5505499877929687 1.632952204733377e-09
0.5515499877929687 1.8932775237501925e-09
0.5525499877929687 2.2530149943588844e-09
0.5535499877929687 1.0673065939021307e-09
0.5545499877929687 2.0783554612086973e-09
0.5555499877929687 3.4916811291115774e-09
0.5565499877929687 3.3991841532555003e-09
0.5575499877929687 3.943219764408463e-09
0.5585499877929687 2.048646388927801e-09
0.5595499877929687 8.307007357210582e-10
0.5605499877929687 1.4161026415258288e-09
0.5615499877929687 2.924776712545768e-09
0.5625499877929687 1.8424000778533533e-09
0.5635499877929687 2.8335394446338336e-09
0.5645499877929687 1.1849142853267307e-09
0.5655499877929687 2.3528817162262404e-09
0.5665499877929687 4.444632659727545e-09
0.5675499877929687 1.5809833123888034e-09
0.5685499877929687 2.626303276092927e-09
0.5695499877929687 1.149354756530111e-09
0.5705499877929687 1.6643499310146227e-09
0.5715499877929687 4.482567895755523e-09
0.5725499877929687 5.965680386240145e-09
0.5735499877929687 9.228925843838522e-09
0.5745499877929687 5.678831728478997e-09
0.5755499877929687 2.2347979163920036e-09
0.5765499877929687 5.442527436733975e-09
0.5775499877929687 2.6618763738569716e-09
0.5785499877929687 1.0308180942410248e-09
0.5795499877929687 3.4965963859663563e-09
0.5805499877929687 4.112652618108074e-09
0.5815499877929687 2.186934704560337e-09
0.5825499877929687 1.0204759521287968e-08
0.5835499877929687 8.352647617792047e-09
0.5845499877929687 4.853816272490526e-09
0.5855499877929687 6.419045720140001e-09
0.5865499877929687 1.2447523380427896e-08
0.5875499877929687 9.970657541638707e-09
0.5885499877929687 1.7747687107861762e-08
0.5895499877929687 5.3908172755218155e-09
0.5905499877929687 5.201317054772514e-09
0.5915499877929687 2.6559733872586322e-08
0.5925499877929687 9.089771931516325e-09
0.5935499877929687 1.5403431717092906e-08
0.5945499877929687 3.9602749947418514e-09
0.5955499877929687 1.7360063626510766e-08
0.5965499877929688 1.2751323518991379e-08
0.5975499877929688 5.947486017246925e-09
0.5985499877929688 1.7173640291659123e-08
0.5995499877929688 2.199925850810595e-08
0.6005499877929688 1.808654198047652e-08
0.6015499877929688 1.7116243956343188e-08
0.6025499877929688 2.2494416716747226e-08
0.6035499877929688 2.2496085216276455e-08
0.6045499877929688 1.0529644057147728e-08
0.6055499877929688 1.198117871296202e-08
0.6065499877929688 6.473446012317024e-09
0.6075499877929688 2.8734872690038886e-08
0.6085499877929688 6.170102240997444e-09
0.6095499877929688 2.1891846165443735e-08
0.6105499877929688 1.917210997238195e-08
0.6115499877929688 4.308872685066503e-08
0.6125499877929688 2.2809397171617716e-08
0.6135499877929688 1.709299141571099e-08
0.6145499877929688 2.1733123676776115e-08
0.6155499877929688 3.6316113651656402e-09
0.6165499877929688 3.544006293553009e-09
0.6175499877929688 7.747041737160586e-09
0.6185499877929688 2.490520080305614e-08
0.6195499877929688 3.7031969690810714e-08
0.6205499877929688 1.0474723507926598e-08
0.6215499877929688 2.0361256824356054e-08
0.6225499877929688 1.075141795013815e-09
0.6235499877929688 8.262940907935139e-09
0.6245499877929688 2.823716596541941e-08
0.6255499877929688 1.3342605205552541e-08
0.6265499877929688 2.179881176871344e-08
0.6275499877929688 1.4556754650118081e-08
0.6285499877929688 2.5485329297983797e-08
0.6295499877929688 3.771024832297031e-08
0.6305499877929688 3.165350122419051e-08
0.6315499877929688 3.948327793705722e-08
0.6325499877929688 5.038938041424024e-08
0.6335499877929688 4.267037973485979e-08
0.6345499877929688 1.5461347165004695e-08
0.6355499877929688 1.3206266080407726e-08
0.6365499877929688 4.2801709836893074e-08
0.6375499877929688 5.0027475480369654e-08
0.6385499877929688 4.3041725487216366e-08
0.6395499877929688 3.5417030676475235e-08
0.6405499877929688 4.353550630718243e-08
0.6415499877929688 3.267556586583343e-08
0.6425499877929688 4.572518086643794e-08
0.6435499877929688 1.4164934016429908e-08
0.6445499877929688 2.367617130783836e-08
0.6455499877929688 3.4902919418425034e-08
0.6465499877929688 4.566317458141671e-08
0.6475499877929688 7.563113949772962e-08
0.6485499877929688 6.668809255535281e-08
0.6495499877929688 6.157989239356748e-08
0.6505499877929688 5.2314971460367856e-08
0.6515499877929688 5.44451934046274e-08
0.6525499877929688 5.314381522640906e-08
0.6535499877929688 5.997316294999873e-08
0.6545499877929688 5.567791701906441e-08
0.6555499877929688 6.52406177868305e-08
0.6565499877929688 5.666894730243186e-08
0.6575499877929688 5.946324466497853e-08
0.6585499877929688 6.803258693305848e-08
0.6595499877929687 7.110552290942451e-08
0.6605499877929687 8.215045712615711e-08
0.6615499877929687 6.101736269938102e-08
0.6625499877929687 6.47082576736381e-08
0.6635499877929687 7.135416316252654e-08
0.6645499877929687 8.40334025649772e-08
0.6655499877929687 8.540620017976898e-08
0.6665499877929687 1.0511297872025579e-07
0.6675499877929687 1.0104493049484348e-07
0.6685499877929687 7.796946690797879e-08
0.6695499877929687 1.0023886739547073e-07
0.6705499877929687 9.920040922663272e-08
0.6715499877929687 1.1912045819572265e-07
0.6725499877929687 1.1656120702412232e-07
0.6735499877929687 1.2204102447529873e-07
0.6745499877929687 1.2566218847769336e-07
0.6755499877929687 1.0191748997968476e-07
0.6765499877929687 1.133971541541263e-07
0.6775499877929687 9.536800452679628e-08
0.6785499877929687 1.3390491335714838e-07
0.6795499877929687 1.54606079419687e-07
0.6805499877929687 9.60766556359597e-08
0.6815499877929687 1.2229256291837689e-07
0.6825499877929687 1.3663598994734388e-07
0.6835499877929687 1.797070088398734e-07
0.6845499877929687 1.7412220700973795e-07
0.6855499877929687 1.8551915794118542e-07
0.6865499877929687 1.762750809040792e-07
0.6875499877929687 2.450133118256416e-07
0.6885499877929687 1.9159549125794244e-07
0.6895499877929687 1.9603797168952174e-07
0.6905499877929687 1.9192384955481428e-07
0.6915499877929687 1.9694702197133113e-07
0.6925499877929687 2.039378909390264e-07
0.6935499877929687 2.1268212472229718e-07
0.6945499877929687 2.3578015709351953e-07
0.6955499877929687 2.1049113188420997e-07
0.6965499877929687 2.1612191050328744e-07
0.6975499877929687 2.0791521704315123e-07
0.6985499877929687 1.9810693914442915e-07
0.6995499877929687 2.1673656693017667e-07
0.7005499877929687 2.5962368869925537e-07
0.7015499877929687 2.4369458604666987e-07
0.7025499877929687 2.347026464332607e-07
0.7035499877929687 2.236268560106602e-07
0.7045499877929687 2.2325692022611979e-07
0.7055499877929687 1.8477733364138325e-07
0.7065499877929687 2.2617242061883193e-07
0.7075499877929687 1.9986706096102268e-07
0.7085499877929687 2.2753672087548253e-07
0.7095499877929687 2.69337311764516e-07
0.7105499877929687 2.3308985063134767e-07
0.7115499877929687 2.6071551279905715e-07
0.7125499877929687 2.809222671571429e-07
0.7135499877929687 2.900602241292478e-07
0.7145499877929687 3.0902276844779067e-07
0.7155499877929687 3.200110941872198e-07
0.7165499877929687 2.8988187399488823e-07
0.7175499877929687 3.08018516447136e-07
0.7185499877929687 3.003031127820965e-07
0.7195499877929687 3.3231684798150265e-07
0.7205499877929687 2.6311150311494505e-07
0.7215499877929688 3.0089310789269034e-07
0.7225499877929688 3.2958685185822674e-07
0.7235499877929688 3.372545378660138e-07
0.7245499877929688 3.500814629524476e-07
0.7255499877929688 3.5684559304735944e-07
0.7265499877929688 3.3621902251209386e-07
0.7275499877929688 3.458788925771554e-07
0.7285499877929688 2.8820817715122234e-07
0.7295499877929688 3.197783702357859e-07
0.7305499877929688 3.1196392633408133e-07
0.7315499877929688 2.8247086173811125e-07
0.7325499877929688 3.120360392805422e-07
0.7335499877929688 2.7785727340574285e-07
0.7345499877929688 2.929914396038612e-07
0.7355499877929688 3.046283241669683e-07
0.7365499877929688 2.842525430970803e-07
0.7375499877929688 3.1702561974761104e-07
0.7385499877929688 2.911676888127651e-07
0.7395499877929688 3.248891794224807e-07
0.7405499877929688 3.3203283065024e-07
0.7415499877929688 3.418285201032621e-07
0.7425499877929688 3.0968543490397116e-07
0.7435499877929688 3.563746016748616e-07
0.7445499877929688 3.5752655433603935e-07
0.7455499877929688 3.678823729255933e-07
0.7465499877929688 3.3195082765457297e-07
0.7475499877929688 3.7650447129365783e-07
0.7485499877929688 3.605939549653193e-07
0.7495499877929688 4.152511844711248e-07
0.7505499877929688 3.899639761245515e-07
0.7515499877929688 4.1329577359221324e-07
0.7525499877929688 4.053037800390127e-07
0.7535499877929688 4.752906499743755e-07
0.7545499877929688 3.777846138953683e-07
0.7555499877929688 4.68432037229486e-07
0.7565499877929688 4.2437974672721894e-07
0.7575499877929688 4.811328050636718e-07
0.7585499877929688 5.234288700196071e-07
0.7595499877929688 4.6054027878145245e-07
0.7605499877929688 4.7501592176801404e-07
0.7615499877929688 4.871147474478506e-07
0.7625499877929688 5.909736614537072e-07
0.7635499877929688 5.376559500839009e-07
0.7645499877929688 5.217771284120189e-07
0.7655499877929688 5.668665268439915e-07
0.7665499877929688 6.085116547924472e-07
0.7675499877929688 6.087814734196668e-07
0.7685499877929688 5.728812047323612e-07
0.7695499877929688 6.856793613659689e-07
0.7705499877929688 6.769285333862751e-07
0.7715499877929688 7.220744821005838e-07
0.7725499877929688 6.711533526510241e-07
0.7735499877929688 7.109551359617029e-07
0.7745499877929688 7.436322586397173e-07
0.7755499877929688 8.16552142962931e-07
0.7765499877929688 9.000480816741868e-07
0.7775499877929688 9.024800620657555e-07
0.7785499877929688 1.101021498217959e-06
0.7795499877929688 1.3432089280729248e-06
0.7805499877929688 2.0815334029867546e-06
0.7815499877929688 3.4694181888224267e-06
0.7825499877929688 6.753146157594725e-06
0.7835499877929688 1.5104680457409472e-05
0.7845499877929687 3.48829842695882e-05
0.7855499877929687 8.198941493740257e-05
0.7865499877929687 0.00019831926635679453
0.7875499877929687 0.0005144852092005854
0.7885499877929687 0.0013908686614384905
0.7895499877929687 0.0037500781341461473
0.7905499877929687 0.009559585886874859
0.7915499877929687 0.021481314898037104
0.7925499877929687 0.04141567119498162
0.7935499877929687 0.0692653925531639
0.7945499877929687 0.10224360849437672
0.7955499877929687 0.1360562827618135
0.7965499877929687 0.16731694939473274
0.7975499877929687 0.19437371224350408
0.7985499877929687 0.21571288650142206
0.7995499877929687 0.23049330209875654
0.8005499877929687 0.2408507064908777
0.8015499877929687 0.24698177309473313
0.8025499877929687 0.2514952463669349
0.8035499877929687 0.25576695536816735
0.8045499877929687 0.2612149897101793
0.8055499877929687 0.2644137397523416
0.8065499877929687 0.2644991270090293
0.8075499877929687 0.2600250894690278
0.8085499877929687 0.25318932742297057
0.8095499877929687 0.24656525237657057
0.8105499877929687 0.24348762199395366
0.8115499877929687 0.24325556138206647
0.8125499877929687 0.2448781193649113
0.8135499877929687 0.24543240893474677
0.8145499877929687 0.24519122468838817
0.8155499877929687 0.24223109223751285
0.8165499877929687 0.23947534705018536
0.8175499877929687 0.240542686309046
0.8185499877929687 0.24674156414064033
0.8195499877929687 0.25429966301987755
0.8205499877929687 0.2647068801872013
0.8215499877929687 0.2719234086115365
0.8225499877929687 0.2775451233654637
0.8235499877929687 0.2797950244535007
0.8245499877929687 0.2799301472629868
0.8255499877929687 0.276470798625327
0.8265499877929687 0.27209107965795015
0.8275499877929687 0.2702769252269925
0.8285499877929687 0.26994877761580294
0.8295499877929687 0.2712708104874233
0.8305499877929687 0.2736709498955201
0.8315499877929687 0.27424135089965646
0.8325499877929687 0.2729144518205336
0.8335499877929687 0.2697175095576786
0.8345499877929687 0.2660746024045559
0.8355499877929687 0.26341059511241843
0.8365499877929687 0.2623685156075564
0.8375499877929687 0.26295790516645906
0.8385499877929687 0.26507126026980365
0.8395499877929687 0.26734394408817813
0.8405499877929687 0.2694530849899308
0.8415499877929687 0.27077909250099813
0.8425499877929687 0.27381938461137795
0.8435499877929687 0.2767272960673376
0.8445499877929687 0.27942843827481445
0.8455499877929687 0.28232761944344625
0.8465499877929688 0.284194711621194
0.8475499877929688 0.2840132422595629
0.8485499877929688 0.2845888735600974
0.8495499877929688 0.2866699998088125
0.8505499877929688 0.28783934465510497
0.8515499877929688 0.28930693070403396
0.8525499877929688 0.28773541180534223
0.8535499877929688 0.286519835986364
0.8545499877929688 0.28418459576745325
0.8555499877929688 0.28141405949546816
0.8565499877929688 0.2793849256696604
0.8575499877929688 0.2777291544477827
0.8585499877929688 0.2768564585316712
0.8595499877929688 0.274153229645817
0.8605499877929688 0.2726422026791133
0.8615499877929688 0.2710840924622271
0.8625499877929688 0.2687702835229457
0.8635499877929688 0.26908211369332685
0.8645499877929688 0.2718498217175097
0.8655499877929688 0.27312182839566473
0.8665499877929688 0.2774861655415141
0.8675499877929688 0.2825061934748688
0.8685499877929688 0.28582584543908507
0.8695499877929688 0.2889461187325951
0.8705499877929688 0.2936622023145671
0.8715499877929688 0.2954643309597683
0.8725499877929688 0.2980295600900759
0.8735499877929688 0.2985280868527942
0.8745499877929688 0.2977484616224653
0.8755499877929688 0.2940733023243839
0.8765499877929688 0.2922960062327069
0.8775499877929688 0.2917007816020267
0.8785499877929688 0.2884128911724367
0.8795499877929688 0.2827141122283113
0.8805499877929688 0.28314911188246855
0.8815499877929688 0.2811304787625309
0.8825499877929688 0.2778680204513671
0.8835499877929688 0.27865694313908657
0.8845499877929688 0.2753768051327456
0.8855499877929688 0.2686755347557261
0.8865499877929688 0.2653848001353747
0.8875499877929688 0.2652930743374487
0.8885499877929688 0.27366477626545194
0.8895499877929688 0.2717762645159856
0.8905499877929688 0.2801131723424467
0.8915499877929688 0.2893306625610901
0.8925499877929688 0.29513878672964694
0.8935499877929688 0.2976054451556794
0.8945499877929688 0.2993083692076299
0.8955499877929688 0.30217327270137173
0.8965499877929688 0.3046750019556068
0.8975499877929688 0.29845885318788484
0.8985499877929688 0.29588806174533794
0.8995499877929688 0.29506906352387496
0.9005499877929688 0.291417893640922
0.9015499877929688 0.2873631051111705
0.9025499877929688 0.2841565436354833
0.9035499877929688 0.280185451523995
0.9045499877929688 0.2765070995761359
0.9055499877929688 0.27468055745508807
0.9065499877929688 0.27205797683984945
0.9075499877929688 0.27028229746146176
0.9085499877929688 0.27085969656915126
0.9095499877929687 0.2721516114292812
0.9105499877929687 0.276248354046998
0.9115499877929687 0.27894788632523526
0.9125499877929687 0.28283917986139967
0.9135499877929687 0.2896340447718529
0.9145499877929687 0.2926178947153143
0.9155499877929687 0.2987966561667057
0.9165499877929687 0.3051979809952627
0.9175499877929687 0.30893608815779394
0.9185499877929687 0.31253577750140266
0.9195499877929687 0.314156599737199
0.9205499877929687 0.3145289161927837
0.9215499877929687 0.31635451037183643
0.9225499877929687 0.3148614872349927
0.9235499877929687 0.31329959854260614
0.9245499877929687 0.3091694579669156
0.9255499877929687 0.3067822974460136
0.9265499877929687 0.30413612554147645
0.9275499877929687 0.30087812578858064
0.9285499877929687 0.29738258066781664
0.9295499877929687 0.29643060690460526
0.9305499877929687 0.29457266112853625
0.9315499877929687 0.29424540780351005
0.9325499877929687 0.2935362789656261
0.9335499877929687 0.2927145683931277
0.9345499877929687 0.29212982948641764
0.9355499877929687 0.2917306048974898
0.9365499877929687 0.2908599303358556
0.9375499877929687 0.2914239427689338
0.9385499877929687 0.29141698084747253
0.9395499877929687 0.2929631177703549
0.9405499877929687 0.2969276473960248
0.9415499877929687 0.3003223733555644
0.9425499877929687 0.30474277679104245
0.9435499877929687 0.3077827349716675
0.9445499877929687 0.3124370600955194
0.9455499877929687 0.31422032186956844
0.9465499877929687 0.31667085829008945
0.9475499877929687 0.31552470354229534
0.9485499877929687 0.313147906883745
0.9495499877929687 0.31145269139980924
0.9505499877929687 0.3094027005551435
0.9515499877929687 0.3072730751445603
0.9525499877929687 0.3034916683013102
0.9535499877929687 0.30162103481353403
0.9545499877929687 0.2981827170665391
0.9555499877929687 0.2969784022688065
0.9565499877929687 0.2954285888053077
0.9575499877929687 0.29437400561103316
0.9585499877929687 0.29445579162922275
0.9595499877929687 0.2964864756521872
0.9605499877929687 0.2972798905539389
0.9615499877929687 0.2994210782774726
0.9625499877929687 0.30325771302573795
0.9635499877929687 0.3073775278772801
0.9645499877929687 0.31129691520429636
0.9655499877929687 0.3148206781758103
0.9665499877929687 0.3176697125619977
0.9675499877929687 0.319057999468533
0.9685499877929687 0.32093481706850197
0.9695499877929687 0.3231723205249616
0.9705499877929687 0.32107207902803214
0.9715499877929688 0.3205058463067489
0.9725499877929688 0.31946790421405846
0.9735499877929688 0.3181057303337926
0.9745499877929688 0.3161576662862099
0.9755499877929688 0.31542871323963806
0.9765499877929688 0.3124000818488671
0.9775499877929688 0.30999886200113946
0.9785499877929688 0.3057450213545271
0.9795499877929688 0.30347994919743554
0.9805499877929688 0.30041802261979683
0.9815499877929688 0.2996314127629721
0.9825499877929688 0.3010149460448107
0.9835499877929688 0.30362335268533697
0.9845499877929688 0.30733913115379996
0.9855499877929688 0.31268296122132266
0.9865499877929688 0.31655669760840816
0.9875499877929688 0.3206521687400189
0.9885499877929688 0.3217149503565389
0.9895499877929688 0.32359271889910707
0.9905499877929688 0.322713946795107
0.9915499877929688 0.32245427855206305
0.9925499877929688 0.32145244403337847
0.9935499877929688 0.3196030683040218
0.9945499877929688 0.31657995762542895
0.9955499877929688 0.3181208939407096
0.9965499877929688 0.3168913645820683
0.9975499877929688 0.3177367409273926
0.9985499877929688 0.31847346526163356
0.9995499877929688 0.3183528197223226
1.0005499877929687 0.3150378204193461
1.0015499877929688 0.3012645276414312
1.0025499877929687 0.2757486446306153
1.0035499877929688 0.2375494818890873
1.0045499877929687 0.19048612249643496
1.0055499877929688 0.15123639793331295
1.0065499877929687 0.12260269719000129
1.0075499877929688 0.09833724805525355
1.0085499877929687 0.07987756974874204
1.0095499877929688 0.06411708436102409
1.0105499877929687 0.054892567024123456
1.0115499877929688 0.04435334389952825
1.0125499877929687 0.03969172680927191
1.0135499877929688 0.03357212955439569
1.0145499877929687 0.02938573568161331
1.0155499877929688 0.024682885882752078
1.0165499877929687 0.022662084221113758
1.0175499877929688 0.019462447430602093
1.0185499877929687 0.017092152088170838
1.0195499877929688 0.014255634716919912
1.0205499877929687 0.01110926846659156
1.0215499877929688 0.008294986970016566
1.0225499877929687 0.006148326801040976
1.0235499877929688 0.004338326272893666
1.024550048828125 0.0030174372537978725
1.025550048828125 0.002089191659393524
1.026550048828125 0.001453975056711842
1.027550048828125 0.0010052410885613222
1.028550048828125 0.000716560235668367
1.029550048828125 0.0005141435416195133
1.030550048828125 0.0003693739482772808
1.031550048828125 0.0002726982904687068
1.032550048828125 0.00020314304224603694
1.033550048828125 0.00015181955627775794
1.034550048828125 0.00011530917368349988
1.035550048828125 8.839394370037147e-05
1.036550048828125 6.864307150533384e-05
1.037550048828125 5.369457118337193e-05
1.038550048828125 4.2573727821677656e-05
1.039550048828125 3.547396262100036e-05
1.040550048828125 2.8687453736029575e-05
1.041550048828125 2.3414922961032627e-05
1.042550048828125 1.9229141958948996e-05
1.043550048828125 1.6436073187182212e-05
1.044550048828125 1.4149465643893245e-05
1.045550048828125 1.2339833380615006e-05
1.046550048828125 1.0969322155479178e-05
1.047550048828125 1.0172366961689658e-05
1.048550048828125 8.781875293944984e-06
1.049550048828125 7.796611185170744e-06
1.050550048828125 7.451982863844199e-06
1.051550048828125 6.908973226210545e-06
1.052550048828125 6.479175023524876e-06
1.053550048828125 5.991958554567965e-06
1.054550048828125 5.45082652675101e-06
1.055550048828125 5.274339667408316e-06
1.056550048828125 5.3268826662115696e-06
1.057550048828125 5.003561875418353e-06
1.058550048828125 5.028714329801364e-06
1.059550048828125 4.786390597947496e-06
1.060550048828125 4.619838348218408e-06
1.061550048828125 4.173620050648192e-06
1.062550048828125 4.97370979605347e-06
1.063550048828125 4.040493017677088e-06
1.064550048828125 4.239984983274569e-06
1.065550048828125 3.665965182336063e-06
1.066550048828125 4.561923610647935e-06
1.067550048828125 4.3388469225304786e-06
1.068550048828125 3.69925460928681e-06
1.069550048828125 3.425804168233804e-06
1.070550048828125 4.007241648650189e-06
1.071550048828125 3.7036631029784937e-06
1.072550048828125 3.5070554004950122e-06
1.073550048828125 3.925158849538702e-06
1.074550048828125 4.335777657400179e-06
1.075550048828125 3.3446527795077927e-06
1.076550048828125 4.021502424314383e-06
1.077550048828125 3.717066793476173e-06
1.078550048828125 3.8120455578387185e-06
1.079550048828125 4.0067366832456475e-06
1.080550048828125 4.264129592943226e-06
1.081550048828125 4.49368166846245e-06
1.082550048828125 3.651256955407992e-06
1.083550048828125 3.814998644668479e-06
1.084550048828125 4.33475043598449e-06
1.085550048828125 3.7497199908474757e-06
1.086550048828125 3.96792202697229e-06
1.087550048828125 3.82358226542785e-06
1.088550048828125 3.3598382611760823e-06
1.089550048828125 3.6617580301133045e-06
1.090550048828125 3.7248038892966165e-06
1.091550048828125 3.4171656653650965e-06
1.092550048828125 3.4119174097897136e-06
1.093550048828125 3.711368670928848e-06
1.094550048828125 3.6977384336246145e-06
1.095550048828125 3.6060533331301272e-06
1.096550048828125 3.93303394007473e-06
1.097550048828125 3.885006521519315e-06
1.098550048828125 3.782528537085064e-06
1.099550048828125 3.525139363853109e-06
1.100550048828125 3.060741083963382e-06
1.101550048828125 3.580335042342079e-06
1.102550048828125 3.6118586416910517e-06
1.103550048828125 3.1193625943039842e-06
1.104550048828125 3.761709004948259e-06
1.105550048828125 3.5616059216238e-06
1.106550048828125 3.626762954612716e-06
1.107550048828125 3.2933429793355183e-06
1.108550048828125 3.6848107975966644e-06
1.109550048828125 3.5234886774650873e-06
1.110550048828125 3.558810724755346e-06
1.111550048828125 3.139354053802714e-06
1.112550048828125 3.9642628051763226e-06
1.113550048828125 4.015885446299698e-06
1.114550048828125 3.4995797369185116e-06
1.115550048828125 3.6721981772997546e-06
1.116550048828125 3.624166487181844e-06
1.117550048828125 3.6754162619381585e-06
1.118550048828125 3.474145246828352e-06
1.119550048828125 3.837983012827271e-06
1.120550048828125 3.928599580298896e-06
1.121550048828125 3.865861832025847e-06
1.122550048828125 3.839709947921031e-06
1.123550048828125 3.6782621988876985e-06
1.124550048828125 3.52185888824788e-06
1.125550048828125 3.733040052295185e-06
1.126550048828125 3.3007080140937793e-06
1.127550048828125 3.3762004544120876e-06
1.128550048828125 3.955862854408959e-06
1.129550048828125 4.2969554030450924e-06
1.130550048828125 3.617409398492665e-06
1.131550048828125 3.7560126128959264e-06
1.132550048828125 3.73972870560512e-06
1.133550048828125 3.449550475827874e-06
1.134550048828125 4.527999453434281e-06
1.135550048828125 4.195725723391816e-06
1.136550048828125 3.542228654061165e-06
1.137550048828125 3.6665313885820365e-06
1.138550048828125 3.7524724606985922e-06
1.139550048828125 3.79475081842734e-06
1.140550048828125 4.091671474373352e-06
1.141550048828125 3.4375908472616335e-06
1.142550048828125 4.118428150684678e-06
1.143550048828125 3.6142176744808915e-06
1.144550048828125 3.921983772388187e-06
1.145550048828125 3.6551162227662905e-06
1.146550048828125 3.4710383453809607e-06
1.147550048828125 3.874420748508674e-06
1.148550048828125 3.50814671471991e-06
1.149550048828125 3.575201019344576e-06
1.150550048828125 3.993939691295945e-06
1.151550048828125 3.915991633291769e-06
1.152550048828125 3.98802392470312e-06
1.153550048828125 4.14839257548784e-06
1.154550048828125 4.137642499868578e-06
1.155550048828125 4.226197435528653e-06
1.156550048828125 3.619550203982993e-06
1.157550048828125 3.9950750617552935e-06
1.158550048828125 3.6438157293423258e-06
1.159550048828125 3.745733205223493e-06
1.160550048828125 3.851011031905081e-06
1.161550048828125 4.167555781277374e-06
1.162550048828125 3.6819035547202463e-06
1.163550048828125 3.49031860795373e-06
1.164550048828125 3.886560674809811e-06
1.165550048828125 4.083109158632706e-06
1.166550048828125 3.6129977469949266e-06
1.167550048828125 3.485293141487921e-06
1.168550048828125 3.6624740829959946e-06
1.169550048828125 3.3532374504020294e-06
1.170550048828125 3.5420635395749087e-06
1.171550048828125 3.7947074096026148e-06
1.172550048828125 3.8532510083318745e-06
1.173550048828125 3.7035328416002904e-06
1.174550048828125 3.740452675150968e-06
1.175550048828125 3.5667196878423777e-06
1.176550048828125 3.5573645129733264e-06
1.177550048828125 3.613672726192032e-06
1.178550048828125 3.7367273336968626e-06
1.179550048828125 3.312390507463532e-06
1.180550048828125 3.1901308656456528e-06
1.181550048828125 3.6491712707170302e-06
1.182550048828125 3.2540687546998697e-06
1.183550048828125 3.6904055185114836e-06
1.184550048828125 3.0059041596102227e-06
1.185550048828125 3.634226934874574e-06
1.186550048828125 3.4815768612485344e-06
1.187550048828125 3.134705920401796e-06
1.188550048828125 3.304877522173454e-06
1.189550048828125 3.781412384321456e-06
1.190550048828125 3.729344083731962e-06
1.191550048828125 3.4037339409249185e-06
1.192550048828125 3.80435286749054e-06
1.193550048828125 3.5885508898723604e-06
1.194550048828125 3.118275247392457e-06
1.195550048828125 3.7645965273516116e-06
1.196550048828125 3.246746505075723e-06
1.197550048828125 3.369945749748028e-06
1.198550048828125 3.480887401082587e-06
1.199550048828125 3.570007790743177e-06
1.200550048828125 3.228958835576777e-06
1.201550048828125 3.450429865517595e-06
1.202550048828125 3.338940100170621e-06
1.203550048828125 3.4038444354988764e-06
1.204550048828125 3.3787707623186133e-06
1.205550048828125 3.3344884884272e-06
1.206550048828125 3.115012348642559e-06
1.207550048828125 3.0057253557579903e-06
1.208550048828125 2.9547628700161045e-06
1.209550048828125 3.270166836172221e-06
1.210550048828125 3.2585884674266757e-06
1.211550048828125 3.3963494602293484e-06
1.212550048828125 3.2920908738792698e-06
1.213550048828125 3.5049493603305224e-06
1.214550048828125 2.861065399545498e-06
1.215550048828125 3.418292897386214e-06
1.216550048828125 3.2380934724631483e-06
1.217550048828125 3.282352636700478e-06
1.218550048828125 3.4708119612262365e-06
1.219550048828125 3.3845674791374807e-06
1.220550048828125 3.712028499654376e-06
1.221550048828125 3.79648254622097e-06
1.222550048828125 3.3719617376428142e-06
1.223550048828125 3.1997497124769117e-06
1.224550048828125 2.914865120030012e-06
1.225550048828125 3.4186273614625395e-06
1.226550048828125 3.6189325132543977e-06
1.227550048828125 3.6662551199962e-06
1.228550048828125 3.4585022513035358e-06
1.229550048828125 3.755361061800934e-06
1.230550048828125 3.2558823162703656e-06
1.231550048828125 3.3079298467484622e-06
1.232550048828125 3.6184300399650485e-06
1.233550048828125 3.2661449820755035e-06
1.234550048828125 3.5330837330662095e-06
1.235550048828125 3.443262618835674e-06
1.236550048828125 3.6863114910849685e-06
1.237550048828125 3.3847502408638877e-06
1.238550048828125 3.534660702019673e-06
1.239550048828125 3.455019642991234e-06
1.240550048828125 3.477959071949189e-06
1.241550048828125 3.8014744884611816e-06
1.242550048828125 3.5858941819964375e-06
1.243550048828125 3.3616605790547545e-06
1.244550048828125 3.669749200622162e-06
1.245550048828125 3.7522814586107767e-06
1.246550048828125 3.261391471801166e-06
1.247550048828125 3.3640863243347847e-06
1.248550048828125 3.465092742565253e-06
1.249550048828125 3.752208084850763e-06
1.250550048828125 3.62924355683753e-06
1.251550048828125 3.3392711326605356e-06
1.252550048828125 3.845293869341264e-06
1.253550048828125 3.308610267857352e-06
1.254550048828125 3.4689567261662354e-06
1.255550048828125 3.5732273581480036e-06
1.256550048828125 3.403533187639914e-06
1.257550048828125 3.681520942483227e-06
1.258550048828125 3.523044487935477e-06
1.259550048828125 3.41811641534883e-06
1.260550048828125 3.477854220735592e-06
1.261550048828125 3.3348469569356075e-06
1.262550048828125 3.459185493722925e-06
1.263550048828125 3.7099218647580872e-06
1.264550048828125 3.1240182296680795e-06
1.265550048828125 3.5276070854953466e-06
1.266550048828125 3.6162352573649468e-06
1.267550048828125 3.1814328425122572e-06
1.268550048828125 3.1729428888543567e-06
1.269550048828125 3.6531862545837746e-06
1.270550048828125 3.3857488274833892e-06
1.271550048828125 3.4750491066686137e-06
1.272550048828125 3.83132663195693e-06
1.273550048828125 4.0158165543687205e-06
1.274550048828125 3.7462013289905106e-06
1.275550048828125 4.088371478351128e-06
1.276550048828125 3.328241466628061e-06
1.277550048828125 3.7293261416035507e-06
1.278550048828125 3.896851792567396e-06
1.279550048828125 4.244429139094338e-06
1.280550048828125 4.260270949583424e-06
1.281550048828125 4.321805003474245e-06
1.282550048828125 3.452946890282151e-06
1.283550048828125 4.324694577478671e-06
1.284550048828125 4.47383756220031e-06
1.285550048828125 4.26184975776771e-06
1.286550048828125 4.4337709156688285e-06
1.287550048828125 4.404441508096939e-06
1.288550048828125 5.120819669661903e-06
1.289550048828125 4.890480997902376e-06
1.290550048828125 4.807438795084403e-06
1.291550048828125 4.828904523763392e-06
1.292550048828125 4.587968931864603e-06
1.293550048828125 4.944120243499818e-06
1.294550048828125 5.007530826866e-06
1.295550048828125 4.810530085271386e-06
1.296550048828125 5.263355448614143e-06
1.297550048828125 5.347446163346917e-06
1.298550048828125 5.122830422357275e-06
1.299550048828125 5.18445024917317e-06
1.300550048828125 5.1444456453441695e-06
1.301550048828125 5.284160043681453e-06
1.302550048828125 5.584250256739641e-06
1.303550048828125 5.179963550306583e-06
1.304550048828125 5.221407894949271e-06
1.305550048828125 5.0419231266632516e-06
1.306550048828125 4.339298763072457e-06
1.307550048828125 5.263484403529902e-06
1.308550048828125 4.83191795156714e-06
1.309550048828125 5.217661201845371e-06
1.310550048828125 4.971582338008201e-06
1.311550048828125 5.093376429919149e-06
1.312550048828125 5.196958904424912e-06
1.313550048828125 4.684425859075819e-06
1.314550048828125 4.991313732921723e-06
1.315550048828125 4.774015631377185e-06
1.316550048828125 4.595670672553283e-06
1.317550048828125 4.9769686334912384e-06
1.318550048828125 4.712503278948703e-06
1.319550048828125 4.6601879848152e-06
1.320550048828125 4.731705602843243e-06
1.321550048828125 4.9855710694445595e-06
1.322550048828125 4.772142608317993e-06
1.323550048828125 4.454049069646707e-06
1.324550048828125 4.934365282159223e-06
1.325550048828125 5.208879479641321e-06
1.326550048828125 4.730287025813087e-06
1.327550048828125 4.608305570506482e-06
1.328550048828125 4.593786285953699e-06
1.329550048828125 4.7125994240115595e-06
1.330550048828125 3.952201121800209e-06
1.331550048828125 4.784061205787716e-06
1.332550048828125 4.533966629838938e-06
1.333550048828125 4.8824082750772914e-06
1.334550048828125 4.632900039215084e-06
1.335550048828125 5.022845470870349e-06
1.336550048828125 4.838772893227767e-06
1.337550048828125 4.802016486839736e-06
1.338550048828125 4.9090629300974335e-06
1.339550048828125 5.072089746512208e-06
1.340550048828125 4.479125450381019e-06
1.341550048828125 4.52770828714458e-06
1.342550048828125 4.628877510353292e-06
1.343550048828125 5.106827169050996e-06
1.344550048828125 4.9828612329584535e-06
1.345550048828125 4.615932397923187e-06
1.346550048828125 4.775770980858818e-06
1.347550048828125 5.006259817391151e-06
1.348550048828125 5.0969685429055164e-06
1.349550048828125 4.799985294893615e-06
1.350550048828125 5.128211742702197e-06
1.351550048828125 5.026322107989157e-06
1.352550048828125 4.8432414073447784e-06
1.353550048828125 4.900710608759939e-06
1.354550048828125 4.70735500513e-06
1.355550048828125 5.617932671544526e-06
1.356550048828125 5.5005613379143925e-06
1.357550048828125 5.135810626831245e-06
1.358550048828125 5.696914655173121e-06
1.359550048828125 5.037495446591564e-06
1.360550048828125 4.778224541347813e-06
1.361550048828125 4.434407564208849e-06
1.362550048828125 5.122106898823392e-06
1.363550048828125 5.205317485200734e-06
1.364550048828125 5.980714206836284e-06
1.365550048828125 4.629864979373753e-06
1.366550048828125 5.1837045623534705e-06
1.367550048828125 5.862426881027113e-06
1.368550048828125 4.77479491747564e-06
1.369550048828125 5.330080672615977e-06
1.370550048828125 5.825779185891892e-06
1.371550048828125 4.5547200377834135e-06
1.372550048828125 5.197861204437619e-06
1.373550048828125 5.280337828988569e-06
1.374550048828125 4.814564283997391e-06
1.375550048828125 5.817119132797879e-06
1.376550048828125 5.448122062377342e-06
1.377550048828125 6.220318953799577e-06
1.378550048828125 5.4551727062752296e-06
1.379550048828125 6.517532480876218e-06
1.380550048828125 4.905123331349159e-06
1.381550048828125 5.679314478564524e-06
1.382550048828125 5.351424750004164e-06
1.383550048828125 5.496660500852767e-06
1.384550048828125 5.274643473424956e-06
1.385550048828125 4.5707837541973024e-06
1.386550048828125 5.382479642874291e-06
1.387550048828125 5.272720313179928e-06
1.388550048828125 4.926733334350334e-06
1.389550048828125 5.411976733830373e-06
1.390550048828125 5.5412635317897885e-06
1.391550048828125 6.274513099680322e-06
1.392550048828125 5.439870087272252e-06
1.393550048828125 5.709004116159826e-06
1.394550048828125 5.138862311447954e-06
1.395550048828125 5.250044030113381e-06
1.396550048828125 5.1571901519877165e-06
1.397550048828125 5.8048086375535265e-06
1.398550048828125 5.772210811137823e-06
1.399550048828125 5.1568276127284374e-06
1.400550048828125 5.839463472271387e-06
1.401550048828125 5.126084374872428e-06
1.402550048828125 5.249827550252309e-06
1.403550048828125 5.367548826787801e-06
1.404550048828125 4.9558904956641325e-06
1.405550048828125 5.301616936458534e-06
1.406550048828125 5.522926696000267e-06
1.407550048828125 5.298227896111882e-06
1.408550048828125 4.966037919874994e-06
1.409550048828125 5.355028358632944e-06
1.410550048828125 4.6340105843036015e-06
1.411550048828125 4.7110998205206265e-06
1.412550048828125 4.627480616750908e-06
1.413550048828125 4.985328849249184e-06
1.414550048828125 5.2128264394908846e-06
1.415550048828125 5.963238084927103e-06
1.416550048828125 4.733741033081871e-06
1.417550048828125 4.306516433615149e-06
1.418550048828125 4.826561275962208e-06
1.419550048828125 5.032345460234821e-06
1.420550048828125 4.539456838544938e-06
1.421550048828125 4.789829741754398e-06
1.422550048828125 5.188323515308742e-06
1.423550048828125 5.280865501928464e-06
1.424550048828125 5.316984530086412e-06
1.425550048828125 4.605109786846367e-06
1.426550048828125 5.359257651086681e-06
1.427550048828125 5.09505472114005e-06
1.428550048828125 4.843826442526981e-06
1.429550048828125 5.197497866553521e-06
1.430550048828125 4.98518315461674e-06
1.431550048828125 4.771948835434799e-06
1.432550048828125 5.101954171250974e-06
1.433550048828125 4.883486672311689e-06
1.434550048828125 4.774264958990448e-06
1.435550048828125 5.1024769987618185e-06
1.436550048828125 5.328921120936252e-06
1.437550048828125 4.902115977628389e-06
1.438550048828125 4.44987077793065e-06
1.439550048828125 5.045519214909084e-06
1.440550048828125 5.701394573941225e-06
1.441550048828125 5.478892514397732e-06
1.442550048828125 5.070623016796565e-06
1.443550048828125 4.860355829742473e-06
1.444550048828125 5.465930828018178e-06
1.445550048828125 4.858305659413919e-06
1.446550048828125 5.282105437083557e-06
1.447550048828125 4.716321443286605e-06
1.448550048828125 4.76090828488692e-06
1.449550048828125 5.070850245067846e-06
1.450550048828125 5.137991607101877e-06
1.451550048828125 5.718750279523587e-06
1.452550048828125 5.264424951177728e-06
1.453550048828125 5.1092833126270746e-06
1.454550048828125 4.810581437128431e-06
1.455550048828125 5.135670925680777e-06
1.456550048828125 5.129765522438829e-06
1.457550048828125 4.755588530231287e-06
1.458550048828125 5.609977353925931e-06
1.459550048828125 5.58509367932208e-06
1.460550048828125 5.060363291870754e-06
1.461550048828125 5.423356196146065e-06
1.462550048828125 5.067864026842258e-06
1.463550048828125 5.644149652870298e-06
1.464550048828125 5.790434514715239e-06
1.465550048828125 5.034063466691273e-06
1.466550048828125 5.346368406634527e-06
1.467550048828125 5.5473834444176255e-06
1.468550048828125 5.046965188367125e-06
1.469550048828125 5.068085825915031e-06
1.470550048828125 5.603317199768967e-06
1.471550048828125 5.863981005276039e-06
1.472550048828125 5.781845402717919e-06
1.473550048828125 5.496203044837279e-06
1.474550048828125 5.604644513256505e-06
1.475550048828125 5.223306531969686e-06
1.476550048828125 5.13577602141496e-06
1.477550048828125 5.660904553642642e-06
1.478550048828125 6.137896688788494e-06
1.479550048828125 5.280921615687387e-06
1.480550048828125 5.677818814695659e-06
1.481550048828125 6.147721766614082e-06
1.482550048828125 5.599137479079146e-06
1.483550048828125 5.308637465875472e-06
1.484550048828125 5.747369907842644e-06
1.485550048828125 5.948903239943101e-06
1.486550048828125 6.6344931197055444e-06
1.487550048828125 6.379660368902662e-06
1.488550048828125 5.7328889744239305e-06
1.489550048828125 6.781452133498739e-06
1.490550048828125 5.9838939198742905e-06
1.491550048828125 5.6706237600955785e-06
1.492550048828125 6.059785187549731e-06
1.493550048828125 5.870050751383572e-06
1.494550048828125 6.924524038745193e-06
1.495550048828125 6.277765107515655e-06
1.496550048828125 6.33170738135651e-06
1.497550048828125 5.2733389539518305e-06
1.498550048828125 5.97315510503472e-06
1.499550048828125 6.037456055898346e-06
1.500550048828125 6.293568163985861e-06
1.501550048828125 6.121385019171232e-06
1.502550048828125 5.832470781488326e-06
1.503550048828125 5.794178779307055e-06
1.504550048828125 5.5696202568352675e-06
1.505550048828125 6.116658054592863e-06
1.506550048828125 6.097995818808185e-06
1.507550048828125 6.469189030159264e-06
1.508550048828125 6.273207798509004e-06
1.509550048828125 6.365565673558621e-06
1.510550048828125 5.58316618151216e-06
1.511550048828125 5.908926937853836e-06
1.512550048828125 5.411203867871652e-06
1.513550048828125 5.3296768103033025e-06
1.514550048828125 5.438836696791643e-06
1.515550048828125 6.2651664026776895e-06
1.516550048828125 5.868100496156189e-06
1.517550048828125 5.777298173116199e-06
1.518550048828125 6.077486164839657e-06
1.519550048828125 6.3954075072635586e-06
1.520550048828125 5.917511558165495e-06
1.521550048828125 5.950668149905146e-06
1.522550048828125 6.551181753072525e-06
1.523550048828125 5.372362077277047e-06
1.524550048828125 6.190389743315694e-06
1.525550048828125 5.970822753959756e-06
1.526550048828125 6.1477464589590744e-06
1.527550048828125 5.693608203482887e-06
1.528550048828125 6.369044818941006e-06
1.529550048828125 6.5434125821857535e-06
1.530550048828125 6.234981119421251e-06
1.531550048828125 5.9800538253108215e-06
1.532550048828125 6.071156916972289e-06
1.533550048828125 6.4802160603277065e-06
1.534550048828125 5.5383468755573975e-06
1.535550048828125 5.962874578444783e-06
1.536550048828125 5.981987967600181e-06
1.537550048828125 6.226410460295665e-06
1.538550048828125 6.3009740489096365e-06
1.539550048828125 5.889322755419802e-06
1.540550048828125 5.753177135497403e-06
1.541550048828125 6.185915480306334e-06
1.542550048828125 5.7617476772277226e-06
1.543550048828125 5.846969082070394e-06
1.544550048828125 6.690843949144861e-06
1.545550048828125 6.318754865299633e-06
1.546550048828125 6.05329319381504e-06
1.547550048828125 6.746560998092175e-06
1.548550048828125 6.323724806449572e-06
1.549550048828125 5.545629196076124e-06
1.550550048828125 6.508770428172065e-06
1.551550048828125 6.27544113170905e-06
1.552550048828125 5.577635312624707e-06
1.553550048828125 6.117986917578605e-06
1.554550048828125 6.62426950156374e-06
1.555550048828125 6.354664658071557e-06
1.556550048828125 6.579300481135418e-06
1.557550048828125 6.740689392650769e-06
1.558550048828125 6.528108628174102e-06
1.559550048828125 5.93876884519116e-06
1.560550048828125 6.5038274990997e-06
1.561550048828125 7.087299213762343e-06
1.562550048828125 6.920060804778727e-06
1.563550048828125 5.738654463104708e-06
1.564550048828125 6.70008922957035e-06
1.565550048828125 6.452764078147838e-06
1.566550048828125 6.258411580861052e-06
1.567550048828125 6.37281985086064e-06
1.568550048828125 6.60060786256041e-06
1.569550048828125 6.11016214076112e-06
1.570550048828125 7.383329120247323e-06
1.571550048828125 6.843182646194211e-06
1.572550048828125 7.494753586406036e-06
1.573550048828125 6.485979903426856e-06
1.574550048828125 6.833492941439171e-06
1.575550048828125 6.879110829775032e-06
1.576550048828125 7.397048729242284e-06
1.577550048828125 6.8506920463671105e-06
1.578550048828125 6.7649011653202844e-06
1.579550048828125 7.307417443356942e-06
1.580550048828125 7.126472974409202e-06
1.581550048828125 6.931539433639235e-06
1.582550048828125 7.460686978600517e-06
1.583550048828125 7.775812507662941e-06
1.584550048828125 6.758429748466659e-06
1.585550048828125 7.940741286896733e-06
1.586550048828125 6.4954471617901496e-06
1.587550048828125 7.439047484921025e-06
1.588550048828125 6.889501315401621e-06
1.589550048828125 7.63841792884014e-06
1.590550048828125 7.563834824660785e-06
1.591550048828125 7.144816556478937e-06
1.592550048828125 6.844671438817956e-06
1.593550048828125 6.8298540700036305e-06
1.594550048828125 7.181668944529046e-06
1.595550048828125 6.319791990672001e-06
1.596550048828125 6.623731493415439e-06
1.597550048828125 7.376465986911464e-06
1.598550048828125 7.461678693696794e-06
1.599550048828125 6.773964820506936e-06
1.600550048828125 6.748537988223681e-06
1.601550048828125 8.028605521234633e-06
1.602550048828125 6.939321241810436e-06
1.603550048828125 6.347707066022265e-06
1.604550048828125 7.128998735546299e-06
1.605550048828125 7.168393710826998e-06
1.606550048828125 6.597213822772944e-06
1.607550048828125 6.665209039498201e-06
1.608550048828125 6.963874364204199e-06
1.609550048828125 7.496888412025997e-06
1.610550048828125 7.340505801352229e-06
1.611550048828125 7.871381315171876e-06
1.612550048828125 6.893388487585255e-06
1.613550048828125 7.441174073278076e-06
1.614550048828125 7.125082379057255e-06
1.615550048828125 7.455790308104713e-06
1.616550048828125 6.6158323690316225e-06
1.617550048828125 7.537580071563156e-06
1.618550048828125 6.438349650955035e-06
1.619550048828125 7.670869070073245e-06
1.620550048828125 7.2455379378731955e-06
1.621550048828125 7.562059691296722e-06
1.622550048828125 7.662761631299931e-06
1.623550048828125 7.375227498613915e-06
1.624550048828125 7.564181384732107e-06
1.625550048828125 7.722917524270377e-06
1.626550048828125 7.881009709820814e-06
1.627550048828125 7.3829274696003554e-06
1.628550048828125 7.027158685491682e-06
1.629550048828125 6.887408192204603e-06
1.630550048828125 6.6282621803168e-06
1.631550048828125 6.9876769379956175e-06
1.632550048828125 7.72541576450421e-06
1.633550048828125 7.4472203958862675e-06
1.634550048828125 7.221767425676391e-06
1.635550048828125 7.732426195403569e-06
1.636550048828125 7.579020946759546e-06
1.637550048828125 7.773134459821683e-06
1.638550048828125 7.297456285780522e-06
1.639550048828125 7.232852451499955e-06
1.640550048828125 7.978355123270804e-06
1.641550048828125 7.252805062731281e-06
1.642550048828125 8.658828085724985e-06
1.643550048828125 7.650455787865015e-06
1.644550048828125 7.728734407382077e-06
1.645550048828125 7.88996304336779e-06
1.646550048828125 7.823671398911423e-06
1.647550048828125 7.4219343620756925e-06
1.648550048828125 8.635272556432296e-06
1.649550048828125 8.613725244957948e-06
1.650550048828125 8.22061625322545e-06
1.651550048828125 8.416425220743408e-06
1.652550048828125 8.302296605848899e-06
1.653550048828125 8.213572020172634e-06
1.654550048828125 8.405285750498453e-06
1.655550048828125 8.706850205619387e-06
1.656550048828125 6.92492647843519e-06
1.657550048828125 8.245216287747001e-06
1.658550048828125 7.784266949609933e-06
1.659550048828125 7.626137664306301e-06
1.660550048828125 8.53214562860744e-06
1.661550048828125 8.496252969358698e-06
1.662550048828125 8.812476070364928e-06
1.663550048828125 7.443390155303907e-06
1.664550048828125 8.821601859687716e-06
1.665550048828125 7.83229015632156e-06
1.666550048828125 7.98053715250984e-06
1.667550048828125 7.70336001914176e-06
1.668550048828125 6.692341056104451e-06
1.669550048828125 7.700954467141595e-06
1.670550048828125 8.146318586301652e-06
1.671550048828125 8.882406448079887e-06
1.672550048828125 9.116663843314707e-06
1.673550048828125 7.82015867318836e-06
1.674550048828125 7.547336241906341e-06
1.675550048828125 7.895851960242791e-06
1.676550048828125 8.043788943555675e-06
1.677550048828125 8.692766266447539e-06
1.678550048828125 8.119412300137902e-06
1.679550048828125 8.67647110982096e-06
1.680550048828125 8.28416581832182e-06
1.681550048828125 8.768127696371706e-06
1.682550048828125 1.0401826731045411e-05
1.683550048828125 9.881919523819262e-06
1.684550048828125 8.423445506884143e-06
1.685550048828125 8.411487371676409e-06
1.686550048828125 8.314888002645575e-06
1.687550048828125 7.860702370885915e-06
1.688550048828125 8.254268482946532e-06
1.689550048828125 9.44884966654923e-06
1.690550048828125 8.353199407314272e-06
1.691550048828125 8.75351318284278e-06
1.692550048828125 8.7222834489188e-06
1.693550048828125 8.224027871563274e-06
1.694550048828125 8.883947376068276e-06
1.695550048828125 9.623128323934426e-06
1.696550048828125 8.361372318350236e-06
1.697550048828125 8.29894943737176e-06
1.698550048828125 9.216615060339905e-06
1.699550048828125 1.0097200687707577e-05
1.700550048828125 9.804712310139005e-06
1.701550048828125 8.567569834669423e-06
1.702550048828125 9.142014606343158e-06
1.703550048828125 9.121984455387502e-06
1.704550048828125 7.955791220469354e-06
1.705550048828125 1.0162981382902432e-05
1.706550048828125 9.559740095448337e-06
1.707550048828125 9.304140913401259e-06
1.708550048828125 7.613586982881556e-06
1.709550048828125 9.213606572827568e-06
1.710550048828125 8.356481921510228e-06
1.711550048828125 9.004955198876668e-06
1.712550048828125 8.980109343452565e-06
1.713550048828125 9.12464639325886e-06
1.714550048828125 8.223986560417175e-06
1.715550048828125 9.945911497405071e-06
1.716550048828125 7.782988112625028e-06
1.717550048828125 8.383135937475316e-06
1.718550048828125 8.507356517190346e-06
1.719550048828125 8.91111486961414e-06
1.720550048828125 9.281492043741075e-06
1.721550048828125 9.25248105190553e-06
1.722550048828125 8.310468555813168e-06
1.723550048828125 9.584363404267126e-06
1.724550048828125 8.813530635914085e-06
1.725550048828125 9.763597347065722e-06
1.726550048828125 1.0164380228776232e-05
1.727550048828125 8.968034544097368e-06
1.728550048828125 1.007881083138271e-05
1.729550048828125 9.34112696422253e-06
1.730550048828125 9.973250307875834e-06
1.731550048828125 9.28952350536355e-06
1.732550048828125 1.0303204784495543e-05
1.733550048828125 9.324554443437445e-06
1.734550048828125 9.80346980069286e-06
1.735550048828125 1.1566142594502951e-05
1.736550048828125 9.193498711441789e-06
1.737550048828125 1.1584637273414702e-05
1.738550048828125 1.1944423346953911e-05
1.739550048828125 9.35009721874149e-06
1.740550048828125 1.079892055858941e-05
1.741550048828125 1.0569535362896528e-05
1.742550048828125 1.158427322710618e-05
1.743550048828125 1.0744536351862521e-05
1.744550048828125 1.1307852958013565e-05
1.745550048828125 1.080959025358536e-05
1.746550048828125 1.006131052744593e-05
1.747550048828125 1.2297476522089594e-05
1.748550048828125 1.1873399094152358e-05
1.749550048828125 1.1018592949791855e-05
1.750550048828125 1.0061494923680197e-05
1.751550048828125 1.1108532023325471e-05
1.752550048828125 1.1124304346044683e-05
1.753550048828125 1.0171996726723295e-05
1.754550048828125 1.043223972060047e-05
1.755550048828125 9.644951191482863e-06
1.756550048828125 1.1552430010660725e-05
1.757550048828125 1.1514609915931074e-05
1.758550048828125 1.0110304903693305e-05
1.759550048828125 1.1484665015661314e-05
1.760550048828125 1.15810226403602e-05
1.761550048828125 9.76327453268378e-06
1.762550048828125 1.0403327654687745e-05
1.763550048828125 9.978234252456869e-06
1.764550048828125 9.946154668863321e-06
1.765550048828125 1.2538347495036253e-05
1.766550048828125 1.1392822196424846e-05
1.767550048828125 1.1187988952698679e-05
1.768550048828125 1.0308327883719662e-05
1.769550048828125 1.052183589908434e-05
1.770550048828125 1.1117330915005715e-05
1.771550048828125 9.925961781365488e-06
1.772550048828125 1.0930569038254842e-05
1.773550048828125 1.192708129745812e-05
1.774550048828125 1.0980225003453181e-05
1.775550048828125 1.0712470238991265e-05
1.776550048828125 1.0311351702748239e-05
1.777550048828125 1.1466081947556603e-05
1.778550048828125 1.216274016281174e-05
1.779550048828125 1.1856859304801099e-05
1.780550048828125 1.2025147833924455e-05
1.781550048828125 1.069149358412822e-05
1.782550048828125 1.3011017554007435e-05
1.783550048828125 1.0957935766297834e-05
1.784550048828125 1.0938901011765193e-05
1.785550048828125 1.1816303047914418e-05
1.786550048828125 1.1159638051673561e-05
1.787550048828125 1.1560411398504579e-05
1.788550048828125 1.0775070455048374e-05
1.789550048828125 1.1453727178902185e-05
1.790550048828125 1.2988091022321797e-05
1.791550048828125 1.0265292724785332e-05
1.792550048828125 1.1147645817671547e-05
1.793550048828125 1.0897043675817751e-05
1.794550048828125 1.0711881401665442e-05
1.795550048828125 1.082087731029334e-05
1.796550048828125 1.0561115296342417e-05
1.797550048828125 1.1937223834864587e-05
1.798550048828125 1.2444962150673114e-05
1.799550048828125 1.3306196236165915e-05
1.800550048828125 1.1303576787005295e-05
1.801550048828125 1.2493850641070161e-05
1.802550048828125 1.1216157574297497e-05
1.803550048828125 1.2443164587750822e-05
1.804550048828125 1.273590424404149e-05
1.805550048828125 1.2617255796550753e-05
1.806550048828125 1.1782033871568976e-05
1.807550048828125 1.3397853646524284e-05
1.808550048828125 1.2236209066488559e-05
1.809550048828125 1.30329071838971e-05
1.810550048828125 1.368493737541722e-05
1.811550048828125 1.2214602396959704e-05
1.812550048828125 1.1041480997732285e-05
1.813550048828125 1.3125121338430364e-05
1.814550048828125 1.4597218237184176e-05
1.815550048828125 1.4069417621612905e-05
1.816550048828125 1.4645737368397196e-05
1.817550048828125 1.2979529855642112e-05
1.818550048828125 1.3692651699456275e-05
1.819550048828125 1.633837643154459e-05
1.820550048828125 1.4415310847015955e-05
1.821550048828125 1.5966507455558825e-05
1.822550048828125 1.5027164515838952e-05
1.823550048828125 1.6131944585036784e-05
1.824550048828125 1.3375512300745442e-05
1.825550048828125 1.5566447428847678e-05
1.826550048828125 1.3846022272722548e-05
1.827550048828125 1.4593376663350698e-05
1.828550048828125 1.5167060437471882e-05
1.829550048828125 1.7052731589854305e-05
1.830550048828125 1.3804190209649965e-05
1.831550048828125 1.6868333117292497e-05
1.832550048828125 1.600883395488955e-05
1.833550048828125 1.7381546152062135e-05
1.834550048828125 1.641114020710344e-05
1.835550048828125 1.6359992118494096e-05
1.836550048828125 1.5543047962858433e-05
1.837550048828125 1.6660150929601834e-05
1.838550048828125 1.4484136944522671e-05
1.839550048828125 1.6867875810134122e-05
1.840550048828125 1.4889969804560342e-05
1.841550048828125 1.659188069891991e-05
1.842550048828125 1.7149954393852354e-05
1.843550048828125 1.6242199409047727e-05
1.844550048828125 1.5742286912571856e-05
1.845550048828125 1.820215543012207e-05
1.846550048828125 1.619455378387409e-05
1.847550048828125 1.6052432699432093e-05
1.848550048828125 1.5716652354801346e-05
1.849550048828125 1.703885613334574e-05
1.850550048828125 1.6038881570168266e-05
1.851550048828125 1.6829123137211424e-05
1.852550048828125 1.6941834477073395e-05
1.853550048828125 1.5843326947795765e-05
1.854550048828125 1.7256091579215672e-05
1.855550048828125 1.6691295916576324e-05
1.856550048828125 1.5421147232947998e-05
1.857550048828125 1.7565605010809306e-05
1.858550048828125 1.664361004817731e-05
1.859550048828125 1.796574541426777e-05
1.860550048828125 1.7942996795650675e-05
1.861550048828125 1.7187090251100193e-05
1.862550048828125 1.8286066064235338e-05
1.863550048828125 1.8421490951182844e-05
1.864550048828125 1.661901021032018e-05
1.865550048828125 1.7851622646124136e-05
1.866550048828125 1.754311037462032e-05
1.867550048828125 1.5138319375841972e-05
1.868550048828125 1.7012652552442355e-05
1.869550048828125 1.715849160294855e-05
1.870550048828125 1.5528365648534784e-05
1.871550048828125 1.6059726889708777e-05
1.872550048828125 1.8885242171210192e-05
1.873550048828125 1.742056655678027e-05
1.874550048828125 1.6830971614629007e-05
1.875550048828125 1.8425520775751835e-05
1.876550048828125 1.8060502245859783e-05
1.877550048828125 1.7782486423118798e-05
1.878550048828125 1.6398585482135343e-05
1.879550048828125 1.743685752333165e-05
1.880550048828125 1.8300133602572444e-05
1.881550048828125 1.5753465879607322e-05
1.882550048828125 1.70436306869234e-05
1.883550048828125 1.6476926224358146e-05
1.884550048828125 1.5427202648307812e-05
1.885550048828125 1.8294369794589503e-05
1.886550048828125 1.6864592810204405e-05
1.887550048828125 1.7098321055731305e-05
1.888550048828125 1.8087609632302933e-05
1.889550048828125 1.5897030162317194e-05
1.890550048828125 1.963275327413995e-05
1.891550048828125 1.8413324583620765e-05
1.892550048828125 1.7907305326662695e-05
1.893550048828125 1.7429667331523085e-05
1.894550048828125 1.5577106218696172e-05
1.895550048828125 1.8883270573362583e-05
1.896550048828125 1.7341324371300608e-05
1.897550048828125 1.7412024998324545e-05
1.898550048828125 1.9589292070292178e-05
1.899550048828125 1.6074464478210524e-05
1.900550048828125 1.6739232632364002e-05
1.901550048828125 1.6820865270846687e-05
1.902550048828125 1.6155624753172292e-05
1.903550048828125 1.8030965918000696e-05
1.904550048828125 1.746667250269856e-05
1.905550048828125 1.8858722313844955e-05
1.906550048828125 1.8472267630717838e-05
1.907550048828125 1.8640634889991736e-05
1.908550048828125 1.905890085164353e-05
1.909550048828125 1.556154904258706e-05
1.910550048828125 1.979876037926941e-05
1.911550048828125 1.8338157793847497e-05
1.912550048828125 2.0283120337019956e-05
1.913550048828125 1.667025510449064e-05
1.914550048828125 1.890349573998536e-05
1.915550048828125 2.086531020882032e-05
1.916550048828125 1.8582466934207333e-05
1.917550048828125 1.6910642972255014e-05
1.918550048828125 1.873844657697347e-05
1.919550048828125 1.961443414473671e-05
1.920550048828125 1.8291649947434975e-05
1.921550048828125 1.9893937197858837e-05
1.922550048828125 1.8726670529271515e-05
1.923550048828125 1.7360121048652476e-05
1.924550048828125 1.645873232202594e-05
1.925550048828125 1.9197442852559036e-05
1.926550048828125 1.7062087248327202e-05
1.927550048828125 1.965432710553729e-05
1.928550048828125 1.7971023276505755e-05
1.929550048828125 1.7414135432749277e-05
1.930550048828125 2.058120276907115e-05
1.931550048828125 1.8096362185225622e-05
1.932550048828125 1.835850229587714e-05
1.933550048828125 1.922520217376799e-05
1.934550048828125 1.7852220219836634e-05
1.935550048828125 1.8790879731115586e-05
1.936550048828125 1.8728428459263854e-05
1.937550048828125 1.8907325240545295e-05
1.938550048828125 1.7008049748489413e-05
1.939550048828125 1.8035709706565752e-05
1.940550048828125 1.9843951141719787e-05
1.941550048828125 1.6220754649993995e-05
1.942550048828125 1.967063644460286e-05
1.943550048828125 1.703052849316131e-05
1.944550048828125 2.032859525908811e-05
1.945550048828125 1.6169427083608012e-05
1.946550048828125 1.6197346622108766e-05
1.947550048828125 1.9372831677822443e-05
1.948550048828125 1.8214480302538707e-05
1.949550048828125 1.7693927652739778e-05
1.950550048828125 1.8000205422758922e-05
1.951550048828125 1.720087305287366e-05
1.952550048828125 1.946074940265319e-05
1.953550048828125 1.6150048980599873e-05
1.954550048828125 1.7768145030520433e-05
1.955550048828125 1.791542763132661e-05
1.956550048828125 2.1189287834446917e-05
1.957550048828125 1.7670067532145317e-05
1.958550048828125 1.8308362787540794e-05
1.959550048828125 1.69359578712119e-05
1.960550048828125 1.876709392425048e-05
1.961550048828125 1.8666313743850457e-05
1.962550048828125 1.8601523328724513e-05
1.963550048828125 1.616347079190249e-05
1.964550048828125 2.2038353163094775e-05
1.965550048828125 1.916004898811102e-05
1.966550048828125 2.0180480369493193e-05
1.967550048828125 1.7924944753694174e-05
1.968550048828125 2.0914318865741557e-05
1.969550048828125 2.2092028075680884e-05
1.970550048828125 1.7632669903281986e-05
1.971550048828125 2.0061933158052098e-05
1.972550048828125 1.811614806643748e-05
1.973550048828125 1.8182369583134458e-05
1.974550048828125 2.0997294256663563e-05
1.975550048828125 1.806110971421299e-05
1.976550048828125 1.901613407010319e-05
1.977550048828125 1.9350521439127848e-05
1.978550048828125 1.6968466298894406e-05
1.979550048828125 2.030495046355198e-05
1.980550048828125 1.8519218204351587e-05
1.981550048828125 1.943025435408046e-05
1.982550048828125 1.809731495915674e-05
1.983550048828125 1.7979064005041554e-05
1.984550048828125 1.847648622948493e-05
1.985550048828125 1.848487143897648e-05
1.986550048828125 2.0645046753056657e-05
1.987550048828125 1.7570194511063685e-05
1.988550048828125 2.0168232454850335e-05
1.989550048828125 1.7363861094221832e-05
1.990550048828125 2.012350060866176e-05
1.991550048828125 1.814454544186524e-05
1.992550048828125 1.700598951562578e-05
1.993550048828125 2.0170749405567534e-05
1.994550048828125 1.9948696954463217e-05
1.995550048828125 1.8011152421216332e-05
1.996550048828125 1.8971916468666868e-05
1.997550048828125 2.1685026562569798e-05
1.998550048828125 1.9187835288403028e-05
1.999550048828125 2.0385511612770648e-05
2.000550048828125 1.8851465367709493e-05
2.001550048828125 1.9350282376803712e-05
2.002550048828125 1.872200034088197e-05
2.003550048828125 2.218723702115934e-05
2.004550048828125 2.073464630403114e-05
2.005550048828125 2.221967654310438e-05
2.006550048828125 2.0127053574257652e-05
2.007550048828125 2.1129923367411094e-05
2.008550048828125 1.91250286585315e-05
2.009550048828125 2.0199737346138808e-05
2.010550048828125 1.9707401347965275e-05
2.011550048828125 1.918590622778524e-05
2.012550048828125 2.1672476095187757e-05
2.013550048828125 1.877296774020647e-05
2.014550048828125 1.783503802664203e-05
2.015550048828125 1.9397161167435748e-05
2.016550048828125 2.0707888773653564e-05
2.017550048828125 2.209902047929722e-05
2.018550048828125 2.070246780378273e-05
2.019550048828125 1.8393296553046637e-05
2.020550048828125 2.2767611061441817e-05
2.021550048828125 1.7373298378646987e-05
2.022550048828125 1.9914530547411128e-05
2.023550048828125 2.0843016926019722e-05
2.024550048828125 1.807204902112402e-05
2.025550048828125 1.8470272723804034e-05
2.026550048828125 2.3221063814632794e-05
2.027550048828125 2.418265661985539e-05
2.028550048828125 2.0755389888886652e-05
2.029550048828125 2.3254891055988887e-05
2.030550048828125 1.7429976948408725e-05
2.031550048828125 2.5461322642683396e-05
2.032550048828125 2.0007837038109845e-05
2.033550048828125 2.3533129915509265e-05
2.034550048828125 1.7335688924905797e-05
2.035550048828125 2.1353180090660267e-05
2.036550048828125 2.1583196081264364e-05
2.037550048828125 2.051987295528738e-05
2.038550048828125 2.1936594954304462e-05
2.039550048828125 2.376976530886855e-05
2.040550048828125 2.0806446975188646e-05
2.041550048828125 2.4993927408969694e-05
2.042550048828125 2.1837800935408753e-05
2.043550048828125 2.1720245126807167e-05
2.044550048828125 2.2797664815861086e-05
2.045550048828125 2.0755380721578108e-05
2.046550048828125 1.9940847225788713e-05
2.047550048828125 2.3956534029616954e-05
2.048550048828125 2.4988245323039066e-05
2.049550048828125 2.1701037317350684e-05
2.050550048828125 2.509180055220148e-05
2.051550048828125 2.4535323846782654e-05
2.052550048828125 2.1767006524748393e-05
2.053550048828125 2.1870710239023673e-05
2.054550048828125 2.3738780351668085e-05
2.055550048828125 2.012253563726937e-05
2.056550048828125 1.863635471282973e-05
2.057550048828125 2.2838134270154406e-05
2.058550048828125 2.0092685185670493e-05
2.059550048828125 2.0993945503178732e-05
2.060550048828125 2.3076809649862665e-05
2.061550048828125 2.3107201176249146e-05
2.062550048828125 2.2880592969696078e-05
2.063550048828125 2.4247911002742346e-05
2.064550048828125 2.3335184832704348e-05
2.065550048828125 2.4041039027401806e-05
2.066550048828125 2.2864730176940375e-05
2.067550048828125 2.375903651270373e-05
2.068550048828125 2.5879563469553525e-05
2.069550048828125 2.560819890932886e-05
2.070550048828125 2.3899475871738746e-05
2.071550048828125 2.638265097992929e-05
2.072550048828125 2.35242963700004e-05
2.073550048828125 2.365067714513955e-05
2.074550048828125 1.9878101150560487e-05
2.075550048828125 2.1615250634800748e-05
2.076550048828125 2.321806020791096e-05
2.077550048828125 2.2392454421277454e-05
2.078550048828125 2.9427201280834903e-05
2.079550048828125 2.1882102807751588e-05
2.080550048828125 2.5829822362443282e-05
2.081550048828125 2.7099539691487968e-05
2.082550048828125 2.3816213358589694e-05
2.083550048828125 2.0814430955006694e-05
2.084550048828125 2.5730753979969407e-05
2.085550048828125 2.2791540419321322e-05
2.086550048828125 2.124328075200629e-05
2.087550048828125 2.019911945238824e-05
2.088550048828125 2.302900463432984e-05
2.089550048828125 2.471281138354142e-05
2.090550048828125 2.3758162808018174e-05
2.091550048828125 2.098695350704612e-05
2.092550048828125 2.6221590317498814e-05
2.093550048828125 2.6360373790490657e-05
2.094550048828125 2.6313978842012243e-05
2.095550048828125 2.827580547724849e-05
2.096550048828125 2.67619220933321e-05
2.097550048828125 2.2482491038622848e-05
2.098550048828125 2.5448583287763593e-05
2.099550048828125 2.7227959419347058e-05
2.100550048828125 2.5924556985092906e-05
2.101550048828125 2.8047489816672984e-05
2.102550048828125 2.676140484674454e-05
2.103550048828125 2.6291867034555476e-05
2.104550048828125 2.4313020802312824e-05
2.105550048828125 3.015723249280793e-05
2.106550048828125 3.1868386087013306e-05
2.107550048828125 2.515656378309507e-05
2.108550048828125 2.485858327999652e-05
2.109550048828125 2.833817363833975e-05
2.110550048828125 2.4551269930245645e-05
2.111550048828125 2.6588357746624036e-05
2.112550048828125 2.671974220875174e-05
2.113550048828125 2.7658644208465813e-05
2.114550048828125 2.5636133374250022e-05
2.115550048828125 2.8550691342938432e-05
2.116550048828125 2.8526806830059297e-05
2.117550048828125 2.879894210182428e-05
2.118550048828125 2.9034569443801063e-05
2.119550048828125 2.5512327415256412e-05
2.120550048828125 2.7204959062150943e-05
2.121550048828125 2.8356644388734264e-05
2.122550048828125 2.736456026628524e-05
2.123550048828125 3.072128227481291e-05
2.124550048828125 2.854791479108052e-05
2.125550048828125 3.0324209002243734e-05
2.126550048828125 2.842939190468938e-05
2.127550048828125 2.6640132200950242e-05
2.128550048828125 2.4631776915746687e-05
2.129550048828125 2.7234863729822603e-05
2.130550048828125 2.6763295805421866e-05
2.131550048828125 2.8257165309103358e-05
2.132550048828125 3.0126324252409176e-05
2.133550048828125 2.9013196594763423e-05
2.134550048828125 2.7926967080503585e-05
2.135550048828125 3.087642089425914e-05
2.136550048828125 2.8365987226206827e-05
2.137550048828125 2.958080996714649e-05
2.138550048828125 2.8920461018473774e-05
2.139550048828125 2.6718044607977293e-05
2.140550048828125 3.224484132598268e-05
2.141550048828125 2.947514576484578e-05
2.142550048828125 3.029724253468237e-05
2.143550048828125 2.6890886869668722e-05
2.144550048828125 2.6893687748515847e-05
2.145550048828125 2.967004167839392e-05
2.146550048828125 3.1916971485935436e-05
2.147550048828125 2.8000716927776873e-05
2.148550048828125 2.9699270320096305e-05
2.149550048828125 3.053086156661006e-05
2.150550048828125 3.0468695667959057e-05
2.151550048828125 2.6698524818412108e-05
2.152550048828125 3.0368777436357432e-05
2.153550048828125 2.6883654164130183e-05
2.154550048828125 3.096242085887719e-05
2.155550048828125 2.917048850655155e-05
2.156550048828125 2.7340128880667073e-05
2.157550048828125 3.023311888836527e-05
2.158550048828125 3.328292028164358e-05
2.159550048828125 2.7533805838219513e-05
2.160550048828125 3.365475727920414e-05
2.161550048828125 2.7963289729062105e-05
2.162550048828125 3.217559667871646e-05
2.163550048828125 3.249558740068288e-05
2.164550048828125 3.0174800948739464e-05
2.165550048828125 3.413332566772523e-05
2.166550048828125 3.1581414774822013e-05
2.167550048828125 3.071261861064367e-05
2.168550048828125 3.131475249286533e-05
2.169550048828125 3.437071331096904e-05
2.170550048828125 3.250560237914668e-05
2.171550048828125 3.134132111041225e-05
2.172550048828125 2.7441500400530434e-05
2.173550048828125 3.049286969397922e-05
2.174550048828125 2.7591418669978715e-05
2.175550048828125 3.141880465633255e-05
2.176550048828125 2.7091424585461745e-05
2.177550048828125 2.9818761340180175e-05
2.178550048828125 3.0228292136914556e-05
2.179550048828125 3.2215329493173166e-05
2.180550048828125 2.4949235779021166e-05
2.181550048828125 2.6513461265450506e-05
2.182550048828125 2.896645866065171e-05
2.183550048828125 2.656778785629631e-05
2.184550048828125 3.1494122811145314e-05
2.185550048828125 2.7989495948507918e-05
2.186550048828125 2.428843090684693e-05
2.187550048828125 2.750282297106616e-05
2.188550048828125 3.0465393776900194e-05
2.189550048828125 3.004015728312144e-05
2.190550048828125 2.460849644094324e-05
2.191550048828125 3.11938382445272e-05
2.192550048828125 3.3605725081425356e-05
2.193550048828125 3.1362068936261405e-05
2.194550048828125 2.7287723385768277e-05
2.195550048828125 3.2810430299458885e-05
2.196550048828125 3.099131868382799e-05
2.197550048828125 3.390287328068383e-05
2.198550048828125 2.9026461409375273e-05
2.199550048828125 3.151883523396997e-05
2.200550048828125 4.076901159683872e-05
2.201550048828125 4.0159486163748744e-05
2.202550048828125 3.879087859313191e-05
2.203550048828125 3.474085359000683e-05
2.204550048828125 4.067146209657015e-05
2.205550048828125 4.0049919206303544e-05
2.206550048828125 4.1616289036720884e-05
2.207550048828125 4.0397460669277335e-05
2.208550048828125 3.978236469793765e-05
2.209550048828125 3.730614657822248e-05
2.210550048828125 3.818074909347958e-05
2.211550048828125 4.28476135897254e-05
2.212550048828125 4.28738556713508e-05
2.213550048828125 4.0039292898234774e-05
2.214550048828125 4.6062718777821714e-05
2.215550048828125 3.9767680887940424e-05
2.216550048828125 4.685172037606777e-05
2.217550048828125 3.8612929075367504e-05
2.218550048828125 4.34460520264852e-05
2.219550048828125 4.540463482042026e-05
2.220550048828125 4.1779522087897214e-05
2.221550048828125 4.346760102423656e-05
2.222550048828125 3.704157258124096e-05
2.223550048828125 4.122096588523022e-05
2.224550048828125 4.78650705543423e-05
2.225550048828125 4.4296138498120366e-05
2.226550048828125 4.4555868574705116e-05
2.227550048828125 4.829489843824324e-05
2.228550048828125 4.388947390236628e-05
2.229550048828125 4.294913644089249e-05
2.230550048828125 4.634462935965648e-05
2.231550048828125 4.2559096548970096e-05
2.232550048828125 4.288816762123901e-05
2.233550048828125 4.128898479514085e-05
2.234550048828125 4.171594230529027e-05
2.235550048828125 4.352745339269655e-05
2.236550048828125 4.668272818182586e-05
2.237550048828125 4.7839550697831155e-05
2.238550048828125 4.680004208962951e-05
2.239550048828125 5.3788404171024543e-05
2.240550048828125 4.803619670122564e-05
2.241550048828125 4.795890981997097e-05
2.242550048828125 4.921734349204059e-05
2.243550048828125 4.79349639083132e-05
2.244550048828125 5.005896050702016e-05
2.245550048828125 4.936556324264138e-05
2.246550048828125 5.17441779928427e-05
2.247550048828125 4.749161129869404e-05
2.248550048828125 5.2576036251663624e-05
2.249550048828125 5.705733867457125e-05
2.250550048828125 5.813068728934457e-05
2.251550048828125 4.765919727505878e-05
2.252550048828125 5.365921723855813e-05
2.253550048828125 5.569636321633129e-05
2.254550048828125 4.87711969142297e-05
2.255550048828125 4.822380833611046e-05
2.256550048828125 5.468483885460197e-05
2.257550048828125 5.956915363304619e-05
2.258550048828125 5.7603386595495136e-05
2.259550048828125 5.485754540370277e-05
2.260550048828125 6.206083729024564e-05
2.261550048828125 5.963586096443896e-05
2.262550048828125 5.511727508044057e-05
2.263550048828125 5.7863564363639255e-05
2.264550048828125 5.876595823766159e-05
2.265550048828125 5.544169059022925e-05
2.266550048828125 6.069316620446223e-05
2.267550048828125 5.116726484840222e-05
2.268550048828125 5.858062266445667e-05
2.269550048828125 5.030581746615752e-05
2.270550048828125 4.925309476130526e-05
2.271550048828125 5.103073531473165e-05
2.272550048828125 5.7101696905669065e-05
2.273550048828125 5.6119463278633144e-05
2.274550048828125 4.462613460968759e-05
2.275550048828125 4.807900852216762e-05
2.276550048828125 4.8318225599951223e-05
2.277550048828125 5.356692826593875e-05
2.278550048828125 4.25628591157553e-05
2.279550048828125 4.383943986254541e-05
2.280550048828125 4.4508347994530735e-05
2.281550048828125 4.590222740935764e-05
2.282550048828125 3.827436666674404e-05
2.283550048828125 3.721247830524514e-05
2.284550048828125 3.812206671779669e-05
2.285550048828125 3.637291664157332e-05
2.286550048828125 3.40843413096119e-05
2.287550048828125 3.99165986055984e-05
2.288550048828125 3.7045158646062896e-05
2.289550048828125 3.430517902914942e-05
2.290550048828125 2.9356848803068767e-05
2.291550048828125 3.593088276298758e-05
2.292550048828125 3.013521302902454e-05
2.293550048828125 3.147867015671911e-05
2.294550048828125 3.194041365902287e-05
2.295550048828125 3.060430251531838e-05
2.296550048828125 3.05946843854369e-05
2.297550048828125 2.385982816765137e-05
2.298550048828125 2.8315677482629176e-05
2.299550048828125 2.649627802691958e-05
2.300550048828125 2.978238946664774e-05
2.301550048828125 2.4962877881712277e-05
2.302550048828125 2.3357354037244254e-05
2.303550048828125 2.3224116857266475e-05
2.304550048828125 2.4552291172388048e-05
2.305550048828125 2.4659336451826068e-05
2.306550048828125 2.166483043926132e-05
2.307550048828125 2.3139357622717474e-05
2.308550048828125 2.2026881474316027e-05
2.309550048828125 2.1610164283194946e-05
2.310550048828125 2.1096330078883533e-05
2.311550048828125 2.074729975198052e-05
2.312550048828125 1.8681176542661332e-05
2.313550048828125 2.088816420638088e-05
2.314550048828125 1.9727294960124738e-05
2.315550048828125 1.7464869978534553e-05
2.316550048828125 1.8251553057873914e-05
2.317550048828125 1.744008361167851e-05
2.318550048828125 1.691045710392073e-05
2.319550048828125 1.5777953926656272e-05
2.320550048828125 1.669041216473037e-05
2.321550048828125 1.6497619647057113e-05
2.322550048828125 1.6387058243704182e-05
2.323550048828125 1.5059158002212828e-05
2.324550048828125 1.5202395050819754e-05
2.325550048828125 1.437549941591518e-05
2.326550048828125 1.3537115784999873e-05
2.327550048828125 1.3131148011908685e-05
2.328550048828125 1.2745395171468752e-05
2.329550048828125 1.0989562895014978e-05
2.330550048828125 1.2375876048006331e-05
2.331550048828125 1.2543367030002558e-05
2.332550048828125 9.72659745292258e-06
2.333550048828125 1.1288255412330697e-05
2.334550048828125 9.543494802832357e-06
2.335550048828125 9.176017670136643e-06
2.336550048828125 9.431501890841507e-06
2.337550048828125 8.772587754610315e-06
2.338550048828125 7.844179998850335e-06
2.339550048828125 8.66175607420329e-06
2.340550048828125 7.883220820453832e-06
2.341550048828125 8.027250997027046e-06
2.342550048828125 7.6208464046384885e-06
2.343550048828125 7.467850953496314e-06
2.344550048828125 7.4961245674396516e-06
2.345550048828125 7.092506834321436e-06
2.346550048828125 7.862321815567127e-06
2.347550048828125 7.127262426542995e-06
2.348550048828125 7.834147753956227e-06
2.349550048828125 7.4935896472459775e-06
2.350550048828125 7.860929519118732e-06
2.351550048828125 7.611062894602574e-06
2.352550048828125 7.504601429064863e-06
2.353550048828125 8.173066283994392e-06
2.354550048828125 7.20423794788353e-06
2.355550048828125 7.796567764123965e-06
2.356550048828125 7.501976850584196e-06
2.357550048828125 7.422219448524136e-06
2.358550048828125 7.8440586263001e-06
2.359550048828125 6.9484915665445665e-06
2.360550048828125 7.1068844253689585e-06
2.361550048828125 6.88096183202379e-06
2.362550048828125 6.513807957341193e-06
2.363550048828125 6.0809862439767205e-06
2.364550048828125 5.62838630596332e-06
2.365550048828125 5.43848639604263e-06
2.366550048828125 5.0289154889925935e-06
2.367550048828125 4.380881195965553e-06
2.368550048828125 4.230726347215579e-06
2.369550048828125 3.838175747158801e-06
2.370550048828125 3.4622087918225985e-06
2.371550048828125 2.8735539249259557e-06
2.372550048828125 2.6628795468260884e-06
2.373550048828125 2.2993313081028377e-06
2.374550048828125 2.282086414996805e-06
2.375550048828125 2.279707287996715e-06
2.376550048828125 2.408937743949212e-06
2.377550048828125 2.3560293584692672e-06
2.378550048828125 2.4309404538067358e-06
2.379550048828125 2.555681875452375e-06
2.380550048828125 2.4478691454589124e-06
2.381550048828125 2.3163612676915615e-06
2.382550048828125 2.235346455615749e-06
2.383550048828125 1.9881217081259907e-06
2.384550048828125 1.943950766434772e-06
2.385550048828125 1.8174373878047113e-06
2.386550048828125 1.7826301437797648e-06
2.387550048828125 1.657417135087785e-06
2.388550048828125 1.5736807405354776e-06
2.389550048828125 1.5441827426819437e-06
2.390550048828125 1.4357050213282543e-06
2.391550048828125 1.359686677348743e-06
2.392550048828125 1.295314933552666e-06
2.393550048828125 1.2393879078198618e-06
2.394550048828125 1.1600263688079772e-06
2.395550048828125 1.0687355890960434e-06
2.396550048828125 1.0224219567001815e-06
2.397550048828125 9.62578124472479e-07
2.398550048828125 9.048871463213156e-07
2.399550048828125 8.412190009144293e-07
2.400550048828125 7.770537582257972e-07
2.401550048828125 7.295682481088589e-07
2.402550048828125 6.594972780928384e-07
2.403550048828125 6.058296120590904e-07
2.404550048828125 5.590238619925331e-07
2.405550048828125 5.129224186895042e-07
2.406550048828125 4.7073616322957065e-07
2.407550048828125 4.227344663183107e-07
2.408550048828125 3.842515941221443e-07
2.409550048828125 3.4976553299725644e-07
2.410550048828125 3.114917775225171e-07
2.411550048828125 2.784841831235597e-07
2.412550048828125 2.508655898407946e-07
2.413550048828125 2.2426659218109105e-07
2.414550048828125 2.0049390357501373e-07
2.415550048828125 1.768357544153221e-07
2.416550048828125 1.5561957537388416e-07
2.417550048828125 1.4018576156675378e-07
2.418550048828125 1.214574444160398e-07
2.419550048828125 1.1013241742568935e-07
2.420550048828125 9.583712013615672e-08
2.421550048828125 8.588027808489335e-08
2.422550048828125 7.417302290454209e-08
2.423550048828125 6.545163607004187e-08
2.424550048828125 5.799720737186252e-08
2.425550048828125 4.971702925067795e-08
2.426550048828125 4.4934299859075575e-08
2.427550048828125 3.939026414610447e-08
2.428550048828125 3.4662128493797237e-08
2.429550048828125 2.9761639949419838e-08
2.430550048828125 2.6904287767619657e-08
2.431550048828125 2.3347507180513905e-08
2.432550048828125 2.0466504579266392e-08
2.433550048828125 1.8036772192580264e-08
2.434550048828125 1.590671460649704e-08
2.435550048828125 1.3793788208280599e-08
2.436550048828125 1.2249877559334846e-08
2.437550048828125 1.0718053718030456e-08
2.438550048828125 9.386676853254256e-09
2.439550048828125 8.288864917794922e-09
2.440550048828125 7.148264732739809e-09
2.441550048828125 6.2276536372439e-09
2.442550048828125 5.495266531146245e-09
2.443550048828125 4.736588765295584e-09
2.444550048828125 4.1006239832442555e-09
2.445550048828125 3.52237179362941e-09
2.446550048828125 3.0314692862589276e-09
2.447550048828125 2.5760529309212154e-09
2.448550048828125 2.180489125260871e-09
2.449550048828125 2.0347733472831946e-09
2.450550048828125 2.04872004708968e-09
2.451550048828125 2.0709191329696476e-09
2.452550048828125 2.026737510895028e-09
2.453550048828125 1.9974345922415165e-09
2.454550048828125 2.0031421251850515e-09
2.455550048828125 1.9739829210781683e-09
2.456550048828125 1.9371143080133406e-09
2.457550048828125 1.903640652534106e-09
2.458550048828125 1.8684048797358255e-09
2.459550048828125 1.836833390136985e-09
2.460550048828125 1.7892782360665923e-09
2.461550048828125 1.7549053707035183e-09
2.462550048828125 1.7239293191504956e-09
2.463550048828125 1.6740741422731835e-09
2.464550048828125 1.634822565022944e-09
2.465550048828125 1.5970058903101515e-09
2.466550048828125 1.560584875625117e-09
2.467550048828125 1.5292202349433664e-09
2.468550048828125 1.4534175068412305e-09
2.469550048828125 1.392781834705048e-09
2.470550048828125 1.3384457851603374e-09
2.471550048828125 1.2903750366572489e-09
2.472550048828125 1.2384389764655384e-09
2.473550048828125 1.1991925724779055e-09
2.474550048828125 1.1531636764009903e-09
2.475550048828125 1.0995648526555947e-09
2.476550048828125 1.0703372804395062e-09
2.477550048828125 1.039073051024518e-09
2.478550048828125 1.004717752251696e-09
2.479550048828125 9.517343433670599e-10
2.480550048828125 9.258423093040452e-10
2.481550048828125 8.944375186813094e-10
2.482550048828125 8.487202848539784e-10
2.483550048828125 8.114104395170594e-10
2.484550048828125 7.91007042812845e-10
2.485550048828125 7.702924729578225e-10
2.486550048828125 7.347595216740984e-10
2.487550048828125 6.981823262445571e-10
2.488550048828125 6.835614985622651e-10
2.489550048828125 6.68506013801657e-10
2.490550048828125 6.370873606864581e-10
2.491550048828125 6.087555494794461e-10
2.492550048828125 5.851721109725772e-10
2.493550048828125 5.613975233538443e-10
2.494550048828125 5.346876077346039e-10
2.495550048828125 5.118345596417634e-10
2.496550048828125 4.872614701406024e-10
2.497550048828125 4.655408038682881e-10
2.498550048828125 4.415978225828444e-10
2.499550048828125 4.216173632872426e-10
2.500550048828125 4.02141044054198e-10
2.501550048828125 3.819362080991457e-10
2.502550048828125 3.6305882779243847e-10
2.503550048828125 3.4451215481226993e-10
2.504550048828125 3.266104384337157e-10
2.505550048828125 3.085573068727195e-10
2.506550048828125 2.906563217829997e-10
2.507550048828125 2.7417682231743296e-10
2.508550048828125 2.591916942250243e-10
2.509550048828125 2.432235482928137e-10
2.510550048828125 2.2830754274310797e-10
2.511550048828125 2.140282526814163e-10
2.512550048828125 2.002058031115626e-10
2.513550048828125 1.8725050609651786e-10
2.514550048828125 1.748310900278756e-10
2.515550048828125 1.627971779626928e-10
2.516550048828125 1.512058001006601e-10
2.517550048828125 1.4110912536342338e-10
2.518550048828125 1.307796219288521e-10
2.519550048828125 1.2089851092510437e-10
2.520550048828125 1.1318020448039807e-10
2.521550048828125 1.0434747141485764e-10
2.522550048828125 9.680140648273762e-11
2.523550048828125 8.901852484388372e-11
2.524550048828125 8.20619988423571e-11
2.525550048828125 7.586248532167706e-11
2.526550048828125 6.975480027926501e-11
2.527550048828125 6.432523386223657e-11
2.528550048828125 5.942835997131585e-11
2.529550048828125 5.4758116326565954e-11
2.530550048828125 5.049362271777733e-11
2.531550048828125 4.6906223138730177e-11
2.532550048828125 4.322340987532189e-11
2.533550048828125 3.9933394691210356e-11
2.534550048828125 3.704860137879553e-11
2.535550048828125 3.4315960651482234e-11
2.536550048828125 3.197957373755227e-11
2.537550048828125 2.989339285164418e-11
2.538550048828125 2.7895859000049397e-11
2.539550048828125 2.604880217625376e-11
2.540550048828125 2.432139280033196e-11
2.541550048828125 2.266751538566063e-11
2.542550048828125 2.1164650608684163e-11
2.543550048828125 1.984158120285014e-11
2.544550048828125 1.8499747196158102e-11
2.545550048828125 1.738884449213957e-11
2.546550048828125 1.6479518697550674e-11
2.547550048828125 1.55974163413225e-11
2.548550048828125 1.477331077928737e-11
2.549550048828125 1.4116470691763099e-11
2.550550048828125 1.340453538900858e-11
2.551550048828125 1.2730091803996365e-11
2.552550048828125 1.2091190516861559e-11
2.553550048828125 1.1582175260405207e-11
2.554550048828125 1.1005866323982985e-11
2.555550048828125 1.05618653897964e-11
2.556550048828125 1.0132253535769329e-11
2.557550048828125 9.765006890462871e-12
2.558550048828125 9.554991438981054e-12
2.559550048828125 9.322007546129083e-12
2.560550048828125 9.082554159136601e-12
2.561550048828125 8.830244876499057e-12
2.562550048828125 8.60426648489976e-12
2.563550048828125 8.26233390053417e-12
2.564550048828125 7.98644045779932e-12
2.565550048828125 7.688944351729267e-12
2.566550048828125 7.35570720660202e-12
2.567550048828125 6.999566461259091e-12
2.568550048828125 6.65255339480474e-12
2.569550048828125 6.305441234893075e-12
2.570550048828125 5.915399293627107e-12
2.571550048828125 5.555231773544303e-12
2.572550048828125 5.1853837703318874e-12
2.573550048828125 4.808663556542143e-12
2.574550048828125 4.4460808826480555e-12
2.575550048828125 4.070411315702064e-12
2.576550048828125 3.70224509238529e-12
2.577550048828125 3.3758252009288202e-12
2.578550048828125 3.0509674092946226e-12
2.579550048828125 2.725836010093433e-12
2.580550048828125 2.4502573554669903e-12
2.581550048828125 2.178548989273754e-12
2.582550048828125 1.9043059836625873e-12
2.583550048828125 1.6495319386278721e-12
2.584550048828125 1.4239359981764464e-12
2.585550048828125 1.214488129337094e-12
2.586550048828125 1.0363021783838662e-12
2.587550048828125 8.736783030762261e-13
2.588550048828125 7.366337919034082e-13
2.589550048828125 6.158302624174612e-13
2.590550048828125 5.113088316694215e-13
2.591550048828125 4.2063501768330073e-13
2.592550048828125 3.4650940585812264e-13
2.593550048828125 2.825853678113169e-13
2.594550048828125 2.2895279193810433e-13
2.595550048828125 1.8430833918451967e-13
2.596550048828125 1.4859407479947671e-13
2.597550048828125 1.1855079473716258e-13
2.598550048828125 9.419877512121247e-14
