Wavelength_microns Throughput
0.5502000122070313 6.944733535943793e-10
0.5512000122070313 5.091973807952494e-10
0.5522000122070313 6.272481974784335e-10
0.5532000122070313 9.314497204358908e-10
0.5542000122070313 1.0166750900694314e-09
0.5552000122070313 1.0950124982671165e-09
0.5562000122070313 1.032297719116079e-09
0.5572000122070313 1.164301674219082e-09
0.5582000122070313 6.026781633450524e-10
0.5592000122070313 2.7111156131530447e-10
0.5602000122070312 1.0444299748971882e-10
0.5612000122070312 1.2174217140022535e-10
0.5622000122070312 2.7102249919004334e-10
0.5632000122070312 1.8713263108143428e-10
0.5642000122070312 2.2886359080362803e-10
0.5652000122070312 3.1811376812741524e-10
0.5662000122070312 9.090394309345154e-10
0.5672000122070312 2.4010291452771863e-09
0.5682000122070312 3.2972457957459564e-09
0.5692000122070312 4.55077427199222e-09
0.5702000122070312 3.2940017101809883e-09
0.5712000122070312 2.1605513930883154e-09
0.5722000122070312 7.674777426436899e-10
0.5732000122070312 2.4983265572790013e-09
0.5742000122070312 3.5975384332726534e-09
0.5752000122070312 3.2680933816499542e-09
0.5762000122070312 4.9753342405485604e-09
0.5772000122070312 3.805583544740544e-09
0.5782000122070312 4.42490765986749e-09
0.5792000122070312 1.8524387234530226e-09
0.5802000122070312 3.863905855882036e-09
0.5812000122070312 3.5677565926885277e-09
0.5822000122070312 5.143002817418595e-09
0.5832000122070312 3.699010726306775e-09
0.5842000122070312 4.627309571791745e-09
0.5852000122070312 7.08351281986009e-09
0.5862000122070312 1.0541278964156647e-08
0.5872000122070312 1.3095248342125588e-08
0.5882000122070312 8.98539582946447e-09
0.5892000122070312 8.408947539449037e-09
0.5902000122070312 1.157157006309149e-08
0.5912000122070312 1.4318946795112982e-08
0.5922000122070312 1.718837672429199e-08
0.5932000122070312 1.5965654201635297e-08
0.5942000122070312 2.1790962112714996e-08
0.5952000122070312 2.1588746423931646e-08
0.5962000122070312 2.055994235195051e-08
0.5972000122070312 1.7793190286721315e-08
0.5982000122070312 2.326864453162078e-08
0.5992000122070312 2.761249063273748e-08
0.6002000122070312 2.8962687412729624e-08
0.6012000122070312 3.641307727285823e-08
0.6022000122070312 5.739893562263529e-08
0.6032000122070312 8.507564999128219e-08
0.6042000122070312 1.0684999265797746e-07
0.6052000122070312 1.2665025256969292e-07
0.6062000122070312 1.4424919639481223e-07
0.6072000122070312 1.682066563104018e-07
0.6082000122070312 1.7757577061455156e-07
0.6092000122070312 1.8442307703148522e-07
0.6102000122070312 1.7982381720649658e-07
0.6112000122070312 2.0106119398117177e-07
0.6122000122070312 2.4829124887108554e-07
0.6132000122070312 3.2858458283244227e-07
0.6142000122070312 4.239612996084732e-07
0.6152000122070312 5.040345349014446e-07
0.6162000122070312 5.508146697891828e-07
0.6172000122070312 5.531256535210286e-07
0.6182000122070312 5.681353168916348e-07
0.6192000122070312 6.564022286572874e-07
0.6202000122070312 8.84444609695081e-07
0.6212000122070312 1.2254880452693085e-06
0.6222000122070312 1.6135504449928604e-06
0.6232000122070313 1.908707809943842e-06
0.6242000122070313 2.0426754777251523e-06
0.6252000122070313 1.9354379388797385e-06
0.6262000122070313 1.642011053515019e-06
0.6272000122070313 1.2499777178722994e-06
0.6282000122070313 8.957324915697542e-07
0.6292000122070313 6.435883063687428e-07
0.6302000122070313 5.007705481521856e-07
0.6312000122070313 4.2678381873051027e-07
0.6322000122070313 3.8236340385124344e-07
0.6332000122070313 3.538563484238989e-07
0.6342000122070313 3.3865416553651003e-07
0.6352000122070313 3.2670874926209016e-07
0.6362000122070313 3.178329305598294e-07
0.6372000122070313 2.9824338727437717e-07
0.6382000122070313 2.658770555047014e-07
0.6392000122070313 2.187061067715125e-07
0.6402000122070313 1.7479035387789105e-07
0.6412000122070313 1.3326362018086413e-07
0.6422000122070313 1.0015823576136797e-07
0.6432000122070313 7.516471397363488e-08
0.6442000122070313 5.8603788206839184e-08
0.6452000122070313 4.3248616716829824e-08
0.6462000122070313 3.9116522697444995e-08
0.6472000122070313 3.738430370366962e-08
0.6482000122070313 4.1942594642547094e-08
0.6492000122070313 3.798575082471744e-08
0.6502000122070313 4.010724167918203e-08
0.6512000122070313 5.427247853429994e-08
0.6522000122070313 5.0441881063814464e-08
0.6532000122070313 4.79070318834221e-08
0.6542000122070313 4.144474499167087e-08
0.6552000122070313 4.5223504965626066e-08
0.6562000122070313 5.644286157060796e-08
0.6572000122070313 5.699795487993311e-08
0.6582000122070313 5.4935283025326433e-08
0.6592000122070313 4.7580563183284004e-08
0.6602000122070313 4.413780024729666e-08
0.6612000122070313 4.817151297671023e-08
0.6622000122070313 6.013346359377045e-08
0.6632000122070313 6.485255806441269e-08
0.6642000122070313 7.218236703654848e-08
0.6652000122070313 7.208556252869033e-08
0.6662000122070313 6.9672925416033e-08
0.6672000122070313 6.762622789613373e-08
0.6682000122070313 6.93435170071865e-08
0.6692000122070313 7.4319939033746e-08
0.6702000122070313 6.843127592404335e-08
0.6712000122070313 6.514560863921173e-08
0.6722000122070313 6.853191745360848e-08
0.6732000122070313 6.995222139036827e-08
0.6742000122070313 7.359191196985599e-08
0.6752000122070313 7.9374417098052e-08
0.6762000122070313 9.593024645107323e-08
0.6772000122070313 9.776391896822966e-08
0.6782000122070313 8.855924258073461e-08
0.6792000122070313 9.142952012756957e-08
0.6802000122070313 1.0021053950179232e-07
0.6812000122070313 1.0601912486308331e-07
0.6822000122070313 1.0999834968026762e-07
0.6832000122070313 9.08693378140036e-08
0.6842000122070313 8.227973574169218e-08
0.6852000122070312 6.642306017310035e-08
0.6862000122070312 5.972484697514731e-08
0.6872000122070312 5.648299083097823e-08
0.6882000122070312 7.058815498785503e-08
0.6892000122070312 9.049289184121248e-08
0.6902000122070312 1.0390311835166267e-07
0.6912000122070312 9.632085071886447e-08
0.6922000122070312 9.208793407681313e-08
0.6932000122070312 1.0029659335136124e-07
0.6942000122070312 1.1862430702801295e-07
0.6952000122070312 1.213436007051315e-07
0.6962000122070312 1.1993432002917297e-07
0.6972000122070312 9.584842801895365e-08
0.6982000122070312 8.877252846043074e-08
0.6992000122070312 8.185820942754496e-08
0.7002000122070312 8.752923636013555e-08
0.7012000122070312 1.0645024085468917e-07
0.7022000122070312 1.0079685177833633e-07
0.7032000122070312 9.87487337226033e-08
0.7042000122070312 9.018293776007553e-08
0.7052000122070312 1.0518744279182468e-07
0.7062000122070312 1.085260448912019e-07
0.7072000122070312 9.401849735628198e-08
0.7082000122070312 8.84127626227572e-08
0.7092000122070312 1.030506360728606e-07
0.7102000122070312 1.2687336305349889e-07
0.7112000122070312 1.226070559161949e-07
0.7122000122070312 1.2282513780490096e-07
0.7132000122070312 1.0922407703475486e-07
0.7142000122070312 9.452174878455634e-08
0.7152000122070312 5.527012246013442e-08
0.7162000122070312 4.570849009366811e-08
0.7172000122070312 6.259083626734379e-08
0.7182000122070312 7.190326767121654e-08
0.7192000122070312 7.36922354527093e-08
0.7202000122070312 6.83946497743364e-08
0.7212000122070312 9.752100409025089e-08
0.7222000122070312 1.013761347963177e-07
0.7232000122070312 1.031041728507099e-07
0.7242000122070312 6.661716482297122e-08
0.7252000122070312 4.905830458381389e-08
0.7262000122070312 4.3547460681869285e-08
0.7272000122070312 6.56085525500843e-08
0.7282000122070312 8.581463551238675e-08
0.7292000122070312 9.244542297844507e-08
0.7302000122070312 9.173243808964601e-08
0.7312000122070312 8.5675840765271e-08
0.7322000122070312 1.0973783303204538e-07
0.7332000122070312 1.0891321289651978e-07
0.7342000122070312 1.1974722315945086e-07
0.7352000122070312 1.0401791227276123e-07
0.7362000122070312 1.1172685353124988e-07
0.7372000122070312 1.1292549651105463e-07
0.7382000122070312 1.223412747732616e-07
0.7392000122070312 1.0658196973751572e-07
0.7402000122070312 9.390269140446631e-08
0.7412000122070312 8.590357913908708e-08
0.7422000122070312 9.02350268209563e-08
0.7432000122070312 8.988231582280806e-08
0.7442000122070312 7.706309213318068e-08
0.7452000122070312 7.29588984803497e-08
0.7462000122070312 6.792049956625778e-08
0.7472000122070312 6.64538629199245e-08
0.7482000122070313 7.620223502053044e-08
0.7492000122070313 7.485331816725906e-08
0.7502000122070313 8.18122124352609e-08
0.7512000122070313 8.678647766426427e-08
0.7522000122070313 1.0413280798915547e-07
0.7532000122070313 9.888182711457203e-08
0.7542000122070313 9.59655835669952e-08
0.7552000122070313 7.579771556307152e-08
0.7562000122070313 8.318726883364016e-08
0.7572000122070313 9.740399986948704e-08
0.7582000122070313 1.241120868495754e-07
0.7592000122070313 1.0823308728548738e-07
0.7602000122070313 9.090099539139717e-08
0.7612000122070313 6.611446947524706e-08
0.7622000122070313 7.659842115869497e-08
0.7632000122070313 7.903978809955133e-08
0.7642000122070313 7.83818679586507e-08
0.7652000122070313 8.014273119933087e-08
0.7662000122070313 9.883637990813111e-08
0.7672000122070313 9.196960830325618e-08
0.7682000122070313 6.594562244280212e-08
0.7692000122070313 3.068421883477836e-08
0.7702000122070313 5.279878978965039e-08
0.7712000122070313 9.491364823763555e-08
0.7722000122070313 9.897303738895938e-08
0.7732000122070313 8.115863535472128e-08
0.7742000122070313 5.4661173153562925e-08
0.7752000122070313 1.0474800238296428e-07
0.7762000122070313 1.0996073560661079e-07
0.7772000122070313 1.106638186805022e-07
0.7782000122070313 3.924380544171288e-08
0.7792000122070313 5.1667434032750954e-08
0.7802000122070313 1.0953032592540219e-07
0.7812000122070313 1.3145294447609211e-07
0.7822000122070313 1.504662922883354e-07
0.7832000122070313 1.213812413801149e-07
0.7842000122070313 1.0936403760808067e-07
0.7852000122070313 6.091093830237683e-08
0.7862000122070313 9.775085032541325e-09
0.7872000122070313 3.345000654791482e-08
0.7882000122070313 4.693759107633306e-08
0.7892000122070313 5.543191592228049e-08
0.7902000122070313 2.2102938797520043e-08
0.7912000122070313 2.2187862612609157e-08
0.7922000122070313 1.6391781953906924e-08
0.7932000122070313 3.720878404582567e-08
0.7942000122070313 2.9098527131674997e-08
0.7952000122070313 7.984620448515113e-08
0.7962000122070313 1.4038639661960487e-07
0.7972000122070313 1.3765852206866474e-07
0.7982000122070313 8.525101923018604e-08
0.7992000122070313 1.0433281603720895e-08
0.8002000122070313 8.898207139473556e-09
0.8012000122070313 7.872469597734736e-09
0.8022000122070313 2.1610629562856736e-09
0.8032000122070313 8.31214109778873e-10
0.8042000122070313 1.4844115431323416e-09
0.8052000122070313 6.843528746777336e-10
0.8062000122070313 6.904355582711914e-10
0.8072000122070313 1.0308965170913971e-08
0.8082000122070313 1.035508216491354e-08
0.8092000122070313 1.0390785012412453e-08
0.8102000122070312 9.129682586234599e-09
0.8112000122070312 1.7725832362036634e-08
0.8122000122070312 4.2240506962949706e-08
0.8132000122070312 3.8208346365467246e-08
0.8142000122070312 2.9650777034752978e-08
0.8152000122070312 5.092753124303934e-09
0.8162000122070312 1.559216111477386e-08
0.8172000122070312 1.823357058599786e-08
0.8182000122070312 2.0560605453327366e-08
0.8192000122070312 4.966639394862493e-09
0.8202000122070312 2.33741423494961e-09
0.8212000122070312 7.805060601956369e-09
0.8222000122070312 7.814604578661447e-09
0.8232000122070312 2.0866076644720366e-08
0.8242000122070312 2.104222227364218e-08
0.8252000122070312 3.3622930517931173e-08
0.8262000122070312 4.141373366978054e-08
0.8272000122070312 3.446801544646963e-08
0.8282000122070312 3.002433043511145e-08
0.8292000122070312 1.4025260194665918e-08
0.8302000122070312 3.156632997990645e-08
0.8312000122070312 3.44408876796256e-08
0.8322000122070312 3.2521838123500196e-08
0.8332000122070312 4.403403742175158e-08
0.8342000122070312 4.194438852032429e-08
0.8352000122070312 3.956749133164275e-08
0.8362000122070312 1.9402828782748586e-08
0.8372000122070312 2.0674320389790397e-08
0.8382000122070312 2.1267521224764165e-08
0.8392000122070312 2.979399171488968e-08
0.8402000122070312 2.891204750232126e-08
0.8412000122070312 4.635236449877376e-08
0.8422000122070312 2.7843746755523835e-08
0.8432000122070312 2.1594288612483357e-08
0.8442000122070312 3.040526344149891e-09
0.8452000122070312 3.0450539989412762e-09
0.8462000122070312 1.3613193665487052e-08
0.8472000122070312 2.610363183954876e-08
0.8482000122070312 2.6124581167272946e-08
0.8492000122070312 3.720890254343024e-08
0.8502000122070312 2.4774063199321716e-08
0.8512000122070312 3.4213676420478035e-08
0.8522000122070312 2.9609364169482142e-08
0.8532000122070312 2.9671845671503887e-08
0.8542000122070312 2.0259592148515534e-08
0.8552000122070312 3.0105335894317217e-11
0.8562000122070312 1.7215445853984946e-08
0.8572000122070312 1.725390076380808e-08
0.8582000122070312 1.7283539649074872e-08
0.8592000122070312 2.4669584380934667e-08
0.8602000122070312 2.4715593028512096e-08
0.8612000122070312 4.170100397392255e-08
0.8622000122070312 2.5959036087623744e-08
0.8632000122070312 2.9114883146941484e-08
0.8642000122070312 1.2098310904076133e-08
0.8652000122070312 3.1472672612449683e-09
0.8662000122070312 1.8151000405135652e-08
0.8672000122070312 2.2034842542163715e-08
0.8682000122070312 2.2053800896782527e-08
0.8692000122070312 2.1738663102670484e-08
0.8702000122070312 3.707544729145456e-08
0.8712000122070312 9.767965131550818e-08
0.8722000122070312 1.0911366235295859e-07
0.8732000122070313 8.987262723002756e-08
0.8742000122070313 2.9225451773981703e-08
0.8752000122070313 4.54099055213534e-08
0.8762000122070313 4.5436967856964995e-08
0.8772000122070313 7.168853256584012e-08
0.8782000122070313 2.6242611950548633e-08
0.8792000122070313 7.839975895707604e-08
0.8802000122070313 5.218998733139993e-08
0.8812000122070313 1.369122821246035e-07
0.8822000122070313 8.462633891264724e-08
0.8832000122070313 8.464826473465702e-08
0.8842000122070313 3.0990968604345236e-11
0.8852000122070313 2.4497998058014654e-08
0.8862000122070313 9.395411443318707e-08
0.8872000122070313 1.3507832109605154e-07
0.8882000122070313 1.106676369640053e-07
0.8892000122070313 4.100255828666974e-08
0.8902000122070313 7.506873281906681e-08
0.8912000122070313 7.520023837424917e-08
0.8922000122070313 7.523603479719934e-08
0.8932000122070313 3.139376618375964e-11
0.8942000122070313 3.142028962599422e-11
0.8952000122070313 1.7466604631290032e-07
0.8962000122070313 5.388633782627082e-07
0.8972000122070313 5.382635038915121e-07
0.8982000122070313 3.876438203127656e-07
0.8992000122070313 4.086263100507987e-08
0.9002000122070313 7.87070843986745e-08
0.9012000122070313 6.542550439296862e-08
0.9022000122070313 7.172742466915826e-08
0.9032000122070313 3.9951484416013397e-08
0.9042000122070313 6.474100897898455e-08
0.9052000122070313 5.7551791104576594e-08
0.9062000122070313 5.1593120876351725e-08
0.9072000122070313 6.578921942680441e-08
0.9082000122070313 8.469277061156213e-08
0.9092000122070313 9.485216899502572e-08
0.9102000122070313 6.520498971235112e-08
0.9112000122070313 3.107133982407731e-08
0.9122000122070313 2.559748881629028e-08
0.9132000122070313 2.8534346851339425e-08
0.9142000122070313 4.9288615558625784e-08
0.9152000122070313 6.220918503250871e-08
0.9162000122070313 4.721930911843728e-08
0.9172000122070313 4.6627389013048496e-08
0.9182000122070313 2.9193475600086435e-08
0.9192000122070313 6.897936632218203e-08
0.9202000122070313 4.766316719870008e-08
0.9212000122070313 9.318306276629786e-08
0.9222000122070313 7.032349482732393e-08
0.9232000122070313 7.036452901852812e-08
0.9242000122070313 4.1870294714253794e-08
0.9252000122070313 3.744702901209382e-08
0.9262000122070313 5.2339247980920466e-08
0.9272000122070313 4.380216738901853e-08
0.9282000122070313 5.2296024855489355e-08
0.9292000122070313 3.743285804083533e-08
0.9302000122070313 6.213247536249057e-08
0.9312000122070313 4.8341526825521485e-08
0.9322000122070313 8.858121523838927e-08
0.9332000122070313 8.504710960614018e-08
0.9342000122070313 8.821453168421506e-08
0.9352000122070312 5.563488773734933e-08
0.9362000122070312 2.768195495941006e-08
0.9372000122070312 4.2521132389338644e-08
0.9382000122070312 3.646210471405888e-08
0.9392000122070312 5.750892774787491e-08
0.9402000122070312 4.019646816427871e-08
0.9412000122070312 8.448387292550019e-08
0.9422000122070312 7.308677036129236e-08
0.9432000122070312 6.673322726488476e-08
0.9442000122070312 6.791315515976252e-08
0.9452000122070312 1.0774708149440108e-07
0.9462000122070312 1.4046282776206041e-07
0.9472000122070312 1.6707877704937717e-07
0.9482000122070312 1.5432653757471267e-07
0.9492000122070312 1.956944365384254e-07
0.9502000122070312 1.9386648033867735e-07
0.9512000122070312 2.393135737078828e-07
0.9522000122070312 2.601586802430539e-07
0.9532000122070312 2.431261751667229e-07
0.9542000122070312 2.5052540215092894e-07
0.9552000122070312 2.57249042658256e-07
0.9562000122070312 3.3916887026674986e-07
0.9572000122070312 4.129472821545177e-07
0.9582000122070312 5.324858979016213e-07
0.9592000122070312 6.796478327062801e-07
0.9602000122070312 8.707717377253298e-07
0.9612000122070312 1.0978872364364724e-06
0.9622000122070312 1.3562448438795111e-06
0.9632000122070312 1.6283836398856106e-06
0.9642000122070312 1.8897654316947762e-06
0.9652000122070312 2.173142655382752e-06
0.9662000122070312 2.4941969948152185e-06
0.9672000122070312 2.9437692647626104e-06
0.9682000122070312 3.5003452008079757e-06
0.9692000122070312 4.226205426713258e-06
0.9702000122070312 5.035046638776616e-06
0.9712000122070312 5.978730443723077e-06
0.9722000122070312 6.946518660858181e-06
0.9732000122070312 7.919008260014849e-06
0.9742000122070312 8.815274159645554e-06
0.9752000122070312 9.694391238056777e-06
0.9762000122070312 1.0594059454856068e-05
0.9772000122070312 1.1690888614750883e-05
0.9782000122070312 1.3107949865831347e-05
0.9792000122070312 1.503758848040647e-05
0.9802000122070312 1.7638209294858082e-05
0.9812000122070312 2.1149599708137042e-05
0.9822000122070312 2.590839357363948e-05
0.9832000122070312 3.223359853713792e-05
0.9842000122070312 4.040023471049198e-05
0.9852000122070312 5.081614557607507e-05
0.9862000122070312 6.351649177344385e-05
0.9872000122070312 7.87174731734681e-05
0.9882000122070312 9.646867320579207e-05
0.9892000122070312 0.00011676809988489628
0.9902000122070312 0.00013982623066144577
0.9912000122070312 0.00016548961305231437
0.9922000122070312 0.00019444814176187728
0.9932000122070312 0.00022752385058308615
0.9942000122070312 0.0002661408947762171
0.9952000122070312 0.00031189755535440287
0.9962000122070312 0.00036904694085159655
0.9972000122070312 0.00044220181670918187
0.9982000122070313 0.014956060516152031
0.9992000122070313 0.03097795424088218
1.0002000122070311 0.049072209378983045
1.0012000122070313 0.05492834487223312
1.0022000122070311 0.06214254580663002
1.0032000122070313 0.06927684534550248
1.0042000122070311 0.07791472400993063
1.0052000122070313 0.0874813983930383
1.0062000122070311 0.10013625241408662
1.0072000122070313 0.11417286325542948
1.0082000122070311 0.1295230397516687
1.0092000122070313 0.1458115109293786
1.0102000122070312 0.16158836842345303
1.0112000122070313 0.17802076546931034
1.0122000122070312 0.19333849388479568
1.0132000122070313 0.2085466153733298
1.0142000122070312 0.22150403013318823
1.0152000122070313 0.23225989520345042
1.0162000122070312 0.23902909552745916
1.0172000122070313 0.24346610516172454
1.0182000122070312 0.24512054476006415
1.0192000122070313 0.24604407810439397
1.0202000122070312 0.2448491957200095
1.0212000122070313 0.24529934315533686
1.0222000122070312 0.24442974198434336
1.0232000122070313 0.24462104372522644
1.024199951171875 0.2439822213139117
1.025199951171875 0.24493415407298805
1.026199951171875 0.24561645028629306
1.027199951171875 0.24608462305197257
1.028199951171875 0.2474155188783632
1.029199951171875 0.24900121863594277
1.030199951171875 0.25088651069609696
1.031199951171875 0.25226388266999683
1.032199951171875 0.25506029230638694
1.033199951171875 0.25774501887642787
1.034199951171875 0.2617050015849282
1.035199951171875 0.26422318086560903
1.036199951171875 0.2663526411655264
1.037199951171875 0.26688425449621733
1.038199951171875 0.27010701716565916
1.039199951171875 0.271783578858547
1.040199951171875 0.2740179660803092
1.041199951171875 0.27411721414539536
1.042199951171875 0.2760012288542424
1.043199951171875 0.2763024841927737
1.044199951171875 0.2768944382115478
1.045199951171875 0.2776428574407831
1.046199951171875 0.27892957519005374
1.047199951171875 0.28020876903733244
1.048199951171875 0.2813919949808853
1.049199951171875 0.2823485940612159
1.050199951171875 0.28327680259863186
1.051199951171875 0.2850708263606943
1.052199951171875 0.2861988705774474
1.053199951171875 0.2865070728596192
1.054199951171875 0.28759130477877043
1.055199951171875 0.28765290521559417
1.056199951171875 0.2877426366774864
1.057199951171875 0.28712128735452513
1.058199951171875 0.2865140628125668
1.059199951171875 0.285919341027867
1.060199951171875 0.28445727160726203
1.061199951171875 0.28350709729453094
1.062199951171875 0.28172779735507764
1.063199951171875 0.27989264420102355
1.064199951171875 0.27925035331825726
1.065199951171875 0.27809560579306386
1.066199951171875 0.277073280065142
1.067199951171875 0.2744000365059792
1.068199951171875 0.2731341987178781
1.069199951171875 0.2705818220137591
1.070199951171875 0.26795805834788033
1.071199951171875 0.2665245815437904
1.072199951171875 0.26594420710332634
1.073199951171875 0.2649340804434504
1.074199951171875 0.2628119440123935
1.075199951171875 0.2618800488535835
1.076199951171875 0.2620032507071688
1.077199951171875 0.26159933454244244
1.078199951171875 0.2619347686471036
1.079199951171875 0.26253067417556436
1.080199951171875 0.26303378852038417
1.081199951171875 0.26385239270431887
1.082199951171875 0.2647817105393502
1.083199951171875 0.2650370306178727
1.084199951171875 0.26581264060678106
1.085199951171875 0.26669279907290616
1.086199951171875 0.2686640014873155
1.087199951171875 0.26934317882587916
1.088199951171875 0.2706042190132577
1.089199951171875 0.27236392744466614
1.090199951171875 0.2743680749899372
1.091199951171875 0.27623915314052055
1.092199951171875 0.2782997065911071
1.093199951171875 0.28085956153024905
1.094199951171875 0.283038404428218
1.095199951171875 0.28487067168738
1.096199951171875 0.28620841706085137
1.097199951171875 0.28917019200926236
1.098199951171875 0.2917024795833547
1.099199951171875 0.2939436008922305
1.100199951171875 0.29434602873961313
1.101199951171875 0.29474513410808756
1.102199951171875 0.2956880842693051
1.103199951171875 0.29706925505887743
1.104199951171875 0.2982449671300306
1.105199951171875 0.2993868800714977
1.106199951171875 0.29928938213379086
1.107199951171875 0.29972704262329086
1.108199951171875 0.2992201249908684
1.109199951171875 0.29841912959371036
1.110199951171875 0.29887745818973604
1.111199951171875 0.2991099973461874
1.112199951171875 0.29954705053688585
1.113199951171875 0.2987083575400571
1.114199951171875 0.2986994740225991
1.115199951171875 0.2993644505077241
1.116199951171875 0.29873108054680375
1.117199951171875 0.297926656977925
1.118199951171875 0.29733397902715897
1.119199951171875 0.2977822926618096
1.120199951171875 0.2980347390457789
1.121199951171875 0.2970122107087768
1.122199951171875 0.2962676380611323
1.123199951171875 0.29502510175404967
1.124199951171875 0.29501597291191395
1.125199951171875 0.294905426795803
1.126199951171875 0.2954359202985214
1.127199951171875 0.29566714106229064
1.128199951171875 0.2961324650121501
1.129199951171875 0.296169895551349
1.130199951171875 0.2968177383764553
1.131199951171875 0.296694363279856
1.132199951171875 0.29818181529696386
1.133199951171875 0.29871922648996024
1.134199951171875 0.29977324955607193
1.135199951171875 0.3000989830781728
1.136199951171875 0.3010804726800788
1.137199951171875 0.30252962836705816
1.138199951171875 0.3035585941791944
1.139199951171875 0.30459784993569067
1.140199951171875 0.30529801802739515
1.141199951171875 0.3075854842505016
1.142199951171875 0.31015453152182265
1.143199951171875 0.31269282292077505
1.144199951171875 0.31606766429500194
1.145199951171875 0.319248687192433
1.146199951171875 0.32119527797433545
1.147199951171875 0.32341063196302017
1.148199951171875 0.3254478952830003
1.149199951171875 0.3283756691355075
1.150199951171875 0.330618262408043
1.151199951171875 0.332824415043507
1.152199951171875 0.33518051379370206
1.153199951171875 0.3365972955165323
1.154199951171875 0.33832948491749604
1.155199951171875 0.340186823743944
1.156199951171875 0.3420786683215933
1.157199951171875 0.34395505505558954
1.158199951171875 0.34497617447452006
1.159199951171875 0.346357327429953
1.160199951171875 0.34732241221871374
1.161199951171875 0.3491950733865616
1.162199951171875 0.3503723740221321
1.163199951171875 0.35190142111122297
1.164199951171875 0.35300122624086244
1.165199951171875 0.3534678556342716
1.166199951171875 0.3543654318071799
1.167199951171875 0.3554696817858676
1.168199951171875 0.3567031339630451
1.169199951171875 0.3566547663330733
1.170199951171875 0.35640294041567055
1.171199951171875 0.35678599125694194
1.172199951171875 0.35739961693741595
1.173199951171875 0.35786294440097416
1.174199951171875 0.35824538838506753
1.175199951171875 0.3592380633648814
1.176199951171875 0.35864722095999885
1.177199951171875 0.35931456470912543
1.178199951171875 0.35883006899752623
1.179199951171875 0.35788234314340167
1.180199951171875 0.3571469664953117
1.181199951171875 0.3576328916215037
1.182199951171875 0.35869073865241446
1.183199951171875 0.3583389537464672
1.184199951171875 0.35727783560397697
1.185199951171875 0.35704807128424265
1.186199951171875 0.3564169344942489
1.187199951171875 0.3558218099643939
1.188199951171875 0.3549484854549531
1.189199951171875 0.35439789834268626
1.190199951171875 0.3550756621759674
1.191199951171875 0.35557155553212755
1.192199951171875 0.35494863795306497
1.193199951171875 0.354567561380939
1.194199951171875 0.35344121919113214
1.195199951171875 0.3525255895527364
1.196199951171875 0.35116592491555354
1.197199951171875 0.35053070717263385
1.198199951171875 0.349956683345442
1.199199951171875 0.34902113027008386
1.200199951171875 0.34834006613202106
1.201199951171875 0.3487086852045097
1.202199951171875 0.34834645868287
1.203199951171875 0.34787293042603445
1.204199951171875 0.34786622307761933
1.205199951171875 0.3480136527034726
1.206199951171875 0.3469692484161748
1.207199951171875 0.3462336723611657
1.208199951171875 0.3459386053055127
1.209199951171875 0.34781259741810716
1.210199951171875 0.34752235609698484
1.211199951171875 0.34796454660236587
1.212199951171875 0.34785336419497587
1.213199951171875 0.34975923141821036
1.214199951171875 0.3504310959689852
1.215199951171875 0.35159275914763694
1.216199951171875 0.35096969920617754
1.217199951171875 0.35261691954149466
1.218199951171875 0.3537593260528527
1.219199951171875 0.3553663947221087
1.220199951171875 0.3561550335050974
1.221199951171875 0.356786042855044
1.222199951171875 0.3588693998462453
1.223199951171875 0.3599636803128581
1.224199951171875 0.36180619788036006
1.225199951171875 0.36267601280163864
1.226199951171875 0.36418540735485216
1.227199951171875 0.36568144012986137
1.228199951171875 0.36679933589302444
1.229199951171875 0.36769833331811685
1.230199951171875 0.36988521256424384
1.231199951171875 0.3717195065450849
1.232199951171875 0.3743254332345027
1.233199951171875 0.3751337467949304
1.234199951171875 0.3769229116792946
1.235199951171875 0.37856660124909547
1.236199951171875 0.3805871179361782
1.237199951171875 0.3819164217526749
1.238199951171875 0.38313559646829903
1.239199951171875 0.3833481214622687
1.240199951171875 0.38496888556189945
1.241199951171875 0.3856906227418958
1.242199951171875 0.3872888575270952
1.243199951171875 0.387885672150774
1.244199951171875 0.3894198574090225
1.245199951171875 0.39031693668119205
1.246199951171875 0.3915233989114405
1.247199951171875 0.39122382124356686
1.248199951171875 0.3915033491016032
1.249199951171875 0.3921062689280048
1.250199951171875 0.3914987635507453
1.251199951171875 0.39267604024548525
1.252199951171875 0.3930976274541774
1.253199951171875 0.3935226899001009
1.254199951171875 0.3921826799962884
1.255199951171875 0.39085171314786704
1.256199951171875 0.3907268115632221
1.257199951171875 0.3922443287483863
1.258199951171875 0.39261467855554855
1.259199951171875 0.39363946890502005
1.260199951171875 0.393703337895676
1.261199951171875 0.3946032496370454
1.262199951171875 0.3954452290935389
1.263199951171875 0.39496472100733887
1.264199951171875 0.39436479118281503
1.265199951171875 0.3945552869525993
1.266199951171875 0.3940109912758895
1.267199951171875 0.39410969086623515
1.268199951171875 0.39272954536596044
1.269199951171875 0.3912946257435032
1.270199951171875 0.3883234683538941
1.271199951171875 0.384100407166516
1.272199951171875 0.37765441990517395
1.273199951171875 0.3696183393369967
1.274199951171875 0.3593941905571053
1.275199951171875 0.3463627862049098
1.276199951171875 0.32927871053973584
1.277199951171875 0.3086543984825346
1.278199951171875 0.28435899376421514
1.279199951171875 0.2572338916451922
1.280199951171875 0.22825165400657518
1.281199951171875 0.2003566157913588
1.282199951171875 0.17441330776585798
1.283199951171875 0.15243927450392764
1.284199951171875 0.13314187529632746
1.285199951171875 0.11656698184881682
1.286199951171875 0.10075344624014737
1.287199951171875 0.08700539740473003
1.288199951171875 0.07476360240841363
1.289199951171875 0.0652301433408443
1.290199951171875 0.057077650160473545
1.291199951171875 0.050175543546963734
1.292199951171875 0.043797169655572725
1.293199951171875 0.03867829646101581
1.294199951171875 0.03416189903790678
1.295199951171875 0.030319593402753687
1.296199951171875 0.02644832567241151
1.297199951171875 0.022697670503697063
1.298199951171875 0.019007125767599012
1.299199951171875 0.015780171185197117
1.300199951171875 0.013009639893938522
1.301199951171875 0.010673095425228627
1.302199951171875 0.008728818201742403
1.303199951171875 0.007140772035561916
1.304199951171875 0.005859102628260752
1.305199951171875 0.004802118153339262
1.306199951171875 0.003948943254872846
1.307199951171875 0.003242048113905268
1.308199951171875 0.0026837868681103324
1.309199951171875 0.0022372239901510523
1.310199951171875 0.001865832096956721
1.311199951171875 0.0015581444535796953
1.312199951171875 0.0013058152991417468
1.313199951171875 0.0011055192297759813
1.314199951171875 0.0009348349334006714
1.315199951171875 0.0007925859031523486
1.316199951171875 0.000674170962762418
1.317199951171875 0.0005748865816551377
1.318199951171875 0.0004933163039224516
1.319199951171875 0.0004235698376675135
1.320199951171875 0.0003649749455866273
1.321199951171875 0.00031556883974274215
1.322199951171875 0.00027444560266027916
1.323199951171875 0.0002394812712746548
1.324199951171875 0.00020973477788012421
1.325199951171875 0.0001833786043628703
1.326199951171875 0.00016103917942282396
1.327199951171875 0.00014227335222231552
1.328199951171875 0.00012563411593431533
1.329199951171875 0.00011049926669157304
1.330199951171875 9.802956376680964e-05
1.331199951171875 8.707159092803716e-05
1.332199951171875 7.792968202214435e-05
1.333199951171875 6.908769601966448e-05
1.334199951171875 6.18027449730103e-05
1.335199951171875 5.52428595510896e-05
1.336199951171875 4.987134962805928e-05
1.337199951171875 4.498241479165275e-05
1.338199951171875 4.056000220679711e-05
1.339199951171875 3.62379639352896e-05
1.340199951171875 3.2839340153628695e-05
1.341199951171875 3.0075110735206448e-05
1.342199951171875 2.8234848521548124e-05
1.343199951171875 2.6070093636902908e-05
1.344199951171875 2.389052299286161e-05
1.345199951171875 2.1530673270123103e-05
1.346199951171875 1.960331859635809e-05
1.347199951171875 1.796521612139196e-05
1.348199951171875 1.6525273349926704e-05
1.349199951171875 1.4456799118326221e-05
1.350199951171875 1.3514949547454686e-05
1.351199951171875 1.3011248631678532e-05
1.352199951171875 1.1802232483078734e-05
1.353199951171875 1.0934737500057922e-05
1.354199951171875 9.324932398791586e-06
1.355199951171875 9.79416813256575e-06
1.356199951171875 9.00050566240942e-06
1.357199951171875 8.430709143814754e-06
1.358199951171875 8.286704817333066e-06
1.359199951171875 7.506489233684606e-06
1.360199951171875 6.864638534903006e-06
1.361199951171875 6.108334839960773e-06
1.362199951171875 5.878522520555583e-06
1.363199951171875 6.526209707444561e-06
1.364199951171875 5.611880811629522e-06
1.365199951171875 5.805727417462512e-06
1.366199951171875 4.667173560275354e-06
1.367199951171875 4.947801312122617e-06
1.368199951171875 4.787173708866687e-06
1.369199951171875 5.1633107426663206e-06
1.370199951171875 4.7569614310214e-06
1.371199951171875 4.861051466286271e-06
1.372199951171875 4.825909807542878e-06
1.373199951171875 5.04906869353439e-06
1.374199951171875 4.859289774603921e-06
1.375199951171875 4.27978931778856e-06
1.376199951171875 4.6776888885069455e-06
1.377199951171875 4.583368756820181e-06
1.378199951171875 4.739378647280171e-06
1.379199951171875 4.101062849637887e-06
1.380199951171875 3.383898516800516e-06
1.381199951171875 4.129328747058211e-06
1.382199951171875 4.30482274743956e-06
1.383199951171875 4.907962998094507e-06
1.384199951171875 4.162821537686815e-06
1.385199951171875 4.1487391025537515e-06
1.386199951171875 3.878762012157494e-06
1.387199951171875 3.9053972327697175e-06
1.388199951171875 3.5038240229454598e-06
1.389199951171875 3.2557844899770662e-06
1.390199951171875 3.3349116662737227e-06
1.391199951171875 3.4920930949322497e-06
1.392199951171875 3.3335761663268432e-06
1.393199951171875 3.0783302846364957e-06
1.394199951171875 3.309952101198878e-06
1.395199951171875 3.1306179570366155e-06
1.396199951171875 2.679693520157011e-06
1.397199951171875 2.545249002981475e-06
1.398199951171875 2.7175088833327433e-06
1.399199951171875 2.9829285781798712e-06
1.400199951171875 2.8437265310194625e-06
1.401199951171875 3.1629626307767256e-06
1.402199951171875 3.204227933567971e-06
1.403199951171875 3.5458117979023187e-06
1.404199951171875 3.066648453213469e-06
1.405199951171875 2.800777863534333e-06
1.406199951171875 2.23643708456922e-06
1.407199951171875 2.111613118315448e-06
1.408199951171875 2.285234028467817e-06
1.409199951171875 2.6629742463536097e-06
1.410199951171875 2.7285390254650315e-06
1.411199951171875 2.8648909824545573e-06
1.412199951171875 2.737688852286271e-06
1.413199951171875 3.377506501550814e-06
1.414199951171875 3.861587216962896e-06
1.415199951171875 3.5996760208067983e-06
1.416199951171875 3.2759190475997387e-06
1.417199951171875 2.712900874612297e-06
1.418199951171875 3.007639612781149e-06
1.419199951171875 3.1392392967629143e-06
1.420199951171875 3.0258833377162186e-06
1.421199951171875 2.7304635758642494e-06
1.422199951171875 2.866889523083281e-06
1.423199951171875 3.1704607900312566e-06
1.424199951171875 2.827233815817787e-06
1.425199951171875 2.7791050411802086e-06
1.426199951171875 2.1996670344937282e-06
1.427199951171875 2.9202219111947947e-06
1.428199951171875 2.8476417544016263e-06
1.429199951171875 3.1952031463320764e-06
1.430199951171875 2.88928638751273e-06
1.431199951171875 3.2895017992936044e-06
1.432199951171875 3.6466019986837997e-06
1.433199951171875 3.7132165037823143e-06
1.434199951171875 3.6481349170016883e-06
1.435199951171875 2.980478397167723e-06
1.436199951171875 3.0805328018640984e-06
1.437199951171875 2.641249206699e-06
1.438199951171875 3.1134973016772606e-06
1.439199951171875 2.5348554273306066e-06
1.440199951171875 2.2944350670330557e-06
1.441199951171875 1.8946308857490462e-06
1.442199951171875 2.925439871772047e-06
1.443199951171875 3.253250950711575e-06
1.444199951171875 3.0369635173949884e-06
1.445199951171875 2.6353367560414707e-06
1.446199951171875 2.570366508064053e-06
1.447199951171875 2.9575904905672388e-06
1.448199951171875 2.8588031523553244e-06
1.449199951171875 2.6022735730726773e-06
1.450199951171875 2.3977174968133633e-06
1.451199951171875 2.491844846085313e-06
1.452199951171875 2.228485281849709e-06
1.453199951171875 2.776896102840014e-06
1.454199951171875 2.5164620357198188e-06
1.455199951171875 2.543472115203899e-06
1.456199951171875 2.2307469498002713e-06
1.457199951171875 2.5893757813383086e-06
1.458199951171875 2.3157490855611193e-06
1.459199951171875 2.400977655507892e-06
1.460199951171875 1.9819781742988845e-06
1.461199951171875 2.349790250819062e-06
1.462199951171875 2.341392757137095e-06
1.463199951171875 2.462024043132956e-06
1.464199951171875 2.609018148349726e-06
1.465199951171875 3.2314711751324485e-06
1.466199951171875 3.031947768106859e-06
1.467199951171875 3.508679465946143e-06
1.468199951171875 2.552266032927787e-06
1.469199951171875 2.7788986404677586e-06
1.470199951171875 2.031901613646957e-06
1.471199951171875 2.567046682470929e-06
1.472199951171875 2.8239801855230915e-06
1.473199951171875 3.593761394100728e-06
1.474199951171875 2.467011131191878e-06
1.475199951171875 2.4215276933742852e-06
1.476199951171875 1.264686393340448e-06
1.477199951171875 1.6100068601046176e-06
1.478199951171875 1.4945347233778363e-06
1.479199951171875 2.41063280296342e-06
1.480199951171875 2.6069193764589385e-06
1.481199951171875 1.926129273070395e-06
1.482199951171875 1.8540868814648052e-06
1.483199951171875 1.6584332196696365e-06
1.484199951171875 1.9527267842861185e-06
1.485199951171875 1.6362018681650023e-06
1.486199951171875 2.4995968029031787e-06
1.487199951171875 2.0944588143130823e-06
1.488199951171875 2.3173040093411894e-06
1.489199951171875 1.8684156400716458e-06
1.490199951171875 2.506989540114798e-06
1.491199951171875 2.0085054524464607e-06
1.492199951171875 2.1079894902270313e-06
1.493199951171875 1.9097548306159193e-06
1.494199951171875 1.7720126206734509e-06
1.495199951171875 1.7200278854740463e-06
1.496199951171875 1.9291327986691226e-06
1.497199951171875 2.9413890681737646e-06
1.498199951171875 2.6319409094516352e-06
1.499199951171875 2.539279934403194e-06
1.500199951171875 2.44728780016636e-06
1.501199951171875 2.3331444791440695e-06
1.502199951171875 2.6436067526632233e-06
1.503199951171875 2.114367240138373e-06
1.504199951171875 2.204529395858769e-06
1.505199951171875 2.0584017726558052e-06
1.506199951171875 2.2565880257969163e-06
1.507199951171875 2.7171110732139584e-06
1.508199951171875 2.7355845722828235e-06
1.509199951171875 2.680675942573318e-06
1.510199951171875 2.4831890484684324e-06
1.511199951171875 2.3469903283305175e-06
1.512199951171875 2.45734397005309e-06
1.513199951171875 2.958513658002037e-06
1.514199951171875 3.4012664452180022e-06
1.515199951171875 4.732312541614016e-06
1.516199951171875 3.4983391487639608e-06
1.517199951171875 3.198857193113051e-06
1.518199951171875 2.0610666743404116e-06
1.519199951171875 3.0664854439334185e-06
1.520199951171875 2.52105972547646e-06
1.521199951171875 2.4410072827598707e-06
1.522199951171875 2.1400709203683035e-06
1.523199951171875 2.0820667672082153e-06
1.524199951171875 2.342058549657691e-06
1.525199951171875 2.530587431259322e-06
1.526199951171875 3.256068064041607e-06
1.527199951171875 2.803769092151983e-06
1.528199951171875 3.550384064573595e-06
1.529199951171875 3.288568141420125e-06
1.530199951171875 4.3251960192726715e-06
1.531199951171875 2.8835143746036417e-06
1.532199951171875 2.8960229163896025e-06
1.533199951171875 2.4674868016342044e-06
1.534199951171875 3.4103090216898264e-06
1.535199951171875 2.937884477712319e-06
1.536199951171875 2.14371546816617e-06
1.537199951171875 1.9125419932548486e-06
1.538199951171875 2.167280349757241e-06
1.539199951171875 2.0189907588509198e-06
1.540199951171875 1.8229570322663262e-06
1.541199951171875 2.2726640136176044e-06
1.542199951171875 2.223870329471305e-06
1.543199951171875 2.036593774446418e-06
1.544199951171875 2.1119156550615096e-06
1.545199951171875 2.663117818078234e-06
1.546199951171875 3.568616753668594e-06
1.547199951171875 3.2100619449651818e-06
1.548199951171875 2.93156955755249e-06
1.549199951171875 2.5978598895600144e-06
1.550199951171875 3.1830766391965592e-06
1.551199951171875 3.690952208421293e-06
1.552199951171875 3.538381941503418e-06
1.553199951171875 2.886629916867793e-06
1.554199951171875 2.478827792305043e-06
1.555199951171875 2.0856937666767753e-06
1.556199951171875 2.4511048472360723e-06
1.557199951171875 2.8119250330499633e-06
1.558199951171875 3.6099208931471214e-06
1.559199951171875 3.6772156582531777e-06
1.560199951171875 3.69143155893637e-06
1.561199951171875 3.2706050038290137e-06
1.562199951171875 3.692598246076085e-06
1.563199951171875 3.9745122666865965e-06
1.564199951171875 3.867573722558571e-06
1.565199951171875 3.294109664146374e-06
1.566199951171875 2.9228718609782015e-06
1.567199951171875 3.201242541548765e-06
1.568199951171875 3.5774010660593703e-06
1.569199951171875 2.5950025616206105e-06
1.570199951171875 1.9790207911117776e-06
1.571199951171875 1.3275871623893571e-06
1.572199951171875 2.018888832608753e-06
1.573199951171875 2.1207226922681935e-06
1.574199951171875 2.246696903096316e-06
1.575199951171875 2.734702256060454e-06
1.576199951171875 3.2813621385604268e-06
1.577199951171875 3.4309416491801057e-06
1.578199951171875 3.158301267272508e-06
1.579199951171875 2.9699864875613446e-06
1.580199951171875 3.6647518255071306e-06
1.581199951171875 3.4873764781229357e-06
1.582199951171875 3.7181431375943657e-06
1.583199951171875 3.1812480806230174e-06
1.584199951171875 3.960993344250469e-06
1.585199951171875 3.655252467604694e-06
1.586199951171875 3.156529819723352e-06
1.587199951171875 2.676652505922793e-06
1.588199951171875 2.9774353771590135e-06
1.589199951171875 2.925286105417339e-06
1.590199951171875 3.1057478820940427e-06
1.591199951171875 3.1617814242579308e-06
1.592199951171875 3.722994201671639e-06
1.593199951171875 3.086467029410446e-06
1.594199951171875 3.3684430992467568e-06
1.595199951171875 3.5873885166656108e-06
1.596199951171875 4.053357936151591e-06
1.597199951171875 3.62236952038634e-06
1.598199951171875 2.9184421737636314e-06
1.599199951171875 1.992796995730035e-06
1.600199951171875 2.27488348688082e-06
1.601199951171875 2.6354645662028093e-06
1.602199951171875 3.793679583323083e-06
1.603199951171875 3.760858723628065e-06
1.604199951171875 4.330300486046182e-06
1.605199951171875 4.264932019873097e-06
1.606199951171875 3.3494343881207525e-06
1.607199951171875 2.6252749850385433e-06
1.608199951171875 3.0766629849045042e-06
1.609199951171875 4.384370573076964e-06
1.610199951171875 4.561630843462949e-06
1.611199951171875 4.309949962505243e-06
1.612199951171875 4.217352413956426e-06
1.613199951171875 5.011477952785929e-06
1.614199951171875 4.961917633299781e-06
1.615199951171875 4.272785104887752e-06
1.616199951171875 3.8078299184634415e-06
1.617199951171875 3.874684092366045e-06
1.618199951171875 4.097111606037268e-06
1.619199951171875 4.629891726956667e-06
1.620199951171875 4.439296390315838e-06
1.621199951171875 4.219285779782098e-06
1.622199951171875 3.591230365204469e-06
1.623199951171875 3.962721277100838e-06
1.624199951171875 4.3401095486805135e-06
1.625199951171875 4.241506203205348e-06
1.626199951171875 3.674859180114764e-06
1.627199951171875 4.321206662503166e-06
1.628199951171875 3.912530541586126e-06
1.629199951171875 3.5568938806601284e-06
1.630199951171875 3.47344024947343e-06
1.631199951171875 5.518083683272439e-06
1.632199951171875 4.805674804817954e-06
1.633199951171875 3.8110880558983955e-06
1.634199951171875 2.1698223331838133e-06
1.635199951171875 3.6084980817067465e-06
1.636199951171875 3.2250056133884383e-06
1.637199951171875 3.007986868178688e-06
1.638199951171875 2.387255053954312e-06
1.639199951171875 4.410049054241964e-06
1.640199951171875 3.970075210784543e-06
1.641199951171875 4.193714785384378e-06
1.642199951171875 2.9250711109224635e-06
1.643199951171875 3.977944392086347e-06
1.644199951171875 4.589675372698021e-06
1.645199951171875 4.694570721131674e-06
1.646199951171875 3.7235707584664338e-06
1.647199951171875 2.3034827180664953e-06
1.648199951171875 2.8891475403339348e-06
1.649199951171875 2.6322299640207792e-06
1.650199951171875 4.5465603765137255e-06
1.651199951171875 4.817170116385052e-06
1.652199951171875 5.029017301002286e-06
1.653199951171875 3.6567653709289015e-06
1.654199951171875 3.1867612528860864e-06
1.655199951171875 3.2189278081101226e-06
1.656199951171875 4.015892426798652e-06
1.657199951171875 3.993569579422544e-06
1.658199951171875 5.542332108728734e-06
1.659199951171875 4.547804924207863e-06
1.660199951171875 4.185181506659163e-06
1.661199951171875 2.1925244618423597e-06
1.662199951171875 3.86262417936661e-06
1.663199951171875 3.840423570078338e-06
1.664199951171875 5.006638782948909e-06
1.665199951171875 3.1137501002434334e-06
1.666199951171875 3.6213753175029723e-06
1.667199951171875 3.5904702952338333e-06
1.668199951171875 5.800616182030446e-06
1.669199951171875 4.735503948256923e-06
1.670199951171875 5.484080160843971e-06
1.671199951171875 3.333314476526751e-06
1.672199951171875 4.787032721048791e-06
1.673199951171875 3.6959444091239867e-06
1.674199951171875 3.7581462036799846e-06
1.675199951171875 2.3544629403462322e-06
1.676199951171875 2.936741847850124e-06
1.677199951171875 3.320321456143881e-06
1.678199951171875 4.159957233552292e-06
1.679199951171875 4.229792796473686e-06
1.680199951171875 4.112333466973365e-06
1.681199951171875 3.144598879954612e-06
1.682199951171875 2.627223335725472e-06
1.683199951171875 3.1811928061652257e-06
1.684199951171875 3.3433649579181747e-06
1.685199951171875 3.5417978050520244e-06
1.686199951171875 4.346650364162434e-06
1.687199951171875 5.005896600008951e-06
1.688199951171875 4.051914976596174e-06
1.689199951171875 4.244028957304092e-06
1.690199951171875 3.8281118825865215e-06
1.691199951171875 4.189885078736214e-06
1.692199951171875 4.005412510064521e-06
1.693199951171875 3.91169432841834e-06
1.694199951171875 4.905059007276851e-06
1.695199951171875 4.133139121910921e-06
1.696199951171875 5.208299099097033e-06
1.697199951171875 5.162436776965028e-06
1.698199951171875 5.4010733050738264e-06
1.699199951171875 3.963260760726028e-06
1.700199951171875 4.571599523802936e-06
1.701199951171875 4.422231820067623e-06
1.702199951171875 4.607220496290424e-06
1.703199951171875 3.125113400790127e-06
1.704199951171875 3.3674454824646685e-06
1.705199951171875 3.563850582938566e-06
1.706199951171875 3.287922730325428e-06
1.707199951171875 2.8504541279156454e-06
1.708199951171875 3.89066006216579e-06
1.709199951171875 3.973542613108753e-06
1.710199951171875 5.110502234867528e-06
1.711199951171875 4.459680766412289e-06
1.712199951171875 4.91442499475933e-06
1.713199951171875 4.024125679787329e-06
1.714199951171875 3.3337401185582968e-06
1.715199951171875 2.850565965223528e-06
1.716199951171875 3.7622516217454882e-06
1.717199951171875 4.093644753307201e-06
1.718199951171875 4.792854072144349e-06
1.719199951171875 4.35101076272256e-06
1.720199951171875 7.16990832679251e-06
1.721199951171875 5.946795172546327e-06
1.722199951171875 5.837995053793491e-06
1.723199951171875 3.0306686399243686e-06
1.724199951171875 4.880915784807741e-06
1.725199951171875 4.687201280917698e-06
1.726199951171875 5.491906413208541e-06
1.727199951171875 5.746143322620848e-06
1.728199951171875 6.03901139422026e-06
1.729199951171875 5.769510672573162e-06
1.730199951171875 5.220354873171025e-06
1.731199951171875 5.798283951076501e-06
1.732199951171875 6.225214190739298e-06
1.733199951171875 5.64780880945967e-06
1.734199951171875 5.739896800759709e-06
1.735199951171875 4.95050941315325e-06
1.736199951171875 5.817157934814787e-06
1.737199951171875 4.099599082077063e-06
1.738199951171875 4.258965137662256e-06
1.739199951171875 4.111398296176277e-06
1.740199951171875 4.629841811638016e-06
1.741199951171875 5.147198220698023e-06
1.742199951171875 4.389893122393174e-06
1.743199951171875 4.230841739545027e-06
1.744199951171875 4.062789342802968e-06
1.745199951171875 4.151394418732539e-06
1.746199951171875 6.160077883362913e-06
1.747199951171875 4.813465679911209e-06
1.748199951171875 4.864418468297409e-06
1.749199951171875 3.802561400634347e-06
1.750199951171875 4.850581717874962e-06
1.751199951171875 5.585464383513043e-06
1.752199951171875 3.736763896523948e-06
1.753199951171875 3.922860127977556e-06
1.754199951171875 4.811344406326215e-06
1.755199951171875 5.063015742305999e-06
1.756199951171875 4.201610880125817e-06
1.757199951171875 2.750886576217896e-06
1.758199951171875 3.771503782669171e-06
1.759199951171875 4.813148146527843e-06
1.760199951171875 4.2666702536048575e-06
1.761199951171875 4.245411433426515e-06
1.762199951171875 3.4397953517883254e-06
1.763199951171875 3.828191726248376e-06
1.764199951171875 4.826294692234408e-06
1.765199951171875 5.849190815799171e-06
1.766199951171875 4.767831776530617e-06
1.767199951171875 3.2435591698636993e-06
1.768199951171875 4.379362473868456e-06
1.769199951171875 7.269023098643034e-06
1.770199951171875 6.858759498840374e-06
1.771199951171875 4.029398838910587e-06
1.772199951171875 3.4675072622938553e-06
1.773199951171875 4.974415447634609e-06
1.774199951171875 6.0530032385888205e-06
1.775199951171875 4.40456766322019e-06
1.776199951171875 3.0834712572251016e-06
1.777199951171875 3.6925539146698954e-06
1.778199951171875 3.7065328750514834e-06
1.779199951171875 5.518041485980161e-06
1.780199951171875 5.048946845759972e-06
1.781199951171875 5.832202268668243e-06
1.782199951171875 4.397736982638437e-06
1.783199951171875 4.1695958255199514e-06
1.784199951171875 5.539718820489938e-06
1.785199951171875 4.637608401119747e-06
1.786199951171875 5.141986086766868e-06
1.787199951171875 4.3542824735377755e-06
1.788199951171875 4.7920047471043074e-06
1.789199951171875 5.497337385047765e-06
1.790199951171875 4.997205826329161e-06
1.791199951171875 6.66872669932371e-06
1.792199951171875 5.573261740430008e-06
1.793199951171875 5.366727728662347e-06
1.794199951171875 4.942134657801879e-06
1.795199951171875 5.206788530477291e-06
1.796199951171875 6.449517809882382e-06
1.797199951171875 6.957774883969429e-06
1.798199951171875 6.268918721005145e-06
1.799199951171875 4.3803650631134215e-06
1.800199951171875 1.885662281546871e-06
1.801199951171875 3.0028948980110805e-06
1.802199951171875 3.5777671717704784e-06
1.803199951171875 7.327302065109017e-06
1.804199951171875 5.188515205304001e-06
1.805199951171875 5.730018593282824e-06
1.806199951171875 2.136476502533106e-06
1.807199951171875 4.7780491305640926e-06
1.808199951171875 4.175600127066896e-06
1.809199951171875 5.578784762362093e-06
1.810199951171875 5.610733709424471e-06
1.811199951171875 5.742653083737703e-06
1.812199951171875 5.454873736140066e-06
1.813199951171875 4.945524913591519e-06
1.814199951171875 6.500691578921563e-06
1.815199951171875 8.653609881132557e-06
1.816199951171875 8.178325707718939e-06
1.817199951171875 6.1027061490761e-06
1.818199951171875 3.4041129312436115e-06
1.819199951171875 4.895635608583465e-06
1.820199951171875 6.44126881642209e-06
1.821199951171875 6.1902099255059395e-06
1.822199951171875 5.521461381956896e-06
1.823199951171875 3.949877999702509e-06
1.824199951171875 4.937380778542637e-06
1.825199951171875 5.58441652142512e-06
1.826199951171875 5.905019272461482e-06
1.827199951171875 4.380424123458709e-06
1.828199951171875 1.3950904253027295e-06
1.829199951171875 3.117326649041524e-06
1.830199951171875 5.368174362143732e-06
1.831199951171875 6.4523757755004865e-06
1.832199951171875 5.465228151622396e-06
1.833199951171875 4.5161797267841945e-06
1.834199951171875 4.50622276627165e-06
1.835199951171875 4.444378213917971e-06
1.836199951171875 5.347436169059865e-06
1.837199951171875 5.406692441683736e-06
1.838199951171875 7.032966812313228e-06
1.839199951171875 6.083121599770631e-06
1.840199951171875 6.525048328645858e-06
1.841199951171875 3.8525623772349165e-06
1.842199951171875 6.326486039248515e-06
1.843199951171875 6.860661765621778e-06
1.844199951171875 7.093879989440656e-06
1.845199951171875 3.3920190070693723e-06
1.846199951171875 6.275690235788959e-06
1.847199951171875 7.950482868995258e-06
1.848199951171875 1.1516217854935814e-05
1.849199951171875 6.543693934386297e-06
1.850199951171875 6.841339935730069e-06
1.851199951171875 4.279452722005292e-06
1.852199951171875 7.788900857699058e-06
1.853199951171875 6.490856326495355e-06
1.854199951171875 8.087205474157942e-06
1.855199951171875 7.049872624745498e-06
1.856199951171875 9.267791113458129e-06
1.857199951171875 7.1511735201662555e-06
1.858199951171875 8.276422958798607e-06
1.859199951171875 7.383699817879494e-06
1.860199951171875 9.561705014086142e-06
1.861199951171875 7.747934708292785e-06
1.862199951171875 7.035978707030337e-06
1.863199951171875 7.186162678641949e-06
1.864199951171875 7.747293979870636e-06
1.865199951171875 6.265358864043291e-06
1.866199951171875 6.775414210831392e-06
1.867199951171875 8.493526040913857e-06
1.868199951171875 1.1170783873901815e-05
1.869199951171875 7.877433196914327e-06
1.870199951171875 6.20758885540543e-06
1.871199951171875 4.066234548569319e-06
1.872199951171875 6.296039213661465e-06
1.873199951171875 6.740132062907957e-06
1.874199951171875 7.031374320697766e-06
1.875199951171875 8.90368043940384e-06
1.876199951171875 8.36234263398201e-06
1.877199951171875 1.1553153849138633e-05
1.878199951171875 8.516884848367796e-06
1.879199951171875 1.133557536420117e-05
1.880199951171875 6.741761391301601e-06
1.881199951171875 8.412080168883161e-06
1.882199951171875 4.771691234576002e-06
1.883199951171875 6.062460964702365e-06
1.884199951171875 6.167890407640838e-06
1.885199951171875 4.84835229000513e-06
1.886199951171875 4.368880274004131e-06
1.887199951171875 3.2354672064687553e-06
1.888199951171875 3.944817676366376e-06
1.889199951171875 3.6221812217336425e-06
1.890199951171875 5.657289629156167e-06
1.891199951171875 4.604148328712045e-06
1.892199951171875 7.015891725237196e-06
1.893199951171875 4.69178589601056e-06
1.894199951171875 6.279643953437515e-06
1.895199951171875 6.606403153766513e-06
1.896199951171875 6.8196246066344865e-06
1.897199951171875 6.4378216752177006e-06
1.898199951171875 5.45673551514361e-06
1.899199951171875 6.072668729918406e-06
1.900199951171875 9.154980574753081e-06
1.901199951171875 6.757578008215425e-06
1.902199951171875 8.580240517604484e-06
1.903199951171875 6.573181373600342e-06
1.904199951171875 8.574827489874217e-06
1.905199951171875 5.439483605224457e-06
1.906199951171875 6.1072399566232446e-06
1.907199951171875 5.964405031558884e-06
1.908199951171875 9.939286069769182e-06
1.909199951171875 8.053873764194933e-06
1.910199951171875 8.684371726026391e-06
1.911199951171875 4.621417373161433e-06
1.912199951171875 6.4653353165162585e-06
1.913199951171875 5.582194113788733e-06
1.914199951171875 7.952300023464151e-06
1.915199951171875 6.16959247012004e-06
1.916199951171875 4.814909171884636e-06
1.917199951171875 5.333243848130549e-06
1.918199951171875 9.014097910406183e-06
1.919199951171875 1.4559777922038671e-05
1.920199951171875 1.1166287866426366e-05
1.921199951171875 7.42554059107551e-06
1.922199951171875 6.726400209593574e-06
1.923199951171875 1.0910961007889203e-05
1.924199951171875 1.2485655247813182e-05
1.925199951171875 7.99493103244202e-06
1.926199951171875 5.759372931439587e-06
1.927199951171875 3.962554407778941e-06
1.928199951171875 9.19118636308763e-06
1.929199951171875 8.156599824290812e-06
1.930199951171875 8.72875083559921e-06
1.931199951171875 7.442453649609676e-06
1.932199951171875 1.0919815998040071e-05
1.933199951171875 1.1283639307158583e-05
1.934199951171875 7.67303429590801e-06
1.935199951171875 4.682252093970894e-06
1.936199951171875 3.682353405480314e-06
1.937199951171875 5.4704386757926915e-06
1.938199951171875 6.378442958793596e-06
1.939199951171875 8.972093336785297e-06
1.940199951171875 8.908592073199999e-06
1.941199951171875 8.59870939249881e-06
1.942199951171875 7.175901831625318e-06
1.943199951171875 6.699128009154234e-06
1.944199951171875 5.668192471887456e-06
1.945199951171875 7.236404344388602e-06
1.946199951171875 7.75348193982841e-06
1.947199951171875 7.767137984572736e-06
1.948199951171875 5.9870879722091034e-06
1.949199951171875 4.032830318649718e-06
1.950199951171875 3.3415968750209557e-06
1.951199951171875 5.664921799627639e-06
1.952199951171875 7.838272520043475e-06
1.953199951171875 9.86470229682159e-06
1.954199951171875 8.27916035180339e-06
1.955199951171875 7.415150433768907e-06
1.956199951171875 6.768401491242662e-06
1.957199951171875 6.623365407687474e-06
1.958199951171875 7.371106597412264e-06
1.959199951171875 9.160323199860769e-06
1.960199951171875 9.367376802521251e-06
1.961199951171875 6.891907214815094e-06
1.962199951171875 3.2386766233276044e-06
1.963199951171875 6.009378635461643e-06
1.964199951171875 6.7875716328063115e-06
1.965199951171875 1.0310650806229106e-05
1.966199951171875 8.265823185060078e-06
1.967199951171875 8.751880464215033e-06
1.968199951171875 7.65832209461223e-06
1.969199951171875 9.666672701728969e-06
1.970199951171875 1.0050048939597712e-05
1.971199951171875 8.821191462430145e-06
1.972199951171875 7.146254761643899e-06
1.973199951171875 6.464376331794646e-06
1.974199951171875 7.860434382982649e-06
1.975199951171875 8.927710606559243e-06
1.976199951171875 1.00476911173571e-05
1.977199951171875 1.0110592759503223e-05
1.978199951171875 8.388949359121445e-06
1.979199951171875 7.83601571044168e-06
1.980199951171875 6.663613552842448e-06
1.981199951171875 9.052063691107373e-06
1.982199951171875 1.1216791294902487e-05
1.983199951171875 1.4445603134892253e-05
1.984199951171875 1.2593158882581324e-05
1.985199951171875 1.1076607862018985e-05
1.986199951171875 8.203367172638206e-06
1.987199951171875 6.793708481287052e-06
1.988199951171875 8.409973193772116e-06
1.989199951171875 8.720122889225019e-06
1.990199951171875 1.0332461768226126e-05
1.991199951171875 8.021147814832145e-06
1.992199951171875 8.555220998745554e-06
1.993199951171875 8.186721947319608e-06
1.994199951171875 8.652787110740436e-06
1.995199951171875 9.027954887199786e-06
1.996199951171875 8.183130313417446e-06
1.997199951171875 7.912056644045277e-06
1.998199951171875 8.574523266077444e-06
1.999199951171875 9.640026098066161e-06
2.000199951171875 8.891747419533605e-06
2.001199951171875 7.2130638708090664e-06
2.002199951171875 7.812449659014912e-06
2.003199951171875 7.764296656561652e-06
2.004199951171875 6.498073280313776e-06
2.005199951171875 4.45855576348659e-06
2.006199951171875 7.062841789965535e-06
2.007199951171875 1.229727506960173e-05
2.008199951171875 1.0208666241851942e-05
2.009199951171875 7.919887898889691e-06
2.010199951171875 4.535248528094192e-06
2.011199951171875 7.335894193742638e-06
2.012199951171875 7.516950776992018e-06
2.013199951171875 5.448002370565905e-06
2.014199951171875 6.995164996909224e-06
2.015199951171875 1.0131469829858719e-05
2.016199951171875 1.1032280634442133e-05
2.017199951171875 7.96068435751134e-06
2.018199951171875 6.403466303850247e-06
2.019199951171875 6.696700289326373e-06
2.020199951171875 8.347821346864008e-06
2.021199951171875 6.166274343119093e-06
2.022199951171875 7.578385728522952e-06
2.023199951171875 5.58525154958868e-06
2.024199951171875 6.105241279679885e-06
2.025199951171875 4.582646031563528e-06
2.026199951171875 7.703210116407223e-06
2.027199951171875 8.40065011012537e-06
2.028199951171875 7.253482191654609e-06
2.029199951171875 6.410022886956807e-06
2.030199951171875 5.757978030896651e-06
2.031199951171875 7.721685283168113e-06
2.032199951171875 5.740581507432781e-06
2.033199951171875 6.811332317387309e-06
2.034199951171875 6.855046443989233e-06
2.035199951171875 9.255026550066108e-06
2.036199951171875 1.0888256774975577e-05
2.037199951171875 1.0397139867043661e-05
2.038199951171875 6.761229906192081e-06
2.039199951171875 2.342287412918836e-06
2.040199951171875 3.3547498142571125e-06
2.041199951171875 5.415766471324941e-06
2.042199951171875 5.8666559202659974e-06
2.043199951171875 5.438657461071377e-06
2.044199951171875 5.4895828716856835e-06
2.045199951171875 5.84183984395501e-06
2.046199951171875 6.6730524649533805e-06
2.047199951171875 6.79845668304351e-06
2.048199951171875 7.082352478014331e-06
2.049199951171875 7.696641616425375e-06
2.050199951171875 8.011229326141039e-06
2.051199951171875 7.349668521272519e-06
2.052199951171875 4.96341646486351e-06
2.053199951171875 7.111975308104572e-06
2.054199951171875 7.33514209489461e-06
2.055199951171875 8.603234889801027e-06
2.056199951171875 4.960200656479808e-06
2.057199951171875 5.926979921355842e-06
2.058199951171875 7.537149638907897e-06
2.059199951171875 8.488073849429785e-06
2.060199951171875 1.0527184491044884e-05
2.061199951171875 8.53262779008552e-06
2.062199951171875 7.011464825516648e-06
2.063199951171875 5.2833739111871714e-06
2.064199951171875 4.93750618978149e-06
2.065199951171875 8.058882723780125e-06
2.066199951171875 8.384361463746277e-06
2.067199951171875 8.798126127818723e-06
2.068199951171875 7.64499233653316e-06
2.069199951171875 8.861597741577295e-06
2.070199951171875 6.910053230512905e-06
2.071199951171875 4.654542766207759e-06
2.072199951171875 4.042154291770394e-06
2.073199951171875 5.3084562051930764e-06
2.074199951171875 9.093564720831511e-06
2.075199951171875 8.004053074387086e-06
2.076199951171875 6.891625809201143e-06
2.077199951171875 5.825827691003386e-06
2.078199951171875 7.832044502970496e-06
2.079199951171875 7.00411481165177e-06
2.080199951171875 5.510549507792082e-06
2.081199951171875 6.049495093208826e-06
2.082199951171875 9.944866855818158e-06
2.083199951171875 9.867884163059193e-06
2.084199951171875 9.720544801458993e-06
2.085199951171875 8.007616485455487e-06
2.086199951171875 9.2503387282683e-06
2.087199951171875 6.948187640112835e-06
2.088199951171875 5.735167383194179e-06
2.089199951171875 3.86025850922832e-06
2.090199951171875 6.436125661491528e-06
2.091199951171875 9.622802784349302e-06
2.092199951171875 1.1307743391912803e-05
2.093199951171875 7.312855774606714e-06
2.094199951171875 7.270058497636527e-06
2.095199951171875 7.558477181605771e-06
2.096199951171875 9.301444597321482e-06
2.097199951171875 6.355096040753769e-06
2.098199951171875 6.501603282558964e-06
2.099199951171875 1.0674028592185617e-05
2.100199951171875 9.927832716066787e-06
2.101199951171875 1.0249917843042592e-05
2.102199951171875 5.425630823857509e-06
2.103199951171875 8.592211215578854e-06
2.104199951171875 6.395852572701954e-06
2.105199951171875 9.841257761306063e-06
2.106199951171875 8.75784486797468e-06
2.107199951171875 1.0927283212612257e-05
2.108199951171875 7.723759423618631e-06
2.109199951171875 8.59077188000531e-06
2.110199951171875 1.1380813694775563e-05
2.111199951171875 1.2405346944334074e-05
2.112199951171875 1.2712844609558689e-05
2.113199951171875 9.10400041945918e-06
2.114199951171875 8.092627606339472e-06
2.115199951171875 5.4366747895975545e-06
2.116199951171875 7.411260866364187e-06
2.117199951171875 1.166889716074617e-05
2.118199951171875 1.2112175440900587e-05
2.119199951171875 1.0171032842278652e-05
2.120199951171875 6.696944558631219e-06
2.121199951171875 1.218005076707033e-05
2.122199951171875 1.1325677007816831e-05
2.123199951171875 1.2402339226920616e-05
2.124199951171875 7.486361361736813e-06
2.125199951171875 8.194296031090137e-06
2.126199951171875 6.4070584544449205e-06
2.127199951171875 6.512016355972728e-06
2.128199951171875 8.507791656162111e-06
2.129199951171875 1.1183336871523023e-05
2.130199951171875 9.678485224118256e-06
2.131199951171875 8.338465680635003e-06
2.132199951171875 6.868680981671794e-06
2.133199951171875 1.2281998547907043e-05
2.134199951171875 1.2957914374690223e-05
2.135199951171875 1.233245532316372e-05
2.136199951171875 9.657869146435264e-06
2.137199951171875 1.0462190434050411e-05
2.138199951171875 1.2879492484064615e-05
2.139199951171875 1.2622385800923112e-05
2.140199951171875 1.0514476827012366e-05
2.141199951171875 8.265070146300233e-06
2.142199951171875 8.292765090226031e-06
2.143199951171875 1.1807125995586596e-05
2.144199951171875 9.887945700152513e-06
2.145199951171875 9.689471985989353e-06
2.146199951171875 4.842986954815268e-06
2.147199951171875 5.497082320283105e-06
2.148199951171875 6.41663950074082e-06
2.149199951171875 1.0014666169911231e-05
2.150199951171875 1.1717798566962436e-05
2.151199951171875 1.0953967106485604e-05
2.152199951171875 9.155039736009406e-06
2.153199951171875 1.5250301149237542e-05
2.154199951171875 1.2784329646413968e-05
2.155199951171875 1.2075203009206497e-05
2.156199951171875 8.27321863828863e-06
2.157199951171875 1.543716625544813e-05
2.158199951171875 1.6096031760044257e-05
2.159199951171875 1.6825677753828018e-05
2.160199951171875 1.7519883308592434e-05
2.161199951171875 1.7917510981446932e-05
2.162199951171875 1.5063273464757339e-05
2.163199951171875 9.975761043903598e-06
2.164199951171875 1.0114695106222717e-05
2.165199951171875 1.3352679972672486e-05
2.166199951171875 1.5622222194408513e-05
2.167199951171875 2.0492541881441732e-05
2.168199951171875 1.6677019875153074e-05
2.169199951171875 1.5730303273627155e-05
2.170199951171875 1.265364125624253e-05
2.171199951171875 1.5216220468323356e-05
2.172199951171875 1.6849181613517232e-05
2.173199951171875 1.7065684704154885e-05
2.174199951171875 1.4172206249133955e-05
2.175199951171875 1.0012922425456e-05
2.176199951171875 1.0940267623742546e-05
2.177199951171875 1.2261398222089225e-05
2.178199951171875 1.4550592336115561e-05
2.179199951171875 1.271107928907386e-05
2.180199951171875 1.3845599633714361e-05
2.181199951171875 1.4635524736678127e-05
2.182199951171875 1.4831286242396264e-05
2.183199951171875 1.0436403285306733e-05
2.184199951171875 5.911999293534334e-06
2.185199951171875 3.919349335284383e-06
2.186199951171875 6.07491582540297e-06
2.187199951171875 7.554831401021613e-06
2.188199951171875 9.878641960112216e-06
2.189199951171875 1.1959553698304761e-05
2.190199951171875 1.2067840873650278e-05
2.191199951171875 8.156179411706802e-06
2.192199951171875 3.4269921894307577e-06
2.193199951171875 5.103978137772963e-06
2.194199951171875 8.959638688287157e-06
2.195199951171875 1.142045603084507e-05
2.196199951171875 1.4692634019266156e-05
2.197199951171875 1.2749430257526104e-05
2.198199951171875 2.0284472373839518e-05
2.199199951171875 1.3574972589574638e-05
2.200199951171875 1.0797672944740239e-05
2.201199951171875 3.2332314875982193e-06
2.202199951171875 7.794194511918129e-06
2.203199951171875 8.422340394947545e-06
2.204199951171875 1.3625210479340465e-05
2.205199951171875 1.3670633877249087e-05
2.206199951171875 1.5717026586068933e-05
2.207199951171875 1.0366929007759266e-05
2.208199951171875 8.718030195764223e-06
2.209199951171875 6.361753467356809e-06
2.210199951171875 7.927394192462476e-06
2.211199951171875 7.922678011348308e-06
2.212199951171875 1.8265149378299466e-05
2.213199951171875 1.9935568984089087e-05
2.214199951171875 1.8816846549900215e-05
2.215199951171875 1.5216833433560377e-05
2.216199951171875 1.3136021730224473e-05
2.217199951171875 1.7124019193823926e-05
2.218199951171875 1.4529160875153894e-05
2.219199951171875 1.1364077395425157e-05
2.220199951171875 5.428249250302245e-06
2.221199951171875 6.45160024001546e-06
2.222199951171875 1.0725362624208269e-05
2.223199951171875 1.5047733688916216e-05
2.224199951171875 1.332992645822847e-05
2.225199951171875 1.4751301791539179e-05
2.226199951171875 1.4271517679271152e-05
2.227199951171875 1.5365605344509124e-05
2.228199951171875 1.4973713431939412e-05
2.229199951171875 1.6075680111957506e-05
2.230199951171875 1.8607810096744897e-05
2.231199951171875 1.937422013060181e-05
2.232199951171875 1.8323866217732526e-05
2.233199951171875 2.025278569940008e-05
2.234199951171875 1.9176834208277323e-05
2.235199951171875 1.6832595600854654e-05
2.236199951171875 1.6583970984853753e-05
2.237199951171875 1.947282500254803e-05
2.238199951171875 2.2414170068596846e-05
2.239199951171875 1.9583135186988562e-05
2.240199951171875 2.0262709569163744e-05
2.241199951171875 2.1461394107255135e-05
2.242199951171875 2.612471999992177e-05
2.243199951171875 2.7334563139968975e-05
2.244199951171875 3.074653669089348e-05
2.245199951171875 2.6315556882129008e-05
2.246199951171875 2.368479703127122e-05
2.247199951171875 2.8207940677483817e-05
2.248199951171875 2.7719466331198042e-05
2.249199951171875 2.712567851559017e-05
2.250199951171875 2.6200103856385816e-05
2.251199951171875 2.056781723001348e-05
2.252199951171875 1.8876472574548064e-05
2.253199951171875 9.60838583776823e-06
2.254199951171875 9.229119160602476e-06
2.255199951171875 1.5217349174620194e-05
2.256199951171875 1.9442164458922783e-05
2.257199951171875 3.0309119101405937e-05
2.258199951171875 2.6522369191276164e-05
2.259199951171875 2.854949467281675e-05
2.260199951171875 2.3554042477177478e-05
2.261199951171875 2.0762174425314435e-05
2.262199951171875 1.81072952953629e-05
2.263199951171875 1.8852160746502367e-05
2.264199951171875 2.1162455168523954e-05
2.265199951171875 1.409166863731284e-05
2.266199951171875 1.3509972398945823e-05
2.267199951171875 8.996273404175596e-06
2.268199951171875 1.2616104165468424e-05
2.269199951171875 9.186452825180283e-06
2.270199951171875 1.1629915624355803e-05
2.271199951171875 1.4274280504678729e-05
2.272199951171875 1.4448275257336351e-05
2.273199951171875 1.4794083531782464e-05
2.274199951171875 1.2044114597514104e-05
2.275199951171875 1.0972592936762389e-05
2.276199951171875 7.580295068763212e-06
2.277199951171875 6.688061834800849e-06
2.278199951171875 1.7063259142305595e-05
2.279199951171875 1.6777984730469735e-05
2.280199951171875 1.7471565108744385e-05
2.281199951171875 6.98161059071968e-06
2.282199951171875 7.3955384454860014e-06
2.283199951171875 9.728155196051791e-06
2.284199951171875 1.3554417681678736e-05
2.285199951171875 1.3895513942756113e-05
2.286199951171875 9.398159624159773e-06
2.287199951171875 6.760704788763236e-06
2.288199951171875 6.495788008472332e-06
2.289199951171875 6.3349672278454136e-06
2.290199951171875 8.824869652666568e-06
2.291199951171875 7.715232104059977e-06
2.292199951171875 9.723736315513628e-06
2.293199951171875 8.577213112129937e-06
2.294199951171875 1.0115958440829091e-05
2.295199951171875 7.784101306829323e-06
2.296199951171875 6.9033674561920625e-06
2.297199951171875 6.26943299877433e-06
2.298199951171875 8.330738732285808e-06
2.299199951171875 5.517511307416569e-06
2.300199951171875 4.68429585789944e-06
2.301199951171875 2.9346083187080053e-06
2.302199951171875 5.566927205450724e-06
2.303199951171875 5.314433602619105e-06
2.304199951171875 7.072733079613951e-06
2.305199951171875 4.882570453746392e-06
2.306199951171875 7.222750958943643e-06
2.307199951171875 4.1634622546834486e-06
2.308199951171875 7.672946282712242e-06
2.309199951171875 6.608279983124004e-06
2.310199951171875 6.75038918551116e-06
2.311199951171875 4.555227265788375e-06
2.312199951171875 3.7630627859599187e-06
2.313199951171875 4.1482217692324225e-06
2.314199951171875 4.243572552599695e-06
2.315199951171875 5.3901679299815304e-06
2.316199951171875 5.40931628407272e-06
2.317199951171875 3.2551883238683463e-06
2.318199951171875 3.1422600629517776e-06
2.319199951171875 3.5836510677589036e-06
2.320199951171875 6.021736070961923e-06
2.321199951171875 4.828382032950768e-06
2.322199951171875 4.1450144757315775e-06
2.323199951171875 4.833143235009267e-06
2.324199951171875 4.938841383655912e-06
2.325199951171875 5.192170563264059e-06
2.326199951171875 3.575982755267866e-06
2.327199951171875 3.5524276394138743e-06
2.328199951171875 3.0759840191763163e-06
2.329199951171875 1.706591123084741e-06
2.330199951171875 1.7379852234281154e-06
2.331199951171875 2.6712537026470685e-06
2.332199951171875 2.9368326077793027e-06
2.333199951171875 2.70624843408381e-06
2.334199951171875 1.8801857310209154e-06
2.335199951171875 2.2318219601061946e-06
2.336199951171875 2.6766556953671422e-06
2.337199951171875 2.746300978424619e-06
2.338199951171875 3.2182838492768577e-06
2.339199951171875 2.9912220450488646e-06
2.340199951171875 2.90851555417476e-06
2.341199951171875 2.5425292410810656e-06
2.342199951171875 2.184708024976447e-06
2.343199951171875 2.7317269596439946e-06
2.344199951171875 2.4380036901536486e-06
2.345199951171875 2.8698484652162166e-06
2.346199951171875 2.736809129705451e-06
2.347199951171875 3.2460071704680097e-06
2.348199951171875 2.469207845050278e-06
2.349199951171875 2.7410636558505446e-06
2.350199951171875 2.4580868062222746e-06
2.351199951171875 3.2995700339111827e-06
2.352199951171875 3.0275720474627175e-06
2.353199951171875 3.281064747104476e-06
2.354199951171875 3.2054642116299866e-06
2.355199951171875 2.9918092667828023e-06
2.356199951171875 2.4703724102207908e-06
2.357199951171875 1.845382691128803e-06
2.358199951171875 2.2751425062521107e-06
2.359199951171875 2.683924727811556e-06
2.360199951171875 3.2330223012036645e-06
2.361199951171875 2.4113096865414246e-06
2.362199951171875 2.223070145549613e-06
2.363199951171875 1.4008967539200935e-06
2.364199951171875 1.4965303598498433e-06
2.365199951171875 1.5891069524309756e-06
2.366199951171875 1.6529436780972361e-06
2.367199951171875 1.4883221753457005e-06
2.368199951171875 1.0763667022960377e-06
2.369199951171875 9.312447121660097e-07
2.370199951171875 8.564641158616626e-07
2.371199951171875 8.617808330292337e-07
2.372199951171875 7.631807939087478e-07
2.373199951171875 5.435382094198069e-07
2.374199951171875 4.6989540934931905e-07
2.375199951171875 4.039851536280701e-07
2.376199951171875 4.1895128444120244e-07
2.377199951171875 4.2348103535618305e-07
2.378199951171875 5.388134719975286e-07
2.379199951171875 6.216746713937795e-07
2.380199951171875 5.80626313816624e-07
2.381199951171875 4.0213541888441217e-07
2.382199951171875 2.700377827622333e-07
2.383199951171875 3.0879665956663584e-07
2.384199951171875 3.207198456625747e-07
2.385199951171875 2.5530744034384954e-07
2.386199951171875 2.0415681597567092e-07
2.387199951171875 2.5598213493760555e-07
2.388199951171875 2.75181026992708e-07
2.389199951171875 2.1444251262386773e-07
2.390199951171875 1.5391152397842449e-07
2.391199951171875 1.0852711158121634e-07
2.392199951171875 7.741274713573887e-08
2.393199951171875 6.608556729984313e-08
2.394199951171875 7.579973955579675e-08
2.395199951171875 9.16082344174862e-08
2.396199951171875 8.838167051980399e-08
2.397199951171875 1.0650299446464408e-07
2.398199951171875 8.285054693149895e-08
2.399199951171875 7.697135185647126e-08
2.400199951171875 5.981948048468519e-08
2.401199951171875 6.29183977925313e-08
2.402199951171875 5.5918559589323564e-08
2.403199951171875 5.4942240094448654e-08
2.404199951171875 4.7185133393854916e-08
2.405199951171875 4.302708340370713e-08
2.406199951171875 2.7698899289219502e-08
2.407199951171875 2.6482122919613557e-08
2.408199951171875 2.358065455426565e-08
2.409199951171875 3.0306342683721696e-08
2.410199951171875 2.6108204869876367e-08
2.411199951171875 1.8771832428006817e-08
2.412199951171875 9.77761087986001e-09
2.413199951171875 7.824153209293798e-09
2.414199951171875 9.768024307229525e-09
2.415199951171875 9.922787848949431e-09
2.416199951171875 9.377129500446645e-09
2.417199951171875 8.352457179971986e-09
2.418199951171875 8.673478356973393e-09
2.419199951171875 7.620545086420478e-09
2.420199951171875 7.017321138809085e-09
2.421199951171875 6.4213936372888775e-09
2.422199951171875 6.877961227240414e-09
2.423199951171875 5.856798389913604e-09
2.424199951171875 4.124389863946706e-09
2.425199951171875 2.6344420276103976e-09
2.426199951171875 1.536231315185331e-09
2.427199951171875 2.093847422585673e-09
2.428199951171875 1.9136893465484326e-09
2.429199951171875 2.2832966384585217e-09
2.430199951171875 1.7557463122822589e-09
2.431199951171875 2.0290987012217767e-09
2.432199951171875 1.7711912375403721e-09
2.433199951171875 1.7664204563130895e-09
2.434199951171875 1.3447526085326236e-09
2.435199951171875 1.1443805038231567e-09
2.436199951171875 1.015394132644649e-09
2.437199951171875 7.905151974915136e-10
2.438199951171875 7.159038917380581e-10
2.439199951171875 5.070326721789226e-10
2.440199951171875 5.877989337187658e-10
2.441199951171875 4.301062644276859e-10
2.442199951171875 4.0316467812367793e-10
2.443199951171875 2.69530305091772e-10
2.444199951171875 2.4294421502162085e-10
2.445199951171875 2.3107679711534242e-10
2.446199951171875 2.0233544268416841e-10
2.447199951171875 2.0212570994421318e-10
2.448199951171875 1.5573417970994762e-10
2.449199951171875 1.586543030142526e-10
2.450199951171875 1.3786168368247488e-10
2.451199951171875 1.2171354281669426e-10
2.452199951171875 1.204708179980623e-10
2.453199951171875 1.234342694036998e-10
2.454199951171875 1.2159736621914324e-10
2.455199951171875 1.0216963084657889e-10
2.456199951171875 1.0748083695863027e-10
2.457199951171875 8.680169246646387e-11
2.458199951171875 8.955708611017649e-11
2.459199951171875 8.266303148557843e-11
2.460199951171875 7.693965839496947e-11
2.461199951171875 6.124311751343094e-11
2.462199951171875 5.1042063238561106e-11
2.463199951171875 7.817405788733007e-11
2.464199951171875 7.437640196299902e-11
2.465199951171875 8.350995966074368e-11
2.466199951171875 7.215675675798366e-11
2.467199951171875 7.190728040879471e-11
2.468199951171875 5.958208358849671e-11
2.469199951171875 5.608589514146031e-11
2.470199951171875 4.538567566999233e-11
2.471199951171875 3.761137531515216e-11
2.472199951171875 3.485179307260369e-11
2.473199951171875 4.3277518573963495e-11
2.474199951171875 4.2768481633561923e-11
2.475199951171875 3.986283322333609e-11
2.476199951171875 3.312526137036535e-11
2.477199951171875 2.92990124488917e-11
2.478199951171875 2.6322628317269994e-11
2.479199951171875 2.0250243296257253e-11
2.480199951171875 2.262993989496536e-11
2.481199951171875 2.0144462376295642e-11
2.482199951171875 2.6615731370344773e-11
2.483199951171875 1.620656033070311e-11
2.484199951171875 1.4319077981723234e-11
2.485199951171875 6.095547891469976e-12
2.486199951171875 1.0568694302985446e-11
2.487199951171875 1.0867203738417688e-11
2.488199951171875 8.556555040548648e-12
2.489199951171875 6.269182147805449e-12
2.490199951171875 4.559722781488276e-12
2.491199951171875 7.548145113601279e-12
2.492199951171875 7.66417065490614e-12
2.493199951171875 6.955973948995079e-12
2.494199951171875 4.634157370802645e-12
2.495199951171875 5.02564950009493e-12
2.496199951171875 4.380545615632269e-12
2.497199951171875 4.400278086124238e-12
2.498199951171875 3.4873877244616287e-12
2.499199951171875 2.809223712314558e-12
2.500199951171875 2.6682545112936494e-12
2.501199951171875 2.0865879711336216e-12
2.502199951171875 2.6764317487697594e-12
2.503199951171875 2.7212605626774557e-12
2.504199951171875 2.3304938533703804e-12
2.505199951171875 1.5980822330595596e-12
2.506199951171875 1.3473320994788377e-12
2.507199951171875 1.3491436430232016e-12
2.508199951171875 1.2779974281514862e-12
2.509199951171875 1.1624806631956727e-12
2.510199951171875 1.2397189070171962e-12
2.511199951171875 1.2147721706531343e-12
2.512199951171875 1.0936285789669993e-12
2.513199951171875 9.336741238161359e-13
2.514199951171875 1.0048696165666462e-12
2.515199951171875 6.670907800979458e-13
2.516199951171875 6.902124245002965e-13
2.517199951171875 4.475081628308938e-13
2.518199951171875 5.840609908977522e-13
2.519199951171875 4.221001408413961e-13
2.520199951171875 4.3210546292542723e-13
2.521199951171875 3.7451309162784426e-13
2.522199951171875 3.725252348256314e-13
2.523199951171875 3.2568296373680523e-13
2.524199951171875 3.592938560756039e-13
2.525199951171875 3.261474099666113e-13
2.526199951171875 3.266323735847739e-13
2.527199951171875 3.061756541314987e-13
2.528199951171875 2.3819308891853456e-13
2.529199951171875 1.8069989187265058e-13
2.530199951171875 1.0913148203385735e-13
2.531199951171875 1.2757839517682736e-13
2.532199951171875 1.4094073224162004e-13
2.533199951171875 1.8095343343644592e-13
2.534199951171875 1.445204114598377e-13
2.535199951171875 1.0583281763211484e-13
2.536199951171875 5.402344483966633e-14
2.537199951171875 7.061971710676745e-14
2.538199951171875 7.256425306778906e-14
2.539199951171875 7.844060400604302e-14
2.540199951171875 6.646883028654981e-14
2.541199951171875 7.171956793049664e-14
2.542199951171875 6.669641713272003e-14
2.543199951171875 5.443928829522306e-14
2.544199951171875 5.029122571311607e-14
2.545199951171875 5.267878154616843e-14
2.546199951171875 5.2021754529990344e-14
2.547199951171875 5.951520149311638e-14
2.548199951171875 5.378043488705328e-14
2.549199951171875 4.9267341928969917e-14
2.550199951171875 3.673761141228204e-14
2.551199951171875 2.9189420812949635e-14
2.552199951171875 2.466725650398352e-14
2.553199951171875 2.3355274386781152e-14
2.554199951171875 2.1645098871801526e-14
2.555199951171875 2.271107380936237e-14
2.556199951171875 1.9157736981208813e-14
2.557199951171875 1.827770260443032e-14
2.558199951171875 1.6429054999803623e-14
2.559199951171875 1.315734165459233e-14
2.560199951171875 1.2369121762150847e-14
2.561199951171875 1.0066461432959583e-14
2.562199951171875 1.0114779501905681e-14
2.563199951171875 8.224060424001361e-15
2.564199951171875 9.763362559082614e-15
2.565199951171875 9.082430325597245e-15
2.566199951171875 7.458725935806877e-15
2.567199951171875 5.123064132234946e-15
2.568199951171875 6.41170605369436e-15
2.569199951171875 7.331315742852818e-15
2.570199951171875 6.422602232857397e-15
2.571199951171875 4.323402735109448e-15
2.572199951171875 2.8485378151022675e-15
2.573199951171875 2.7855882921507597e-15
2.574199951171875 2.5813986179891383e-15
2.575199951171875 2.5574902044223073e-15
2.576199951171875 2.4701041629930594e-15
2.577199951171875 2.3018166191253034e-15
2.578199951171875 2.183520177483296e-15
2.579199951171875 2.362690745348493e-15
2.580199951171875 2.576388921242283e-15
2.581199951171875 2.6278676653852385e-15
2.582199951171875 2.251685872250588e-15
2.583199951171875 1.8341735223668144e-15
2.584199951171875 1.4824239958909413e-15
2.585199951171875 1.0255090928433728e-15
2.586199951171875 7.572839917325174e-16
2.587199951171875 5.276787002800942e-16
2.588199951171875 5.460958256597292e-16
2.589199951171875 6.047468216189833e-16
2.590199951171875 6.150103213240223e-16
2.591199951171875 5.613271921887605e-16
2.592199951171875 4.660994345706737e-16
2.593199951171875 4.3007907511015713e-16
2.594199951171875 3.995119460100138e-16
2.595199951171875 3.7526891357657754e-16
2.596199951171875 2.859806155822416e-16
2.597199951171875 2.378982655803385e-16
2.598199951171875 1.7044622209406468e-16
