Wavelength_microns Throughput
0.5503499755859375 1.2993194959656254e-09
0.5513499755859375 2.287656688416037e-09
0.5523499755859375 2.6015001359299227e-09
0.5533499755859375 2.304095121907093e-09
0.5543499755859375 2.370884978680739e-09
0.5553499755859375 3.677683853060046e-09
0.5563499755859375 5.095117413193039e-09
0.5573499755859375 2.7665436210511437e-09
0.5583499755859375 2.121868443436812e-09
0.5593499755859375 2.229556266453343e-09
0.5603499755859375 1.5471680086697087e-09
0.5613499755859375 1.7098915692117373e-09
0.5623499755859375 3.1513519436033942e-09
0.5633499755859375 4.5466140668959584e-09
0.5643499755859375 5.696419645435021e-09
0.5653499755859375 7.88456915301858e-09
0.5663499755859375 9.187535318656645e-09
0.5673499755859375 1.264893915999795e-08
0.5683499755859375 1.870176827431348e-08
0.5693499755859375 4.032279123600844e-09
0.5703499755859375 9.000786400312761e-10
0.5713499755859375 7.314578347874342e-09
0.5723499755859375 2.0612132187745092e-09
0.5733499755859375 4.882835568770908e-10
0.5743499755859375 2.9673339470359218e-12
0.5753499755859375 1.2220040557048208e-09
0.5763499755859375 2.7419866845749207e-12
0.5773499755859375 7.204018026886703e-10
0.5783499755859375 2.423881828093271e-12
0.5793499755859375 2.3974484804804316e-10
0.5803499755859375 1.8363582778880042e-09
0.5813499755859375 3.902624834040477e-09
0.5823499755859375 7.564688074574897e-09
0.5833499755859375 6.3874531514703144e-09
0.5843499755859375 3.2028119134524356e-09
0.5853499755859375 7.68266480437975e-09
0.5863499755859375 2.36677482137106e-09
0.5873499755859375 6.226568578713901e-12
0.5883499755859375 6.731948013975165e-12
0.5893499755859375 7.164546046888116e-12
0.5903499755859375 2.556491265274886e-09
0.5913499755859375 1.0134766729907366e-08
0.5923499755859375 1.668111662674332e-08
0.5933499755859375 2.1539701402084555e-08
0.5943499755859375 5.294380399051972e-09
0.5953499755859375 1.1567112999272632e-08
0.5963499755859375 5.06678628721599e-09
0.5973499755859375 7.064851830902635e-09
0.5983499755859375 2.3704332816513002e-08
0.5993499755859375 2.3330437595595315e-08
0.6003499755859375 7.18890367802279e-09
0.6013499755859375 1.3105759052278329e-08
0.6023499755859375 1.5874137812211378e-08
0.6033499755859375 1.0723655327748087e-11
0.6043499755859375 1.4489477505235037e-08
0.6053499755859375 1.42793381532702e-08
0.6063499755859375 8.77439819654714e-09
0.6073499755859375 2.439199041762197e-08
0.6083499755859375 1.0140014878979474e-08
0.6093499755859375 1.0139343071640585e-08
0.6103499755859375 1.3879202723821984e-08
0.6113499755859375 4.0138593366439814e-09
0.6123499755859375 1.8069230026944586e-08
0.6133499755859375 2.230267559332359e-08
0.6143499755859375 7.233459456503361e-11
0.6153499755859375 3.168421982979925e-08
0.6163499755859375 9.765273807735909e-09
0.6173499755859375 1.545932625274043e-08
0.6183499755859375 5.87525975055426e-09
0.6193499755859375 5.422215446512805e-09
0.6203499755859375 8.942582788718752e-09
0.6213499755859375 1.4250386278355027e-08
0.6223499755859375 1.3890352283158142e-11
0.6233499755859375 5.6739689124101776e-09
0.6243499755859375 1.6268013051052198e-09
0.6253499755859375 6.879862144525751e-09
0.6263499755859375 3.970254755757141e-09
0.6273499755859375 1.1494003017262124e-08
0.6283499755859375 4.0640116108768704e-09
0.6293499755859375 5.7371501763024586e-09
0.6303499755859375 9.674984592980642e-09
0.6313499755859375 7.941514256129376e-09
0.6323499755859375 1.3859908946909272e-08
0.6333499755859375 3.28644605029378e-08
0.6343499755859375 6.0540067122268565e-09
0.6353499755859375 4.239733135035809e-09
0.6363499755859375 1.728540733723571e-08
0.6373499755859375 1.6423374091221777e-08
0.6383499755859375 2.38610871149137e-08
0.6393499755859375 1.0581806455549264e-08
0.6403499755859375 3.5532828337572014e-08
0.6413499755859375 8.358318588721682e-09
0.6423499755859375 1.894055184616424e-08
0.6433499755859375 2.8944188816972643e-08
0.6443499755859375 1.7444366755324645e-08
0.6453499755859375 1.567794783561443e-08
0.6463499755859375 7.98734543883391e-09
0.6473499755859375 1.658637179119238e-08
0.6483499755859375 1.9244879556713984e-09
0.6493499755859375 2.135894601382492e-08
0.6503499755859375 9.561754401315119e-09
0.6513499755859375 1.486139314743018e-08
0.6523499755859375 1.076355921948189e-08
0.6533499755859375 1.6994156174037815e-08
0.6543499755859375 6.76302389675698e-08
0.6553499755859375 3.918842261949861e-08
0.6563499755859376 2.7819800712200786e-08
0.6573499755859376 2.5673195356116156e-08
0.6583499755859376 4.28162587451851e-08
0.6593499755859376 1.4426823359983833e-08
0.6603499755859376 2.057502222827598e-08
0.6613499755859376 6.01325712204136e-08
0.6623499755859374 3.6923932955471526e-08
0.6633499755859374 4.757857909299103e-08
0.6643499755859374 5.5658485130982535e-08
0.6653499755859374 8.234164904335223e-08
0.6663499755859374 1.0937602708594885e-07
0.6673499755859374 4.8871762792779983e-08
0.6683499755859375 5.8887884818643685e-08
0.6693499755859375 4.9583134978492564e-08
0.6703499755859375 7.856943598508695e-08
0.6713499755859375 5.630982042803945e-08
0.6723499755859375 1.8718154331198262e-08
0.6733499755859375 3.255912161189321e-08
0.6743499755859375 5.13602793733927e-08
0.6753499755859375 5.229673814328713e-08
0.6763499755859375 2.5306703242475203e-08
0.6773499755859375 6.92179122823433e-08
0.6783499755859375 5.1061577522655915e-08
0.6793499755859375 2.268966418088552e-08
0.6803499755859375 2.0154036426774596e-11
0.6813499755859375 1.520763383650248e-08
0.6823499755859375 3.937336213940304e-09
0.6833499755859375 3.376969128001462e-08
0.6843499755859375 2.141318851950555e-08
0.6853499755859375 4.2104498666709034e-08
0.6863499755859375 3.6083030093066556e-08
0.6873499755859375 1.5514398548312697e-08
0.6883499755859375 6.032280635012173e-08
0.6893499755859375 4.897096981812209e-08
0.6903499755859375 6.913886760489871e-08
0.6913499755859375 5.364999176987023e-08
0.6923499755859375 3.3460602566799214e-08
0.6933499755859375 2.2525174877305985e-08
0.6943499755859375 8.285078096205875e-08
0.6953499755859375 3.2362488428598406e-08
0.6963499755859375 5.422374466939443e-09
0.6973499755859375 8.010362974630884e-08
0.6983499755859375 7.427359072411118e-09
0.6993499755859375 2.9616293321406903e-08
0.7003499755859375 1.4191766477740423e-08
0.7013499755859375 4.507257102735702e-08
0.7023499755859375 7.5708883505722e-09
0.7033499755859375 1.3141815571715324e-08
0.7043499755859375 3.90358779129655e-08
0.7053499755859375 5.6035512858409417e-08
0.7063499755859375 7.412260048569183e-08
0.7073499755859375 2.1900898707050424e-11
0.7083499755859375 2.5904438317431883e-09
0.7093499755859375 2.279690551932722e-08
0.7103499755859375 1.3098125239202661e-08
0.7113499755859375 5.660660227407127e-08
0.7123499755859375 5.486930641822452e-08
0.7133499755859375 6.196896700315631e-08
0.7143499755859375 7.877787142436058e-08
0.7153499755859375 4.4430342048291537e-08
0.7163499755859375 8.050664595121125e-08
0.7173499755859375 7.591088698867187e-08
0.7183499755859375 2.3328785219708936e-08
0.7193499755859375 5.553817537604015e-08
0.7203499755859375 7.002252104530246e-08
0.7213499755859375 4.297885450191085e-08
0.7223499755859375 9.407250880799573e-08
0.7233499755859375 5.763517954719991e-08
0.7243499755859375 8.32590203031061e-08
0.7253499755859375 5.1325239511804595e-08
0.7263499755859375 8.667280510105642e-08
0.7273499755859375 9.185788731179771e-08
0.7283499755859375 9.095576240943743e-08
0.7293499755859375 4.386952864375357e-08
0.7303499755859375 9.453333053182485e-08
0.7313499755859375 4.191503779263655e-08
0.7323499755859375 5.525265811691516e-08
0.7333499755859375 8.370509080114303e-08
0.7343499755859375 7.848152565865232e-08
0.7353499755859375 1.2684024278965279e-07
0.7363499755859375 4.0967612483808426e-08
0.7373499755859375 1.0108080544116547e-07
0.7383499755859375 9.378369243171133e-08
0.7393499755859375 9.503178974779301e-08
0.7403499755859375 6.241649696692713e-08
0.7413499755859375 6.969652964333091e-08
0.7423499755859375 1.2747457890685904e-07
0.7433499755859375 1.0065887379804095e-07
0.7443499755859375 4.4030272727503805e-08
0.7453499755859375 1.581761840245204e-07
0.7463499755859375 1.0202520978525626e-07
0.7473499755859375 1.0173876508443848e-07
0.7483499755859375 1.5578144747545269e-07
0.7493499755859375 9.041496678354889e-08
0.7503499755859375 1.4477222516549697e-07
0.7513499755859375 4.1380584142059196e-08
0.7523499755859375 6.741598026342968e-08
0.7533499755859375 1.1904756079365551e-07
0.7543499755859375 9.470135647684664e-08
0.7553499755859375 1.16791905458013e-07
0.7563499755859375 1.1364310082426215e-07
0.7573499755859375 3.862483847840954e-08
0.7583499755859375 2.5330156089905683e-07
0.7593499755859375 5.5298993473176763e-08
0.7603499755859375 9.592282709203845e-08
0.7613499755859375 1.0787890169401251e-07
0.7623499755859375 1.4310182065199203e-07
0.7633499755859375 1.0029284803869187e-07
0.7643499755859375 2.093349503338686e-07
0.7653499755859375 1.235153405143772e-07
0.7663499755859375 1.4190659941597492e-07
0.7673499755859375 8.339200010978956e-08
0.7683499755859375 1.7049146536813707e-07
0.7693499755859375 1.3733455969643223e-07
0.7703499755859375 1.253725732596732e-07
0.7713499755859375 1.5059679755317343e-07
0.7723499755859375 2.4512972039768627e-07
0.7733499755859375 8.947298168271199e-08
0.7743499755859375 2.2594681179889562e-07
0.7753499755859375 1.4408694009213988e-07
0.7763499755859375 1.7894844422621912e-07
0.7773499755859375 8.21360312060964e-08
0.7783499755859375 7.033351288317995e-08
0.7793499755859375 8.136990154960984e-08
0.7803499755859375 7.509417108272604e-08
0.7813499755859376 6.000215934198786e-08
0.7823499755859376 1.7558861623276747e-07
0.7833499755859376 1.299610196440022e-07
0.7843499755859376 1.5049753082462458e-07
0.7853499755859376 2.028971868817955e-08
0.7863499755859376 2.3318593725500342e-07
0.7873499755859374 1.2373870776639265e-07
0.7883499755859374 1.1513653462665909e-07
0.7893499755859374 1.4347067105395658e-07
0.7903499755859374 9.311972556040311e-08
0.7913499755859374 1.234258475554592e-07
0.7923499755859374 5.223916805683155e-08
0.7933499755859375 3.789924010293807e-08
0.7943499755859375 1.2386395508227099e-07
0.7953499755859375 9.314232648783646e-08
0.7963499755859375 6.123891203869515e-08
0.7973499755859375 3.680147104221926e-08
0.7983499755859375 2.6244790654458078e-08
0.7993499755859375 1.0479086472463859e-07
0.8003499755859375 4.077611633222614e-07
0.8013499755859375 4.1892211843356896e-07
0.8023499755859375 4.4392284707655857e-07
0.8033499755859375 3.4838002230733344e-07
0.8043499755859375 3.644857871491327e-07
0.8053499755859375 3.051124590742494e-07
0.8063499755859375 3.622953399068554e-07
0.8073499755859375 4.988747802219108e-07
0.8083499755859375 2.1029851875773137e-07
0.8093499755859375 2.3000080391307001e-07
0.8103499755859375 3.5550010933542314e-07
0.8113499755859375 2.8306810887114324e-07
0.8123499755859375 1.958786317728315e-07
0.8133499755859375 1.6058594698852625e-07
0.8143499755859375 2.5761218969907465e-07
0.8153499755859375 1.456048446197869e-07
0.8163499755859375 2.215908777541545e-07
0.8173499755859375 2.4608463654576315e-07
0.8183499755859375 1.916826078087989e-07
0.8193499755859375 2.4959224506643956e-07
0.8203499755859375 1.981606351903536e-07
0.8213499755859375 3.8218478354259473e-07
0.8223499755859375 1.5739746177515116e-07
0.8233499755859375 2.0583150415412544e-07
0.8243499755859375 2.158352234814312e-07
0.8253499755859375 2.2882884084491824e-07
0.8263499755859375 1.6424395770026048e-07
0.8273499755859375 3.504975785067642e-07
0.8283499755859375 3.2146624949787906e-07
0.8293499755859375 2.6062874643589086e-07
0.8303499755859375 1.675382094257793e-07
0.8313499755859375 2.2844263405284488e-07
0.8323499755859375 3.3321566845762085e-07
0.8333499755859375 1.9781464606872697e-07
0.8343499755859375 2.5158204941512074e-07
0.8353499755859375 2.646568743801551e-07
0.8363499755859375 2.1684331061208003e-07
0.8373499755859375 2.7759876577275e-07
0.8383499755859375 2.2789124908913184e-07
0.8393499755859375 3.312233001927626e-07
0.8403499755859375 3.4457926681940635e-07
0.8413499755859375 3.2389150002470516e-07
0.8423499755859375 3.8816437635976496e-07
0.8433499755859375 3.778553011283157e-07
0.8443499755859375 4.0221520933076716e-07
0.8453499755859375 4.3379388508506183e-07
0.8463499755859375 4.2994102214330574e-07
0.8473499755859375 4.589982212880065e-07
0.8483499755859375 4.5154700066154005e-07
0.8493499755859375 5.061281400541585e-07
0.8503499755859375 5.218796725753516e-07
0.8513499755859375 5.77563777233678e-07
0.8523499755859375 5.479600268997678e-07
0.8533499755859375 5.504308995489047e-07
0.8543499755859375 5.578636295769794e-07
0.8553499755859375 5.539557290972351e-07
0.8563499755859375 6.075391713494965e-07
0.8573499755859375 5.601362855614824e-07
0.8583499755859375 5.873339226519232e-07
0.8593499755859375 5.931633592333612e-07
0.8603499755859375 5.131002326467335e-07
0.8613499755859375 4.714466238182871e-07
0.8623499755859375 5.912520219306395e-07
0.8633499755859375 5.698901633583072e-07
0.8643499755859375 5.707896241046759e-07
0.8653499755859375 6.066066641673548e-07
0.8663499755859375 5.777971957954273e-07
0.8673499755859375 6.485153702745045e-07
0.8683499755859375 7.113109562045682e-07
0.8693499755859375 7.014468838432324e-07
0.8703499755859375 6.989439343693674e-07
0.8713499755859375 6.437426522945434e-07
0.8723499755859375 6.444726210578224e-07
0.8733499755859375 6.578740287986964e-07
0.8743499755859375 7.038353125122839e-07
0.8753499755859375 6.462743721183204e-07
0.8763499755859375 6.361510599039713e-07
0.8773499755859375 6.210540825144397e-07
0.8783499755859375 7.129275302949056e-07
0.8793499755859375 7.72800281758752e-07
0.8803499755859375 7.237394474847807e-07
0.8813499755859375 7.32055170102959e-07
0.8823499755859375 8.310095314015367e-07
0.8833499755859375 8.36139570649479e-07
0.8843499755859375 8.808295054653749e-07
0.8853499755859375 9.579239336942954e-07
0.8863499755859375 9.289669575639817e-07
0.8873499755859375 9.44960585061395e-07
0.8883499755859375 9.469305843514614e-07
0.8893499755859375 9.80153970453083e-07
0.8903499755859375 9.451861290517228e-07
0.8913499755859375 9.392299365320139e-07
0.8923499755859375 8.873975812708654e-07
0.8933499755859375 8.725900856773825e-07
0.8943499755859375 8.731414963054099e-07
0.8953499755859375 8.273650713344107e-07
0.8963499755859375 8.285149573888307e-07
0.8973499755859375 7.749242464335002e-07
0.8983499755859375 8.372628893894282e-07
0.8993499755859375 7.639376185084253e-07
0.9003499755859375 7.00850347358346e-07
0.9013499755859375 7.788276258714606e-07
0.9023499755859375 6.701696130194271e-07
0.9033499755859375 6.532986554135435e-07
0.9043499755859375 6.792633943638043e-07
0.9053499755859375 6.567715744483252e-07
0.9063499755859376 6.428861924223495e-07
0.9073499755859376 7.059363453624438e-07
0.9083499755859376 6.517963320280846e-07
0.9093499755859376 6.235061565161643e-07
0.9103499755859376 7.078716806553554e-07
0.9113499755859376 5.847308273711512e-07
0.9123499755859374 6.019526083300808e-07
0.9133499755859374 5.283479494000518e-07
0.9143499755859374 5.803603853816542e-07
0.9153499755859374 5.727288222515287e-07
0.9163499755859374 5.742334701817577e-07
0.9173499755859374 6.423671224605922e-07
0.9183499755859375 6.89037819658867e-07
0.9193499755859375 7.448382077032683e-07
0.9203499755859375 7.193404285715441e-07
0.9213499755859375 7.735789879405107e-07
0.9223499755859375 7.486560382767887e-07
0.9233499755859375 7.22697296985106e-07
0.9243499755859375 7.065532783121077e-07
0.9253499755859375 6.361114986223975e-07
0.9263499755859375 6.253787624333863e-07
0.9273499755859375 5.885208087063443e-07
0.9283499755859375 5.564295206426918e-07
0.9293499755859375 4.63852461479137e-07
0.9303499755859375 4.576099710754871e-07
0.9313499755859375 4.130327885188772e-07
0.9323499755859375 3.329948289806442e-07
0.9333499755859375 3.686588118185936e-07
0.9343499755859375 4.1536164099381894e-07
0.9353499755859375 3.9475045017829604e-07
0.9363499755859375 3.676163999621086e-07
0.9373499755859375 3.8174999493823835e-07
0.9383499755859375 3.2534379818687584e-07
0.9393499755859375 2.7198041895858503e-07
0.9403499755859375 3.3079567256968566e-07
0.9413499755859375 3.509596698961907e-07
0.9423499755859375 3.307359211959308e-07
0.9433499755859375 3.69924718623594e-07
0.9443499755859375 3.236327349808009e-07
0.9453499755859375 3.3405717854122864e-07
0.9463499755859375 3.9136550993025526e-07
0.9473499755859375 3.8115955513668526e-07
0.9483499755859375 3.470325010673453e-07
0.9493499755859375 2.809696801008e-07
0.9503499755859375 2.742505575977585e-07
0.9513499755859375 3.950387148724878e-07
0.9523499755859375 3.862613010018332e-07
0.9533499755859375 4.298663740529436e-07
0.9543499755859375 5.769958781146465e-07
0.9553499755859375 6.099782348713437e-07
0.9563499755859375 7.169870263141246e-07
0.9573499755859375 7.182149705610816e-07
0.9583499755859375 8.215445037048536e-07
0.9593499755859375 6.824221229020506e-07
0.9603499755859375 7.084422139285936e-07
0.9613499755859375 7.64217643349691e-07
0.9623499755859375 7.428288723875402e-07
0.9633499755859375 7.777960329714928e-07
0.9643499755859375 7.20216390889045e-07
0.9653499755859375 6.837868651329899e-07
0.9663499755859375 6.137095787328827e-07
0.9673499755859375 5.243567149881972e-07
0.9683499755859375 4.1774900024349197e-07
0.9693499755859375 2.7987345947756727e-07
0.9703499755859375 2.5421635484476604e-07
0.9713499755859375 2.755191044666512e-07
0.9723499755859375 2.658861859982394e-07
0.9733499755859375 3.115145651385572e-07
0.9743499755859375 2.8220920002465077e-07
0.9753499755859375 3.2910149803443584e-07
0.9763499755859375 3.8757484318299645e-07
0.9773499755859375 4.5843159714540695e-07
0.9783499755859375 6.484920631532559e-07
0.9793499755859375 8.611233942679955e-07
0.9803499755859375 1.0239283271957703e-06
0.9813499755859375 1.129976112435467e-06
0.9823499755859375 1.2013105106319152e-06
0.9833499755859375 1.1899692391566705e-06
0.9843499755859375 1.1314029364293764e-06
0.9853499755859375 1.1075054628064043e-06
0.9863499755859375 1.1213685341243037e-06
0.9873499755859375 1.1184442998683416e-06
0.9883499755859375 1.145297502122627e-06
0.9893499755859375 1.1753828910076522e-06
0.9903499755859375 1.1777089777764779e-06
0.9913499755859375 1.1272445808601902e-06
0.9923499755859375 9.90229776212345e-07
0.9933499755859375 8.212337582998185e-07
0.9943499755859375 5.588599774530573e-07
0.9953499755859375 3.865411109143378e-07
0.9963499755859375 2.6910169994054027e-07
0.9973499755859375 3.062013484817745e-07
0.9983499755859375 4.2326843698762405e-07
0.9993499755859375 3.6371797544844946e-07
1.0003499755859375 4.4064302272918103e-07
1.0013499755859374 1.6483335599098631e-06
1.0023499755859375 1.079622694066738e-06
1.0033499755859374 2.769115180925622e-06
1.0043499755859375 1.6634037828155756e-06
1.0053499755859374 1.2959517449515132e-06
1.0063499755859375 2.2027817806380236e-06
1.0073499755859374 9.593656904338034e-07
1.0083499755859375 1.6375786940300377e-06
1.0093499755859374 8.078789678818738e-07
1.0103499755859375 1.5433596405304798e-06
1.0113499755859374 1.4382870387123855e-06
1.0123499755859375 1.3723641147688681e-06
1.0133499755859374 1.3261265206091278e-06
1.0143499755859375 2.167371035300353e-06
1.0153499755859374 8.871964224263265e-07
1.0163499755859375 1.4899197021503742e-06
1.0173499755859374 2.180623115851439e-06
1.0183499755859375 5.885829441238265e-07
1.0193499755859374 2.4392305598471404e-06
1.0203499755859375 8.669330756665153e-07
1.0213499755859374 6.295043100995837e-07
1.0223499755859375 2.3500899675260374e-06
1.0233499755859374 1.2382342532459673e-06
1.0243499755859375 1.14384254207516e-06
1.0253499755859374 2.723587546872029e-06
1.0263499755859375 7.964916072540604e-07
1.0273499755859374 1.3436855213874577e-06
1.0283499755859375 1.3869644634426374e-06
1.0293499755859374 1.7053282525704197e-06
1.0303499755859375 8.724361645961202e-07
1.0313499755859374 1.4132476694997815e-06
1.0323499755859376 1.7680872586101564e-06
1.0333499755859374 3.2027527800927086e-07
1.0343499755859376 2.161287705385083e-06
1.0353499755859374 9.724778089690446e-07
1.0363499755859376 2.01097065990014e-06
1.0373499755859374 4.3101844165027017e-07
1.0383499755859376 1.7000948258198843e-06
1.0393499755859374 2.534584270231984e-06
1.0403499755859376 3.3660570417323285e-11
1.0413499755859374 1.8603623618269057e-06
1.0423499755859376 2.021618359662503e-06
1.0433499755859375 3.988330800274575e-07
1.0443499755859376 1.2545004845873276e-06
1.0453499755859375 5.483381149117423e-07
1.0463499755859376 9.06491859710209e-07
1.0473499755859375 3.24690625865988e-07
1.0483499755859376 1.9366371449269908e-07
1.0493499755859375 6.44087992258868e-07
1.0503499755859376 2.9736479577788667e-07
1.0513499755859375 1.32814697033079e-06
1.0523499755859376 1.3792006115171929e-06
1.0533499755859375 1.375439491917002e-06
1.0543499755859376 2.3771520948430713e-07
1.0553499755859375 1.8175251413074567e-06
1.0563499755859376 1.0335718796412491e-06
1.0573499755859375 5.598867399016444e-07
1.0583499755859376 1.3601364744581562e-06
1.0593499755859375 7.208317683845954e-07
1.0603499755859376 1.3923725659726938e-06
1.0613499755859375 6.762638997051688e-07
1.0623499755859376 1.4442188942585951e-06
1.0633499755859375 6.226362185675678e-07
1.0643499755859376 5.398877221300361e-07
1.0653499755859375 3.2821459419437446e-07
1.0663499755859376 1.8120677477899704e-06
1.0673499755859375 1.1476114624233584e-06
1.0683499755859376 8.633689110871134e-07
1.0693499755859375 1.5652716245118388e-06
1.0703499755859376 1.072119683665671e-06
1.0713499755859375 1.0909355843712293e-06
1.0723499755859376 1.189841096054476e-06
1.0733499755859375 3.408945029770419e-11
1.0743499755859376 2.3181194202550484e-06
1.0753499755859375 1.19134862758077e-06
1.0763499755859376 4.754642080955255e-07
1.0773499755859375 1.1778634550410899e-06
1.0783499755859376 7.874484996698613e-07
1.0793499755859375 5.05951253904106e-07
1.0803499755859376 1.2000432324131933e-06
1.0813499755859375 1.2738767461231066e-06
1.0823499755859376 7.22402397307709e-07
1.0833499755859375 5.549839198251103e-07
1.0843499755859376 1.6308345116499028e-06
1.0853499755859375 7.292276292981648e-07
1.0863499755859376 7.764042579648645e-07
1.0873499755859375 6.233404505206045e-07
1.0883499755859376 9.58968845831326e-07
1.0893499755859375 9.270196268504696e-07
1.0903499755859376 8.231040713323141e-07
1.0913499755859375 1.0797256711959173e-06
1.0923499755859376 1.2924267850339141e-06
1.0933499755859375 1.2740837607050166e-06
1.0943499755859376 2.574337244607847e-07
1.0953499755859375 1.3970717596809032e-06
1.0963499755859376 1.20371583932519e-06
1.0973499755859375 7.945762935281863e-07
1.0983499755859376 1.0031176136458012e-07
1.0993499755859375 1.6044218737991013e-06
1.1003499755859374 9.054448043835028e-07
1.1013499755859375 5.184112862014597e-07
1.1023499755859374 8.013763657052089e-07
1.1033499755859375 1.2906203890353968e-06
1.1043499755859374 1.7256336908415772e-07
1.1053499755859375 5.298394108810122e-07
1.1063499755859374 6.515453821025217e-07
1.1073499755859375 4.003246461492456e-07
1.1083499755859374 8.803221668561202e-08
1.1093499755859375 6.04707317276866e-07
1.1103499755859374 8.242123173500834e-07
1.1113499755859375 1.8338989163152593e-06
1.1123499755859374 1.2607312900895145e-06
1.1133499755859375 1.2124623623539453e-06
1.1143499755859374 2.287977565173101e-06
1.1153499755859375 1.5354552901219674e-06
1.1163499755859374 1.3407753786688727e-07
1.1173499755859375 5.067070250437091e-07
1.1183499755859374 6.587075133576026e-07
1.1193499755859375 1.1120417677822453e-07
1.1203499755859374 8.636323620293218e-07
1.1213499755859375 1.5296841986005237e-06
1.1223499755859374 9.020087749694408e-07
1.1233499755859375 1.0644627301524147e-06
1.1243499755859374 7.095624031931312e-07
1.1253499755859375 1.4716883173695894e-06
1.1263499755859374 7.487301788658181e-07
1.1273499755859375 1.9429569297050865e-06
1.1283499755859374 4.003076798685946e-07
1.1293499755859375 8.237400018611804e-07
1.1303499755859374 8.447524911809947e-07
1.1313499755859375 3.1227378068536647e-07
1.1323499755859374 1.6539807331958987e-06
1.1333499755859375 4.4520188392229547e-07
1.1343499755859374 7.943298669214798e-07
1.1353499755859375 5.248358494874196e-07
1.1363499755859374 1.689552915106175e-06
1.1373499755859375 9.288966226227825e-07
1.1383499755859374 1.1553968422143215e-06
1.1393499755859375 7.355688312880307e-07
1.1403499755859374 1.2642961603581256e-07
1.1413499755859375 1.168637136013314e-06
1.1423499755859374 1.698254886186767e-06
1.1433499755859375 9.488443559029374e-07
1.1443499755859374 1.8971579119648712e-06
1.1453499755859375 3.751940328424321e-11
1.1463499755859374 2.28639482167146e-06
1.1473499755859375 1.7274012922898412e-07
1.1483499755859374 8.193243437531201e-07
1.1493499755859375 1.711205071277664e-06
1.1503499755859374 2.5450275745588788e-06
1.1513499755859375 3.968981482820654e-08
1.1523499755859374 1.0222876229725763e-06
1.1533499755859375 8.02028229692353e-07
1.1543499755859374 1.072785810950203e-06
1.1553499755859375 1.4993133441173756e-06
1.1563499755859374 1.1348521208857962e-06
1.1573499755859376 1.6290437910593172e-06
1.1583499755859374 3.90312832827214e-07
1.1593499755859376 9.407698958561302e-07
1.1603499755859374 1.264748557250735e-06
1.1613499755859376 1.2914734782141316e-06
1.1623499755859374 1.5347451496108023e-06
1.1633499755859376 8.24096626731204e-07
1.1643499755859374 2.194231966596088e-07
1.1653499755859376 1.7430546712756742e-06
1.1663499755859374 1.4712835326662325e-06
1.1673499755859376 7.507983907924573e-07
1.1683499755859375 1.380772777216137e-06
1.1693499755859376 1.95934490460817e-06
1.1703499755859375 1.3439477600318501e-06
1.1713499755859376 6.18787752134903e-07
1.1723499755859375 2.114739050976605e-06
1.1733499755859376 2.2984435415386483e-06
1.1743499755859375 3.854111857229918e-11
1.1753499755859376 8.703558307773771e-07
1.1763499755859375 7.219801828297004e-07
1.1773499755859376 9.561875286469313e-07
1.1783499755859375 1.298734420154958e-06
1.1793499755859376 2.3369580216823371e-07
1.1803499755859375 1.5061789740011268e-06
1.1813499755859376 1.8223984740754508e-06
1.1823499755859375 6.245255113597054e-07
1.1833499755859376 1.1772999473669337e-06
1.1843499755859375 2.120974353213049e-06
1.1853499755859376 1.3019649143144612e-06
1.1863499755859375 7.536209381789432e-07
1.1873499755859376 1.5115807480116206e-06
1.1883499755859375 1.4917950463030621e-06
1.1893499755859376 1.913225618334792e-07
1.1903499755859375 9.952372249791148e-07
1.1913499755859376 1.5219122834809362e-06
1.1923499755859375 1.110577019203623e-06
1.1933499755859376 1.1642596013998289e-06
1.1943499755859375 6.870327990110157e-07
1.1953499755859376 2.4726701022610905e-06
1.1963499755859375 1.2017688607031807e-06
1.1973499755859376 4.360098510550761e-07
1.1983499755859375 9.83760556449466e-07
1.1993499755859376 1.75614424290845e-06
1.2003499755859375 9.775646602200506e-07
1.2013499755859376 1.503910384355132e-06
1.2023499755859375 9.355154899693606e-07
1.2033499755859376 1.202282183969587e-06
1.2043499755859375 1.801370732976094e-06
1.2053499755859376 1.0225395649491651e-06
1.2063499755859375 1.6818899034677649e-06
1.2073499755859376 1.2399507748431143e-06
1.2083499755859375 1.8262131709928902e-06
1.2093499755859376 1.1118191065961026e-06
1.2103499755859375 1.962737986161168e-06
1.2113499755859376 1.6386900839601322e-06
1.2123499755859375 1.8890100632815417e-06
1.2133499755859376 1.4067718144153081e-06
1.2143499755859375 1.5685355079607281e-06
1.2153499755859376 1.663062449794529e-06
1.2163499755859375 1.7192667465354727e-06
1.2173499755859376 1.8072140789797917e-06
1.2183499755859375 1.0964792078967098e-06
1.2193499755859376 1.7378538879417459e-06
1.2203499755859375 8.808057679948274e-07
1.2213499755859376 1.3922230912038999e-06
1.2223499755859375 1.3030458543000527e-06
1.2233499755859376 1.451615582958066e-06
1.2243499755859375 1.5826364160991078e-06
1.2253499755859374 1.3378919934663744e-06
1.2263499755859375 9.751147513097233e-07
1.2273499755859374 1.2553608626369944e-06
1.2283499755859375 4.6270783374032286e-07
1.2293499755859374 1.9216537973877045e-06
1.2303499755859375 1.1384947030796174e-06
1.2313499755859374 1.177061533574282e-06
1.2323499755859375 1.6505854566811228e-06
1.2333499755859374 1.889498920129832e-06
1.2343499755859375 2.040948597333223e-06
1.2353499755859374 9.375857308100956e-07
1.2363499755859375 1.4598267346062337e-06
1.2373499755859374 1.4621098118667422e-06
1.2383499755859375 2.254186226661196e-06
1.2393499755859374 2.302351511623853e-06
1.2403499755859375 2.015840965159876e-06
1.2413499755859374 1.7515874386780376e-06
1.2423499755859375 1.9920560704853444e-06
1.2433499755859374 1.9373417015711904e-06
1.2443499755859375 2.7470405000986663e-06
1.2453499755859374 1.8165304047456682e-06
1.2463499755859375 2.9939342559491297e-06
1.2473499755859374 3.025427711129221e-06
1.2483499755859375 2.807066006855419e-06
1.2493499755859374 3.477217165202023e-06
1.2503499755859375 3.279010376959381e-06
1.2513499755859374 3.074258169141534e-06
1.2523499755859375 3.969808849678778e-06
1.2533499755859374 5.688012277928407e-06
1.2543499755859375 3.0411988709914607e-06
1.2553499755859374 4.699984365082238e-06
1.2563499755859375 5.248918193551959e-06
1.2573499755859374 4.874540754168747e-06
1.2583499755859375 5.552712893891144e-06
1.2593499755859374 6.02769427570139e-06
1.2603499755859375 7.116096968548326e-06
1.2613499755859374 6.705839170988578e-06
1.2623499755859375 7.571692118737341e-06
1.2633499755859374 8.762799059463521e-06
1.2643499755859375 1.1113961632541385e-05
1.2653499755859374 1.1705183970775216e-05
1.2663499755859375 1.3558285598131075e-05
1.2673499755859374 1.3782545211008511e-05
1.2683499755859375 1.781028884103551e-05
1.2693499755859374 1.919005593197747e-05
1.2703499755859375 2.2749373372868022e-05
1.2713499755859374 2.7196579413016486e-05
1.2723499755859375 2.9822329024608726e-05
1.2733499755859374 3.4073622737643154e-05
1.2743499755859375 3.709478688390419e-05
1.2753499755859374 4.2284492960821716e-05
1.2763499755859375 4.839343624891067e-05
1.2773499755859374 5.7898915633179723e-05
1.2783499755859375 6.16901415857762e-05
1.2793499755859374 7.113657018139998e-05
1.2803499755859375 8.003903347838338e-05
1.2813499755859374 9.174932565260065e-05
1.2823499755859376 0.00010310325831760264
1.2833499755859374 0.00012067013014806
1.2843499755859376 0.00013368874531835456
1.2853499755859374 0.00015179361023009877
1.2863499755859376 0.00016942170164712945
1.2873499755859374 0.00020083985406724644
1.2883499755859376 0.00022987536713017597
1.2893499755859374 0.0002669666218656148
1.2903499755859376 0.0003222692618367886
1.2913499755859374 0.00036628224183405734
1.2923499755859376 0.00043723331834530626
1.2933499755859375 0.0004984382710340969
1.2943499755859376 0.0006046094133805344
1.2953499755859375 0.0007320608755983007
1.2963499755859376 0.00089474710250098
1.2973499755859375 0.0010720491924985822
1.2983499755859376 0.001302879289245143
1.2993499755859375 0.0015820944166712286
1.3003499755859376 0.0019296529247848275
1.3013499755859375 0.002367233479852733
1.3023499755859376 0.0028587892360039603
1.3033499755859375 0.0034985573588094017
1.3043499755859376 0.004310328416674479
1.3053499755859375 0.004912765718333994
1.3063499755859376 0.006227389594712838
1.3073499755859375 0.007348972260484809
1.3083499755859376 0.00840397626492675
1.3093499755859375 0.009564256949779781
1.3103499755859376 0.01084441575031617
1.3113499755859375 0.012187991475642307
1.3123499755859376 0.012813284918156491
1.3133499755859375 0.014871571286574188
1.3143499755859376 0.01615233702958587
1.3153499755859375 0.018634546400604874
1.3163499755859376 0.020841954480791732
1.3173499755859375 0.023881774913075172
1.3183499755859376 0.027400566172562316
1.3193499755859375 0.03198890122871132
1.3203499755859376 0.03604871638919477
1.3213499755859375 0.042607246459861234
1.3223499755859376 0.04861664204650277
1.3233499755859375 0.05835221520836509
1.3243499755859376 0.06549169640235906
1.3253499755859375 0.07716694844361993
1.3263499755859376 0.08907478373910993
1.3273499755859375 0.10465573191037687
1.3283499755859376 0.1254271173370057
1.3293499755859375 0.14332437480796806
1.3303499755859376 0.16988495715177832
1.3313499755859375 0.19181243492569486
1.3323499755859376 0.2242644768672621
1.3333499755859375 0.2587583124999038
1.3343499755859376 0.28778761497986427
1.3353499755859375 0.3119060328476864
1.3363499755859376 0.3361924767927991
1.3373499755859375 0.3552724360966988
1.3383499755859376 0.36333787516663135
1.3393499755859375 0.3747385013753894
1.3403499755859376 0.38904067440066864
1.3413499755859375 0.38569993310341577
1.3423499755859376 0.3924794566032058
1.3433499755859375 0.39078867911720144
1.3443499755859376 0.3894024302888039
1.3453499755859375 0.3963155782331876
1.3463499755859376 0.39331312204851276
1.3473499755859375 0.38958417178558286
1.3483499755859376 0.40424816772204564
1.3493499755859375 0.3942572627046827
1.3503499755859374 0.40193647729343485
1.3513499755859375 0.3953141424067566
1.3523499755859374 0.4015700101288439
1.3533499755859375 0.3955935405023986
1.3543499755859374 0.39779385516481797
1.3553499755859375 0.39767553400009736
1.3563499755859374 0.3944957534556178
1.3573499755859375 0.39607407173342224
1.3583499755859374 0.39690305376538654
1.3593499755859375 0.3957887053748037
1.3603499755859374 0.3956529915343944
1.3613499755859375 0.3994318535892742
1.3623499755859374 0.3952191507825405
1.3633499755859375 0.3928010947256743
1.3643499755859374 0.4019787362589259
1.3653499755859375 0.3981035259809851
1.3663499755859374 0.39955655879804053
1.3673499755859375 0.40040455222452104
1.3683499755859374 0.39675208478646024
1.3693499755859375 0.3972914370411398
1.3703499755859374 0.39769723765890036
1.3713499755859375 0.39438242640037374
1.3723499755859374 0.3966897316148179
1.3733499755859375 0.40056245399484774
1.3743499755859374 0.3885425638799576
1.3753499755859375 0.396273496291301
1.3763499755859374 0.3899096307481534
1.3773499755859375 0.39061014007766887
1.3783499755859374 0.38870226141115866
1.3793499755859375 0.3854911161780589
1.3803499755859374 0.38421542154281063
1.3813499755859375 0.3857653472300759
1.3823499755859374 0.3808744367140648
1.3833499755859375 0.38052294377440105
1.3843499755859374 0.383794986063633
1.3853499755859375 0.3764347756845272
1.3863499755859374 0.3820570060984827
1.3873499755859375 0.3801467411218903
1.3883499755859374 0.379527797055494
1.3893499755859375 0.38084118822448426
1.3903499755859374 0.38172849077966564
1.3913499755859375 0.37894342306711626
1.3923499755859374 0.37877627786112156
1.3933499755859375 0.3814826827677426
1.3943499755859374 0.3804996420344618
1.3953499755859375 0.38064305949536753
1.3963499755859374 0.37728625107231417
1.3973499755859375 0.3775773814498462
1.3983499755859374 0.39016720427797386
1.3993499755859375 0.3859583904797738
1.4003499755859374 0.3825488982639396
1.4013499755859375 0.38468527761638216
1.4023499755859374 0.3919435779137933
1.4033499755859375 0.38536413063932506
1.4043499755859374 0.3900884007103012
1.4053499755859375 0.39601000004072584
1.4063499755859374 0.3839066476681803
1.4073499755859376 0.3967392789881023
1.4083499755859374 0.3946171976302809
1.4093499755859376 0.3976847935943582
1.4103499755859374 0.3961715191134217
1.4113499755859376 0.39889330697687925
1.4123499755859374 0.3990480106047744
1.4133499755859376 0.403865195063112
1.4143499755859374 0.3980176980205249
1.4153499755859376 0.4069978572316015
1.4163499755859374 0.40355006946512384
1.4173499755859376 0.40730280675405295
1.4183499755859375 0.40999984695899844
1.4193499755859376 0.41074740254253717
1.4203499755859375 0.40633393361024234
1.4213499755859376 0.410979135081512
1.4223499755859375 0.4135199813407948
1.4233499755859376 0.41061862441341024
1.4243499755859375 0.41419974002324067
1.4253499755859376 0.4157709563813795
1.4263499755859375 0.4105083984318539
1.4273499755859376 0.4132972553809474
1.4283499755859375 0.40900326790336905
1.4293499755859376 0.4132025573415488
1.4303499755859375 0.4183869707961766
1.4313499755859376 0.4151324617544842
1.4323499755859375 0.41260257845691506
1.4333499755859376 0.409708410692033
1.4343499755859375 0.4112464117621302
1.4353499755859376 0.4131719692757522
1.4363499755859375 0.4122704902932389
1.4373499755859376 0.4096853910639613
1.4383499755859375 0.4124571129685806
1.4393499755859376 0.41068913476695246
1.4403499755859375 0.4156490302813672
1.4413499755859376 0.40963086399665544
1.4423499755859375 0.4069757926600283
1.4433499755859376 0.41681826221639295
1.4443499755859375 0.41325483278945224
1.4453499755859376 0.4113099087166384
1.4463499755859375 0.41369840691134524
1.4473499755859376 0.4145568664575912
1.4483499755859375 0.42012552055292557
1.4493499755859376 0.41862554254321144
1.4503499755859375 0.41420610686913767
1.4513499755859376 0.41585979749931384
1.4523499755859375 0.4206447513883228
1.4533499755859376 0.4203446157492409
1.4543499755859375 0.42181635642959936
1.4553499755859376 0.42322590708701413
1.4563499755859375 0.41780443021269825
1.4573499755859376 0.4231493526701419
1.4583499755859375 0.42635009584743655
1.4593499755859376 0.4205391218455162
1.4603499755859375 0.42383620716567405
1.4613499755859376 0.42243838192068883
1.4623499755859375 0.42465787265223187
1.4633499755859376 0.42696038296565836
1.4643499755859375 0.43156902670311087
1.4653499755859376 0.42426682789562176
1.4663499755859375 0.42551182361742074
1.4673499755859376 0.4234952168094367
1.4683499755859375 0.42238092079834155
1.4693499755859376 0.41658850291740407
1.4703499755859375 0.41237523408508436
1.4713499755859376 0.40540576431150943
1.4723499755859375 0.3925855601580022
1.4733499755859376 0.37709871388752103
1.4743499755859375 0.3568559024830469
1.4753499755859374 0.3297137810011699
1.4763499755859375 0.31230954936799876
1.4773499755859374 0.27699622317643086
1.4783499755859375 0.24798491162489478
1.4793499755859374 0.21395868162925638
1.4803499755859375 0.18507550750262622
1.4813499755859374 0.16046188589508276
1.4823499755859375 0.13542911010790365
1.4833499755859374 0.11519393271164385
1.4843499755859375 0.10055002778113839
1.4853499755859374 0.08583125280377972
1.4863499755859375 0.07338742810649847
1.4873499755859374 0.061158725859785365
1.4883499755859375 0.05628509839089309
1.4893499755859374 0.04597011678545492
1.4903499755859375 0.040456442040325474
1.4913499755859374 0.035163507388504364
1.4923499755859375 0.030492320436027814
1.4933499755859374 0.02734511692279701
1.4943499755859375 0.023565066616922512
1.4953499755859374 0.02180219025708872
1.4963499755859375 0.01969258921873509
1.4973499755859374 0.01771911520550891
1.4983499755859375 0.015682365415245942
1.4993499755859374 0.014073961484672468
1.5003499755859375 0.012302112626679053
1.5013499755859374 0.010144336842531833
1.5023499755859375 0.008427664138729491
1.5033499755859374 0.007029188830783856
1.5043499755859375 0.005786859929588344
1.5053499755859374 0.004851038310034734
1.5063499755859375 0.004031339786989574
1.5073499755859374 0.0034535147548173275
1.5083499755859375 0.002914354157455506
1.5093499755859374 0.0025088381573987123
1.5103499755859375 0.002128786992715832
1.5113499755859374 0.001815211226586711
1.5123499755859375 0.001571616905930324
1.5133499755859374 0.0013517672895941829
1.5143499755859375 0.0012101116622219728
1.5153499755859374 0.0010298264091357409
1.5163499755859375 0.0009103445843563098
1.5173499755859374 0.000798059513374209
1.5183499755859375 0.0007011756852103039
1.5193499755859374 0.0006193865562793465
1.5203499755859375 0.000547705590725039
1.5213499755859374 0.0004969996351665307
1.5223499755859375 0.0004376922124767334
1.5233499755859374 0.00039192730842327447
1.5243499755859375 0.000353921727055524
1.5253499755859374 0.0003136674152946457
1.5263499755859375 0.0002845649027569352
1.5273499755859374 0.0002556698121992636
1.5283499755859375 0.0002334182298500337
1.5293499755859374 0.00020837612648434342
1.5303499755859375 0.0001880388492963486
1.5313499755859374 0.00017427976658038609
1.5323499755859376 0.0001548171042811862
1.5333499755859374 0.0001434106596002007
1.5343499755859376 0.00013039755362550672
1.5353499755859374 0.00011572300174765739
1.5363499755859376 0.00010801452737665936
1.5373499755859374 9.959849419187054e-05
1.5383499755859376 9.241915668378523e-05
1.5393499755859374 8.202350455824382e-05
1.5403499755859376 7.548857617761253e-05
1.5413499755859374 6.922841286248672e-05
1.5423499755859376 6.150660134848066e-05
1.5433499755859375 5.879057599454458e-05
1.5443499755859376 5.425739328307518e-05
1.5453499755859375 4.813636823557701e-05
1.5463499755859376 4.3875436561216616e-05
1.5473499755859375 4.203167361006476e-05
1.5483499755859376 3.6341438807848025e-05
1.5493499755859375 3.450664931028861e-05
1.5503499755859376 3.2473602782758474e-05
1.5513499755859375 2.9771468337679693e-05
1.5523499755859376 2.7012056660359965e-05
1.5533499755859375 2.4468131229994895e-05
1.5543499755859376 2.38015781863987e-05
1.5553499755859375 2.2696326273960683e-05
1.5563499755859376 1.8764270825691268e-05
1.5573499755859375 1.7506950502918355e-05
1.5583499755859376 1.7594113033637407e-05
1.5593499755859375 1.635684224552351e-05
1.5603499755859376 1.658108505386673e-05
1.5613499755859375 1.43071461911181e-05
1.5623499755859376 1.2159146949002327e-05
1.5633499755859375 1.1640933760866738e-05
1.5643499755859376 1.1109465984338787e-05
1.5653499755859375 1.0299526734541796e-05
1.5663499755859376 1.1908089855715245e-05
1.5673499755859375 1.138729547226712e-05
1.5683499755859376 1.0954920964085495e-05
1.5693499755859375 1.0546630527213402e-05
1.5703499755859376 8.17126530129827e-06
1.5713499755859375 7.633631652188946e-06
1.5723499755859376 8.476258076914817e-06
1.5733499755859375 8.249871723912825e-06
1.5743499755859376 7.651399006418036e-06
1.5753499755859375 5.207391668435435e-06
1.5763499755859376 5.052405878116877e-06
1.5773499755859375 7.192811827381274e-06
1.5783499755859376 6.888837683930115e-06
1.5793499755859375 6.613892476391802e-06
1.5803499755859376 5.52178967220896e-06
1.5813499755859375 6.578811438633829e-06
1.5823499755859376 5.959251427499352e-06
1.5833499755859375 6.281882020972056e-06
1.5843499755859376 4.083073395864275e-06
1.5853499755859375 3.988424895400161e-06
1.5863499755859376 5.817316241110398e-06
1.5873499755859375 5.382052495368676e-06
1.5883499755859376 2.6177719049591427e-06
1.5893499755859375 3.593219613727642e-06
1.5903499755859376 4.694291082273617e-06
1.5913499755859375 5.533743083855074e-06
1.5923499755859376 4.7333749358264125e-06
1.5933499755859375 3.866247552339709e-06
1.5943499755859376 3.121088862746905e-06
1.5953499755859375 5.217324647469647e-06
1.5963499755859376 3.6413504135923767e-06
1.5973499755859375 3.305980550759719e-06
1.5983499755859376 3.2085948684879288e-06
1.5993499755859375 4.6178904515213815e-06
1.6003499755859374 3.3638587189543707e-06
1.6013499755859375 2.6053769075174976e-06
1.6023499755859374 4.160746707166207e-06
1.6033499755859375 5.318656441602462e-06
1.6043499755859374 2.9958749672472573e-06
1.6053499755859375 2.9633772759785066e-06
1.6063499755859374 1.648881552844342e-06
1.6073499755859375 2.151570099466422e-06
1.6083499755859374 2.3950073999417408e-06
1.6093499755859375 3.272365354617666e-06
1.6103499755859374 2.7831789972602503e-06
1.6113499755859375 2.6312336208383846e-06
1.6123499755859374 3.582705199275924e-06
1.6133499755859375 1.505215508947981e-06
1.6143499755859374 2.763201528167849e-06
1.6153499755859375 3.0921617836316466e-06
1.6163499755859374 3.0600026359262873e-07
1.6173499755859375 2.1412037920558886e-06
1.6183499755859374 9.89189217738133e-07
1.6193499755859375 2.520457738696027e-06
1.6203499755859374 2.775477878396131e-07
1.6213499755859375 7.562684119736957e-08
1.6223499755859374 1.3698463555182437e-06
1.6233499755859375 7.579561407729132e-07
1.6243499755859374 3.0557270992069407e-06
1.6253499755859375 2.5781468057363755e-06
1.6263499755859374 1.355749619461102e-06
1.6273499755859375 5.694555534008091e-07
1.6283499755859374 1.0801853214988957e-06
1.6293499755859375 1.7333855924812001e-07
1.6303499755859374 1.0755933402349914e-06
1.6313499755859375 1.2194000725507605e-06
1.6323499755859374 7.299155965977134e-07
1.6333499755859375 4.2048834176491775e-06
1.6343499755859374 4.615588627022398e-11
1.6353499755859375 4.587460797601333e-07
1.6363499755859374 8.111769827618787e-07
1.6373499755859375 3.905171135178179e-06
1.6383499755859374 5.669577322594688e-07
1.6393499755859375 4.124831802983753e-07
1.6403499755859374 2.4440460292027672e-06
1.6413499755859375 1.4858218013882693e-06
1.6423499755859374 1.096728066381285e-06
1.6433499755859375 3.7132674566134282e-06
1.6443499755859374 5.049808550233951e-07
1.6453499755859375 1.8415522864078675e-07
1.6463499755859374 3.520090697617346e-06
1.6473499755859375 2.1586914912572264e-07
1.6483499755859374 4.256468233238013e-06
1.6493499755859375 1.4011611651105768e-06
1.6503499755859374 2.8735803718951257e-06
1.6513499755859375 7.894984023913897e-07
1.6523499755859374 3.962611840805201e-06
1.6533499755859375 1.1584989482207878e-06
1.6543499755859374 3.7182378142727903e-06
1.6553499755859375 3.3799772224153104e-06
1.6563499755859374 4.5296393524696975e-07
1.6573499755859376 1.967981027006256e-06
1.6583499755859374 1.9223842185390985e-06
1.6593499755859376 3.1055290914585632e-06
1.6603499755859374 2.1454255860214606e-07
1.6613499755859376 1.3803529331030094e-06
1.6623499755859374 4.322734342381978e-06
1.6633499755859376 9.024769245502157e-07
1.6643499755859374 4.132111509916358e-06
1.6653499755859376 3.550977583921968e-06
1.6663499755859374 2.928026049028816e-06
1.6673499755859376 3.830924660103043e-07
1.6683499755859375 3.585619370274217e-06
1.6693499755859376 2.9239769865697584e-06
1.6703499755859375 1.3762432866882676e-06
1.6713499755859376 1.7600730102527904e-06
1.6723499755859375 2.0079593708745157e-06
1.6733499755859376 3.0702112216157656e-06
1.6743499755859375 1.2623930359949762e-06
1.6753499755859376 5.375656656747224e-06
1.6763499755859375 5.75774143662181e-07
1.6773499755859376 1.5920639827779188e-06
1.6783499755859375 2.3277457938248887e-06
1.6793499755859376 1.625820897187226e-06
1.6803499755859375 4.892870593285411e-06
1.6813499755859376 5.26279407223898e-06
1.6823499755859375 1.6334550731791086e-06
1.6833499755859376 3.4013140507898797e-06
1.6843499755859375 2.119283982718973e-06
1.6853499755859376 1.0152275969569155e-06
1.6863499755859375 2.1946643499534572e-06
1.6873499755859376 6.3951919183511094e-06
1.6883499755859375 1.2700684906549703e-06
1.6893499755859376 3.1766139288296115e-06
1.6903499755859375 4.109107029726648e-06
1.6913499755859376 1.5915548671217604e-06
1.6923499755859375 2.2175554931317356e-06
1.6933499755859376 3.86608413133364e-06
1.6943499755859375 9.932172266346467e-07
1.6953499755859376 1.8206148081853921e-06
1.6963499755859375 1.2266940487108394e-06
1.6973499755859376 4.131428887847876e-06
1.6983499755859375 2.06015552353705e-06
1.6993499755859376 2.076610839173695e-06
1.7003499755859375 8.290121018445064e-06
1.7013499755859376 6.0786023484579e-07
1.7023499755859375 1.4240833435431797e-06
1.7033499755859376 4.913226924458045e-06
1.7043499755859375 8.118054757183048e-07
1.7053499755859376 3.271051840822723e-06
1.7063499755859375 4.565201731025165e-06
1.7073499755859376 3.6936909240472115e-06
1.7083499755859375 3.235083123111918e-06
1.7093499755859376 1.1892809705261851e-06
1.7103499755859375 1.808055193915215e-06
1.7113499755859376 3.298760641094506e-06
1.7123499755859375 6.501011527847841e-06
1.7133499755859376 6.0011452853681865e-06
1.7143499755859375 2.3748268348524284e-06
1.7153499755859376 2.84410444098769e-06
1.7163499755859375 4.13807738316952e-06
1.7173499755859376 4.8698790539643986e-06
1.7183499755859375 3.2843509298887553e-06
1.7193499755859376 2.5948925208330432e-06
1.7203499755859375 1.8237613221731417e-06
1.7213499755859376 1.7770265829496827e-06
1.7223499755859375 4.318763092567578e-06
1.7233499755859376 9.525899875055423e-07
1.7243499755859375 2.0298752816152956e-06
1.7253499755859374 9.66497125902531e-07
1.7263499755859375 4.588709323388596e-06
1.7273499755859374 4.076463083660235e-06
1.7283499755859375 2.393299834406287e-06
1.7293499755859374 2.640216496155309e-06
1.7303499755859375 8.213049841446758e-07
1.7313499755859374 2.3726212898931873e-06
1.7323499755859375 1.2018600291483862e-06
1.7333499755859374 3.5331542832966426e-06
1.7343499755859375 2.726436362394943e-06
1.7353499755859374 2.1560998503479557e-06
1.7363499755859375 2.901806957537458e-06
1.7373499755859374 6.244964663796027e-06
1.7383499755859375 1.5580236332224165e-06
1.7393499755859374 5.593256387218132e-06
1.7403499755859375 6.022830069310877e-06
1.7413499755859374 5.742331876767334e-07
1.7423499755859375 3.0995157623243843e-06
1.7433499755859374 3.962674425182661e-06
1.7443499755859375 1.26933974160458e-07
1.7453499755859374 5.069718765111009e-07
1.7463499755859375 2.46329509256737e-06
1.7473499755859374 1.269577874125106e-06
1.7483499755859375 1.1679539001801746e-06
1.7493499755859374 1.852415501258663e-06
1.7503499755859375 9.819949507404184e-07
1.7513499755859374 3.781374220681869e-06
1.7523499755859375 8.529204055798096e-06
1.7533499755859374 1.7455141281678754e-06
1.7543499755859375 9.748317714207646e-07
1.7553499755859374 5.674001532821147e-06
1.7563499755859375 7.404326662924827e-06
1.7573499755859374 4.903201880913759e-06
1.7583499755859375 5.067177823049769e-06
1.7593499755859374 1.002511349255889e-06
1.7603499755859375 4.495368761559186e-06
1.7613499755859374 3.5933910952788705e-06
1.7623499755859375 1.562451036360454e-06
1.7633499755859374 6.527512487630025e-06
1.7643499755859375 3.1859868279451243e-06
1.7653499755859374 4.178005064337528e-06
1.7663499755859375 8.068055031343896e-07
1.7673499755859374 1.0419225790970346e-06
1.7683499755859375 1.4891578738064326e-06
1.7693499755859374 7.213012708311167e-07
1.7703499755859375 1.6931070133660805e-06
1.7713499755859374 5.2913350156275685e-06
1.7723499755859375 6.213609498161854e-06
1.7733499755859374 4.273585059207738e-06
1.7743499755859375 2.5590844347436067e-06
1.7753499755859374 7.263171731543056e-07
1.7763499755859375 4.545683022166112e-06
1.7773499755859374 2.242338558484487e-06
1.7783499755859375 4.809456362773367e-06
1.7793499755859374 1.960794488951329e-06
1.7803499755859375 3.736613571525485e-06
1.7813499755859374 2.7978646178073586e-06
1.7823499755859376 2.7367290905718407e-06
1.7833499755859374 4.6459628426099905e-06
1.7843499755859376 1.8476172764949443e-06
1.7853499755859374 1.6045896304077957e-06
1.7863499755859376 2.3787647869009614e-06
1.7873499755859374 2.4708230794008953e-06
1.7883499755859376 2.252778795752074e-06
1.7893499755859374 5.371637916621516e-06
1.7903499755859376 1.9878884484131946e-06
1.7913499755859374 6.0262689908966705e-06
1.7923499755859376 3.1972050983932627e-06
1.7933499755859375 2.6142008667460614e-06
1.7943499755859376 1.4399834330001249e-06
1.7953499755859375 6.314120750768363e-06
1.7963499755859376 5.272688541356394e-06
1.7973499755859375 2.6969146994753566e-06
1.7983499755859376 4.099663544638327e-06
1.7993499755859375 1.4707016323011005e-06
1.8003499755859376 1.4273564617744827e-06
1.8013499755859375 3.051661569245389e-06
1.8023499755859376 3.1169087487524233e-06
1.8033499755859375 4.607532752702226e-06
1.8043499755859376 3.477716025405605e-06
1.8053499755859375 4.652815392800533e-06
1.8063499755859376 1.7643193166501511e-06
1.8073499755859375 6.329518635908647e-06
1.8083499755859376 2.96062222414097e-06
1.8093499755859375 4.264432309568247e-06
1.8103499755859376 1.62635582226417e-07
1.8113499755859375 3.1886442039590956e-06
1.8123499755859376 1.505652904528089e-06
1.8133499755859375 3.3295399460197944e-07
1.8143499755859376 6.518587397535907e-07
1.8153499755859375 6.851215223915885e-07
1.8163499755859376 3.9106503319662547e-07
1.8173499755859375 1.486809120394094e-06
1.8183499755859376 1.6793196898039443e-06
1.8193499755859375 5.090578757913217e-07
1.8203499755859376 1.1390139848636798e-06
1.8213499755859375 9.917719815665101e-07
1.8223499755859376 3.6332910221911337e-06
1.8233499755859375 2.0103202833122e-06
1.8243499755859376 5.898155351372421e-06
1.8253499755859375 6.413308889353864e-06
1.8263499755859376 5.460394799133684e-06
1.8273499755859375 3.5042775014580797e-06
1.8283499755859376 5.229988338600695e-06
1.8293499755859375 3.2958598299771558e-06
1.8303499755859376 4.751665684282005e-06
1.8313499755859375 1.1238717657366595e-05
1.8323499755859376 4.38175902265087e-07
1.8333499755859375 4.775662094017642e-11
1.8343499755859376 3.1161815263096088e-06
1.8353499755859375 2.1669442659633207e-06
1.8363499755859376 3.1799234225522937e-06
1.8373499755859375 6.198043660574501e-06
1.8383499755859376 5.209758405181978e-07
1.8393499755859375 7.761232825859829e-07
1.8403499755859376 7.179987404515668e-06
1.8413499755859375 1.2881055438311097e-06
1.8423499755859376 4.1156464167015845e-06
1.8433499755859375 5.078105787846972e-06
1.8443499755859376 4.019085284499468e-06
1.8453499755859375 2.115635937491115e-06
1.8463499755859376 3.1962971649397607e-06
1.8473499755859375 9.636558598734551e-07
1.8483499755859376 6.528716078940352e-06
1.8493499755859375 4.924782363217056e-06
1.8503499755859374 4.7925542172737305e-11
1.8513499755859375 4.11371806691381e-06
1.8523499755859374 2.7324652756984786e-06
1.8533499755859375 6.452046077230405e-07
1.8543499755859374 7.747721816261844e-06
1.8553499755859375 1.9378255226046205e-06
1.8563499755859374 9.378292693488959e-07
1.8573499755859375 3.8305636826628435e-06
1.8583499755859374 2.3029112265158633e-06
1.8593499755859375 4.486131403828888e-06
1.8603499755859374 3.177515731087756e-07
1.8613499755859375 2.486447877233863e-06
1.8623499755859374 3.0416524646615306e-06
1.8633499755859375 5.974496170748187e-06
1.8643499755859374 7.1757350101208e-07
1.8653499755859375 3.8077688434152676e-06
1.8663499755859374 6.217472931052724e-06
1.8673499755859375 9.783829750313627e-07
1.8683499755859374 1.358887078289095e-06
1.8693499755859375 2.624154488375337e-06
1.8703499755859374 2.7098795804227475e-07
1.8713499755859375 1.7571655122602525e-06
1.8723499755859374 1.3237031670671765e-05
1.8733499755859375 1.3888203455799096e-06
1.8743499755859374 4.444663306294629e-06
1.8753499755859375 6.245120200069457e-06
1.8763499755859374 4.2260343729485215e-06
1.8773499755859375 3.7725127353233544e-06
1.8783499755859374 2.2143977466400537e-06
1.8793499755859375 4.0269881639203946e-06
1.8803499755859374 4.322643548767911e-06
1.8813499755859375 2.232865073008466e-06
1.8823499755859374 2.539272134313511e-06
1.8833499755859375 5.455516835388344e-06
1.8843499755859374 5.312523845792975e-06
1.8853499755859375 2.1927873929742734e-06
1.8863499755859374 2.8385009014869116e-06
1.8873499755859375 1.0677167818307864e-06
1.8883499755859374 1.6919376896406511e-06
1.8893499755859375 5.557354085924995e-06
1.8903499755859374 9.091850659774696e-06
1.8913499755859375 8.649911167522892e-06
1.8923499755859374 4.808967648231671e-11
1.8933499755859375 1.9758479375771614e-06
1.8943499755859374 4.8102472279132356e-11
1.8953499755859375 8.452032645898956e-07
1.8963499755859374 4.813070711036562e-11
1.8973499755859375 4.229235565102987e-06
1.8983499755859374 1.2024236484170717e-05
1.8993499755859375 4.72816615016694e-06
1.9003499755859374 3.058267205098664e-06
1.9013499755859375 8.928512882893599e-06
1.9023499755859374 3.4855373492128147e-06
1.9033499755859375 1.1486582553999258e-05
1.9043499755859374 4.808789425104555e-11
1.9053499755859375 7.647045701546632e-06
1.9063499755859374 6.474001018565764e-06
1.9073499755859376 4.314556967328919e-06
1.9083499755859374 1.0181428839513392e-05
1.9093499755859376 5.993236155613338e-06
1.9103499755859374 8.459621403342687e-06
1.9113499755859376 4.848879074636985e-06
1.9123499755859374 2.7266400807535468e-06
1.9133499755859376 2.8120194805435826e-07
1.9143499755859374 1.8491193791494775e-06
1.9153499755859376 3.325697104719701e-06
1.9163499755859374 3.61362035744941e-06
1.9173499755859376 4.11595259647894e-07
1.9183499755859375 1.623238015246473e-06
1.9193499755859376 1.1691194997114828e-07
1.9203499755859375 7.910495086123677e-07
1.9213499755859376 9.874988740943334e-07
1.9223499755859375 4.0266486722679945e-06
1.9233499755859376 1.3754194589324823e-06
1.9243499755859375 2.7021566549772188e-06
1.9253499755859376 7.4704277607435e-06
1.9263499755859375 3.7590348942799754e-06
1.9273499755859376 4.677464280320389e-06
1.9283499755859375 1.1305748434994443e-05
1.9293499755859376 4.487445226650706e-06
1.9303499755859375 8.70183724472115e-06
1.9313499755859376 8.98187095751679e-06
1.9323499755859375 3.713843001422058e-06
1.9333499755859376 6.163614888531706e-06
1.9343499755859375 9.942554622852597e-07
1.9353499755859376 4.600258027011956e-06
1.9363499755859375 4.802867890707581e-06
1.9373499755859376 8.880038401251959e-06
1.9383499755859375 1.163539809072422e-05
1.9393499755859376 5.898441498986776e-06
1.9403499755859375 2.356449148132907e-06
1.9413499755859376 2.0072713502713143e-06
1.9423499755859375 7.359284184990829e-06
1.9433499755859376 8.180352390209923e-06
1.9443499755859375 9.580783847635726e-06
1.9453499755859376 1.0991714315153497e-06
1.9463499755859375 4.417449843389809e-06
1.9473499755859376 4.8503530424277405e-11
1.9483499755859375 6.999791603671611e-06
1.9493499755859376 8.800117316874474e-06
1.9503499755859375 6.4296316987998335e-06
1.9513499755859376 6.538723934896726e-06
1.9523499755859375 9.188166639365893e-06
1.9533499755859376 8.05547556295204e-06
1.9543499755859375 9.319483059953571e-06
1.9553499755859376 2.3390540035301536e-06
1.9563499755859375 4.161556325691364e-06
1.9573499755859376 4.545828718508824e-07
1.9583499755859375 4.8692305938873616e-11
1.9593499755859376 3.3525094659130346e-06
1.9603499755859375 4.959485970086942e-06
1.9613499755859376 4.700776014191233e-06
1.9623499755859375 3.2840171113863857e-06
1.9633499755859376 2.672871203925602e-06
1.9643499755859375 9.206208508154737e-06
1.9653499755859376 5.154782228575898e-07
1.9663499755859375 3.3070686854678124e-06
1.9673499755859376 2.9759391838991523e-06
1.9683499755859375 7.48238747424224e-06
1.9693499755859376 5.129215290539112e-06
1.9703499755859375 1.0075048885474962e-05
1.9713499755859376 9.659559048711582e-06
1.9723499755859375 3.04981150259335e-06
1.9733499755859376 1.3910342619043404e-05
1.9743499755859375 4.440058662106106e-06
1.9753499755859374 5.6480346601943965e-06
1.9763499755859375 1.953462237838074e-06
1.9773499755859374 6.628586048995935e-06
1.9783499755859375 7.897438723473618e-06
1.9793499755859374 7.023213698098229e-06
1.9803499755859375 5.262432537260185e-06
1.9813499755859374 3.2245085299677124e-06
1.9823499755859375 6.843833283568277e-06
1.9833499755859374 3.671561452080463e-06
1.9843499755859375 3.905620917700292e-06
1.9853499755859374 1.6580947541437274e-05
1.9863499755859375 8.741534346126955e-06
1.9873499755859374 4.218375613972523e-06
1.9883499755859375 5.809117154122074e-06
1.9893499755859374 5.366576096707882e-06
1.9903499755859375 5.86201816206611e-06
1.9913499755859374 9.914134477182418e-06
1.9923499755859375 5.330167760902623e-06
1.9933499755859374 9.565712379250166e-06
1.9943499755859375 1.7078573202786249e-06
1.9953499755859374 6.70680391804893e-06
1.9963499755859375 6.796156618190537e-06
1.9973499755859374 1.1103704760882747e-05
1.9983499755859375 6.78839332879657e-06
1.9993499755859374 1.2427703231999173e-05
2.0003499755859373 7.865945417911477e-06
2.0013499755859376 2.9846262047130158e-06
2.0023499755859375 1.034244386849431e-05
2.0033499755859374 4.1976557296919136e-06
2.0043499755859373 7.904111346853058e-06
2.0053499755859376 1.1478582293026255e-05
2.0063499755859375 8.659015112930734e-06
2.0073499755859374 3.3520543323571146e-06
2.0083499755859373 4.029955785903628e-07
2.0093499755859376 6.415823820179109e-07
2.0103499755859375 7.695382212611812e-06
2.0113499755859374 1.1004177846177204e-05
2.0123499755859373 1.0419534070042834e-05
2.0133499755859376 1.1685784087426066e-05
2.0143499755859375 7.093465536590653e-06
2.0153499755859374 3.136554487128495e-06
2.0163499755859373 3.980481446503907e-06
2.0173499755859376 1.0379392961497094e-05
2.0183499755859375 7.5071171266113335e-06
2.0193499755859374 8.544328097513752e-06
2.0203499755859373 1.0360758426915574e-05
2.0213499755859377 8.013414275351516e-06
2.0223499755859375 9.483811356298528e-06
2.0233499755859374 2.7160581852655588e-06
2.0243499755859373 4.0591112078178e-06
2.0253499755859377 1.966939756541617e-06
2.0263499755859375 1.5068852002091114e-05
2.0273499755859374 9.701211958612092e-06
2.0283499755859373 1.4191892404375281e-05
2.0293499755859377 5.610388772533147e-06
2.0303499755859375 5.4144141666141354e-06
2.0313499755859374 7.815539144222055e-06
2.0323499755859373 2.2064299147676012e-06
2.0333499755859377 8.095183588546432e-07
2.0343499755859376 3.985504694614384e-06
2.0353499755859374 5.324415314425843e-06
2.0363499755859373 2.1212293564443474e-06
2.0373499755859377 3.5729461382468152e-06
2.0383499755859376 2.495706395160405e-06
2.0393499755859374 4.463993339377322e-06
2.0403499755859373 5.60325629095499e-07
2.0413499755859377 4.233578079385142e-06
2.0423499755859376 9.447900163921189e-06
2.0433499755859375 7.855240378484546e-06
2.0443499755859373 1.1954876158893371e-05
2.0453499755859377 5.555263706755912e-06
2.0463499755859376 3.477131847304716e-06
2.0473499755859375 5.090508774092768e-06
2.04835009765625 5.15612119160666e-06
2.04935009765625 4.601398385447809e-06
2.05035009765625 7.088067139614578e-06
2.05135009765625 4.936252243032786e-07
2.05235009765625 4.883165768706369e-11
2.05335009765625 9.246049785822489e-07
2.05435009765625 5.937393029001564e-06
2.05535009765625 1.1376283481378875e-05
2.05635009765625 4.890064915284125e-11
2.05735009765625 9.380732873099665e-06
2.05835009765625 4.962752444089137e-06
2.05935009765625 1.0414030537239513e-05
2.06035009765625 1.0799088875732607e-05
2.06135009765625 7.810202947715543e-06
2.06235009765625 1.0466219162740225e-05
2.06335009765625 1.2407336630266424e-05
2.06435009765625 8.260964483117118e-06
2.06535009765625 6.997311207983944e-06
2.06635009765625 1.4121527355071003e-05
2.06735009765625 3.6587606999477137e-06
2.06835009765625 9.30049798082378e-06
2.06935009765625 1.084897210159916e-05
2.07035009765625 1.1667332408387344e-05
2.07135009765625 7.680245997131703e-06
2.07235009765625 4.381230923364792e-06
2.07335009765625 2.942121725104742e-06
2.07435009765625 6.46120263206399e-06
2.07535009765625 6.572647784921577e-06
2.07635009765625 1.4204618390290736e-05
2.07735009765625 1.1510180347048332e-05
2.07835009765625 4.063548468000082e-06
2.07935009765625 4.764291314328295e-06
2.08035009765625 3.5067745032930793e-06
2.08135009765625 6.59074239061447e-08
2.08235009765625 5.1905212319072826e-06
2.08335009765625 3.6727727141556564e-06
2.08435009765625 1.9288886619240925e-05
2.08535009765625 1.305444968649658e-05
2.08635009765625 1.2062730817349998e-05
2.08735009765625 6.086006527070909e-06
2.08835009765625 3.863817983002739e-06
2.08935009765625 4.553130784043853e-06
2.09035009765625 1.4690757434220072e-05
2.09135009765625 1.1078701171788404e-05
2.09235009765625 1.2030286000435465e-05
2.09335009765625 6.547160819126032e-06
2.09435009765625 3.3422695655422944e-06
2.09535009765625 6.503209315157161e-06
2.09635009765625 8.820274444538923e-06
2.09735009765625 7.682976563225836e-06
2.09835009765625 8.192820453739975e-06
2.09935009765625 7.45234048819524e-06
2.10035009765625 1.4415916009677476e-05
2.10135009765625 5.989752205345475e-06
2.10235009765625 1.144637077338233e-05
2.10335009765625 8.964053557520156e-06
2.10435009765625 5.98707369312734e-06
2.10535009765625 4.410209063469478e-06
2.10635009765625 7.353604095238013e-06
2.10735009765625 1.0115906214567234e-05
2.10835009765625 1.4000592144608742e-05
2.10935009765625 1.3660279253527748e-05
2.11035009765625 2.2713673068147506e-06
2.11135009765625 1.2048543697468199e-05
2.11235009765625 4.520054280143687e-06
2.11335009765625 3.954178149769528e-06
2.11435009765625 1.3258159926386845e-05
2.11535009765625 2.255854704354741e-06
2.11635009765625 6.541810242825904e-06
2.11735009765625 7.953319653548444e-06
2.11835009765625 6.518795457303317e-06
2.11935009765625 1.1000853550066941e-05
2.12035009765625 3.2630548815710233e-06
2.12135009765625 7.984521692910063e-06
2.12235009765625 7.444793775491952e-06
2.12335009765625 5.706669676094567e-07
2.12435009765625 9.748272590678056e-06
2.12535009765625 1.2542206023185116e-05
2.12635009765625 2.7428719809836484e-06
2.12735009765625 6.887040341492369e-06
2.12835009765625 1.3937331666413183e-05
2.12935009765625 7.860022540233602e-06
2.13035009765625 4.1323499091423844e-06
2.13135009765625 9.844797075097539e-06
2.13235009765625 5.4314181135881045e-06
2.13335009765625 1.9336797362626913e-05
2.13435009765625 9.690500757462133e-06
2.13535009765625 8.661328091079258e-06
2.13635009765625 8.130503532649734e-06
2.13735009765625 5.7764282481579e-06
2.13835009765625 1.7628126656990618e-06
2.13935009765625 6.371423867887235e-06
2.14035009765625 1.0227543124200001e-05
2.14135009765625 6.328817670122157e-06
2.14235009765625 1.0827573468778523e-05
2.14335009765625 1.1828964844660553e-05
2.14435009765625 6.675152996307295e-06
2.14535009765625 1.3855469621043247e-05
2.14635009765625 1.1375945941091903e-05
2.14735009765625 7.619120622046394e-06
2.14835009765625 1.0366955780283615e-05
2.14935009765625 2.2146276771463998e-06
2.15035009765625 9.981083722667332e-06
2.15135009765625 1.6000415586021876e-06
2.15235009765625 6.2004645934350505e-06
2.15335009765625 1.6498358300632863e-05
2.15435009765625 4.9920031983014085e-11
2.15535009765625 5.613937230777812e-06
2.15635009765625 3.4683505884304986e-06
2.15735009765625 4.452443078794411e-06
2.15835009765625 7.199421421702355e-06
2.15935009765625 4.1537645545804665e-06
2.16035009765625 8.984188967092993e-06
2.16135009765625 9.200115422746949e-06
2.16235009765625 8.108253875256358e-06
2.16335009765625 3.507960654794966e-06
2.16435009765625 2.7318269679023865e-06
2.16535009765625 1.1187350288181292e-05
2.16635009765625 3.6066695465647327e-07
2.16735009765625 5.175876613176901e-06
2.16835009765625 1.7129960018847927e-05
2.16935009765625 1.4582280733454607e-05
2.17035009765625 4.950456963270888e-11
2.17135009765625 2.418199345263267e-07
2.17235009765625 9.233772773952327e-06
2.17335009765625 1.189836212781602e-05
2.17435009765625 6.837397993567446e-06
2.17535009765625 5.262292160196725e-06
2.17635009765625 5.5861692188042975e-06
2.17735009765625 3.5142164139686646e-06
2.17835009765625 7.309885518024611e-06
2.17935009765625 1.058484472065474e-05
2.18035009765625 4.9229915108813817e-11
2.18135009765625 6.538414027538208e-06
2.18235009765625 1.4067729032971356e-05
2.18335009765625 9.018247957245083e-06
2.18435009765625 1.4115043491625687e-06
2.18535009765625 1.3585730186522436e-07
2.18635009765625 9.032842758961503e-06
2.18735009765625 4.9183733395376644e-11
2.18835009765625 9.97774124154861e-06
2.18935009765625 8.652136848210826e-06
2.19035009765625 1.0937257764350731e-05
2.19135009765625 3.7857741393977367e-06
2.19235009765625 6.755454978128075e-06
2.19335009765625 1.1796120083081264e-05
2.19435009765625 9.59732308062283e-06
2.19535009765625 3.886065826588402e-06
2.19635009765625 9.308421291810199e-06
2.19735009765625 4.759517212498191e-07
2.19835009765625 7.2104612311179454e-06
2.19935009765625 1.248067098686922e-05
2.20035009765625 9.048122937330394e-06
2.20135009765625 9.97998885957886e-06
2.20235009765625 7.56889147447205e-06
2.20335009765625 1.0453844641239586e-05
2.20435009765625 3.145766820995772e-06
2.20535009765625 5.074753324327548e-06
2.20635009765625 9.336085971032805e-06
2.20735009765625 1.5418986612112298e-06
2.20835009765625 5.8141981477673605e-06
2.20935009765625 7.936125305818518e-06
2.21035009765625 9.33510530796514e-06
2.21135009765625 7.084721564603836e-06
2.21235009765625 7.410250188452844e-06
2.21335009765625 1.1011351830568684e-05
2.21435009765625 9.581001931202948e-06
2.21535009765625 1.1361000871376105e-05
2.21635009765625 3.4735456086456963e-06
2.21735009765625 1.3417426789056348e-05
2.21835009765625 1.7864941333345657e-05
2.21935009765625 5.7639512111572715e-06
2.22035009765625 1.2701994661586265e-06
2.22135009765625 2.735873417364178e-06
2.22235009765625 1.3705335907927088e-06
2.22335009765625 8.841530026317765e-06
2.22435009765625 1.4117097295576354e-05
2.22535009765625 4.649135839437272e-06
2.22635009765625 1.0932048872731206e-05
2.22735009765625 1.97085167866283e-05
2.22835009765625 4.994107775762809e-11
2.22935009765625 3.070694720633141e-06
2.23035009765625 5.067917434259976e-06
2.23135009765625 1.328378684398532e-05
2.23235009765625 1.10670295153434e-05
2.23335009765625 1.3498528116647438e-05
2.23435009765625 1.8073731273529865e-06
2.23535009765625 1.1478404943787613e-05
2.23635009765625 7.011487016580545e-06
2.23735009765625 2.802633478811609e-07
2.23835009765625 1.1055619781241862e-05
2.23935009765625 1.7413522685528957e-05
2.24035009765625 6.2248924788844425e-06
2.24135009765625 1.6087212193909181e-06
2.24235009765625 6.682843904812558e-06
2.24335009765625 8.825508281992068e-06
2.24435009765625 1.7548718182161208e-05
2.24535009765625 1.1849448220761162e-05
2.24635009765625 2.906118893218515e-06
2.24735009765625 5.040105876879526e-06
2.24835009765625 1.9747543964711805e-05
2.24935009765625 8.020917383951803e-06
2.25035009765625 1.0233564312636787e-06
2.25135009765625 1.0688603268066993e-05
2.25235009765625 2.6816820409371642e-05
2.25335009765625 4.943775336400511e-11
2.25435009765625 5.658049348600502e-06
2.25535009765625 4.926729830722516e-11
2.25635009765625 9.270872484520737e-06
2.25735009765625 1.3212144511357072e-05
2.25835009765625 3.420858015728607e-06
2.25935009765625 1.3910596899041054e-05
2.26035009765625 7.563957658972575e-06
2.26135009765625 1.6015506657496527e-05
2.26235009765625 5.136604362506485e-07
2.26335009765625 5.12270962714738e-06
2.26435009765625 7.1375702274364945e-06
2.26535009765625 4.7944875256370744e-11
2.26635009765625 8.63304216237145e-06
2.26735009765625 1.1838631225693851e-06
2.26835009765625 6.324912029700175e-06
2.26935009765625 1.8432996176199316e-05
2.27035009765625 1.7664736310591374e-06
2.27135009765625 5.36520031682557e-06
2.27235009765625 1.6380128583432024e-05
2.27335009765625 2.846234234740979e-06
2.27435009765625 4.879216704743562e-11
2.27535009765625 5.6116700461038886e-06
2.27635009765625 8.257698242053336e-06
2.27735009765625 2.177041513286649e-06
2.27835009765625 7.945931421916961e-06
2.27935009765625 4.813394943682031e-06
2.28035009765625 3.035567379887836e-06
2.28135009765625 3.7484536275316748e-06
2.28235009765625 2.2246312078297663e-06
2.28335009765625 3.08773630302953e-06
2.28435009765625 4.8924423458780286e-11
2.28535009765625 7.443355104601608e-07
2.28635009765625 1.0060639366672037e-06
2.28735009765625 4.8890239324416134e-11
2.28835009765625 4.8871721615943396e-11
2.28935009765625 8.106476899643861e-06
2.29035009765625 2.1365746592032643e-06
2.29135009765625 8.279962950854836e-06
2.29235009765625 4.807224309820059e-06
2.29335009765625 1.096741164261579e-06
2.29435009765625 2.8577269685157005e-06
2.29535009765625 8.000519366738023e-06
2.29635009765625 8.056419144492125e-06
2.29735009765625 7.366069105038399e-07
2.29835009765625 2.891323315678854e-06
2.29935009765625 7.264105952266685e-06
2.30035009765625 1.6705345831320043e-06
2.30135009765625 2.378661708685855e-06
2.30235009765625 4.808494889270126e-11
2.30335009765625 5.888300356555374e-06
2.30435009765625 6.884524112516367e-06
2.30535009765625 9.936966689580604e-07
2.30635009765625 4.154490874913354e-06
2.30735009765625 1.8734782660362948e-06
2.30835009765625 1.3907865267797837e-06
2.30935009765625 4.1945362186282304e-07
2.31035009765625 1.3564056127247412e-06
2.31135009765625 1.123217538166638e-06
2.31235009765625 1.5273682164654364e-06
2.31335009765625 2.8464828507069227e-06
2.31435009765625 2.121495629015904e-06
2.31535009765625 4.213493706399212e-06
2.31635009765625 5.8930421001838095e-06
2.31735009765625 8.471800447272528e-06
2.31835009765625 4.138096703996877e-06
2.31935009765625 2.705430221276098e-06
2.32035009765625 1.4845671527364492e-06
2.32135009765625 7.510867535137905e-07
2.32235009765625 3.6467192709884353e-06
2.32335009765625 4.336686672704644e-06
2.32435009765625 5.517076664532328e-06
2.32535009765625 4.682332634473838e-06
2.32635009765625 2.4907244066366253e-06
2.32735009765625 2.6184520561457677e-06
2.32835009765625 4.782567285190014e-07
2.32935009765625 8.20988375069419e-08
2.33035009765625 2.618138332869199e-06
2.33135009765625 3.122024363930374e-06
2.33235009765625 1.2606809602121142e-06
2.33335009765625 1.4576306823796922e-06
2.33435009765625 1.3798162401345467e-06
2.33535009765625 1.3532151629597946e-06
2.33635009765625 1.0707599263015055e-06
2.33735009765625 1.6473570068023585e-06
2.33835009765625 1.2392403045198913e-06
2.33935009765625 8.459784936763194e-07
2.34035009765625 8.782090856108476e-07
2.34135009765625 1.2277458354852942e-06
2.34235009765625 1.4883074882750547e-06
2.34335009765625 1.781424903875686e-11
2.34435009765625 3.813207262653192e-07
2.34535009765625 5.967502244483468e-07
2.34635009765625 1.438165421881036e-06
2.34735009765625 5.165134455796337e-07
2.34835009765625 1.6354617725623277e-06
2.34935009765625 8.002125447502516e-07
2.35035009765625 2.0008931519818264e-06
2.35135009765625 8.295002643836844e-07
2.35235009765625 4.240295511195639e-07
2.35335009765625 1.74673011059995e-06
2.35435009765625 7.587510635241026e-07
2.35535009765625 3.7691964540294194e-07
2.35635009765625 1.7840415046364612e-06
2.35735009765625 4.245673376511713e-07
2.35835009765625 1.0124358700810781e-06
2.35935009765625 6.626220915102338e-07
2.36035009765625 1.7553691053548875e-06
2.36135009765625 1.5688307874728518e-06
2.36235009765625 8.867171672051815e-07
2.36335009765625 9.956396427873977e-07
2.36435009765625 1.677113083640366e-06
2.36535009765625 4.874962301999876e-07
2.36635009765625 7.015308954031613e-07
2.36735009765625 5.574253222416765e-07
2.36835009765625 4.251335029815884e-08
2.36935009765625 8.25248225436522e-07
2.37035009765625 3.68552309058271e-07
2.37135009765625 6.349048998179853e-07
2.37235009765625 5.255957820990081e-07
2.37335009765625 2.6518092419936325e-07
2.37435009765625 1.8433199712081747e-07
2.37535009765625 7.046153182165271e-08
2.37635009765625 3.865292925935346e-07
2.37735009765625 3.125155694043351e-07
2.37835009765625 2.287241611993067e-07
2.37935009765625 2.2713358669028194e-07
2.38035009765625 3.034467362123822e-07
2.38135009765625 2.621603399058977e-07
2.38235009765625 2.477425370897397e-07
2.38335009765625 1.3004780980005197e-07
2.38435009765625 1.422597616481036e-07
2.38535009765625 1.8628028810824105e-07
2.38635009765625 1.4572945352782694e-07
2.38735009765625 8.957651877580971e-08
2.38835009765625 1.6783770890006504e-07
2.38935009765625 9.556593507242382e-08
2.39035009765625 1.294913418108184e-07
2.39135009765625 1.277169588581345e-07
2.39235009765625 4.275193864811345e-08
2.39335009765625 2.8539023907679533e-08
2.39435009765625 7.071117895272368e-08
2.39535009765625 6.771317021146356e-08
2.39635009765625 4.1362119509463615e-08
2.39735009765625 2.891297117546838e-08
2.39835009765625 4.267763245449772e-08
2.39935009765625 5.509364610220394e-08
2.40035009765625 4.0340736956473216e-08
2.40135009765625 1.8401094542326106e-08
2.40235009765625 2.271391278852725e-08
2.40335009765625 1.7184052321457752e-08
2.40435009765625 1.4725326566350625e-08
2.40535009765625 1.0962854887122026e-08
2.40635009765625 1.9171133922051965e-08
2.40735009765625 2.930294934901345e-08
2.40835009765625 5.514401860951616e-09
2.40935009765625 9.997331535332035e-09
2.41035009765625 1.1402508272807973e-08
2.41135009765625 1.8470530797523265e-08
2.41235009765625 4.515632742922854e-09
2.41335009765625 7.304166725434049e-09
2.41435009765625 7.728767303361197e-09
2.41535009765625 7.762700411752845e-09
2.41635009765625 7.298466172033728e-09
2.41735009765625 9.058809015297703e-09
2.41835009765625 3.3230674339630853e-09
2.41935009765625 8.22389320410701e-09
2.42035009765625 2.9916865716439378e-09
2.42135009765625 2.6694649133107405e-09
2.42235009765625 4.9347076995823246e-09
2.42335009765625 1.6196350189049634e-09
2.42435009765625 3.314060973485606e-09
2.42535009765625 2.534575893326481e-09
2.42635009765625 1.5684345860190032e-09
2.42735009765625 7.254153014859188e-11
2.42835009765625 2.578450639504209e-09
2.42935009765625 5.897436659507912e-10
2.43035009765625 1.7514336797527998e-09
2.43135009765625 1.0597970125104786e-09
2.43235009765625 7.68309191549469e-10
2.43335009765625 7.552608821237283e-10
2.43435009765625 4.710399070198377e-10
2.43535009765625 4.801047792633562e-10
2.43635009765625 3.2539387297644444e-10
2.43735009765625 2.1079001959137339e-10
2.43835009765625 5.087373952854951e-10
2.43935009765625 2.71977121975753e-10
2.44035009765625 3.535013494338659e-10
2.44135009765625 1.8899110894525168e-10
2.44235009765625 2.1648557927816668e-10
2.44335009765625 9.792287630861155e-11
2.44435009765625 2.5050493755040294e-10
2.44535009765625 2.612186555266122e-10
2.44635009765625 2.516906232383857e-11
2.44735009765625 4.346204853318918e-11
2.44835009765625 2.3874970978516146e-11
2.44935009765625 8.830373481739781e-11
2.45035009765625 1.04098226552366e-10
2.45135009765625 3.501808700884244e-11
2.45235009765625 5.347774361487354e-11
2.45335009765625 8.290095409822075e-11
2.45435009765625 9.977736203519335e-12
2.45535009765625 4.425573252515341e-11
2.45635009765625 8.498575735411626e-11
2.45735009765625 1.8790463576813231e-16
2.45835009765625 8.344465198711014e-11
2.45935009765625 7.293719367591276e-11
2.46035009765625 3.142437594906408e-11
2.46135009765625 5.0373269087943164e-11
2.46235009765625 4.912431340128224e-12
2.46335009765625 3.82887909348199e-11
2.46435009765625 2.9009292970412703e-11
2.46535009765625 3.81024130676836e-11
2.46635009765625 1.5783863680163938e-12
2.46735009765625 2.6384035787206618e-11
2.46835009765625 3.2732672916952906e-11
2.46935009765625 1.5723425173429206e-11
2.47035009765625 5.291575079562191e-12
2.47135009765625 3.6703397165374836e-11
2.47235009765625 1.3962193134372355e-11
2.47335009765625 6.483878272199292e-12
2.47435009765625 2.4903736606444213e-11
2.47535009765625 3.810116365057053e-12
2.47635009765625 7.203900663951123e-12
2.47735009765625 1.2346728583489704e-11
2.47835009765625 1.3595809634500164e-12
2.47935009765625 1.0213551118614734e-11
2.48035009765625 8.434776569378043e-12
2.48135009765625 2.230023198407743e-11
2.48235009765625 2.293023462846545e-17
2.48335009765625 6.081977663074589e-12
2.48435009765625 4.2530500220657775e-12
2.48535009765625 3.8591719072202417e-13
2.48635009765625 3.65576230443523e-12
2.48735009765625 5.381550989448277e-12
2.48835009765625 4.7603746831493605e-12
2.48935009765625 4.143550491808569e-12
2.49035009765625 1.1580476172158824e-12
2.49135009765625 4.689908541943248e-12
2.49235009765625 5.595895783736881e-13
2.49335009765625 3.198914857604871e-12
2.49435009765625 3.709362424765295e-12
2.49535009765625 1.21155337661245e-12
2.49635009765625 1.3507062130893705e-12
2.49735009765625 2.0372718075291156e-12
2.49835009765625 2.0200288531095007e-12
2.49935009765625 1.1350375174116783e-12
2.50035009765625 3.1900632952530545e-12
2.50135009765625 3.615863771467508e-13
2.50235009765625 9.383492673660518e-13
2.50335009765625 1.593678690202558e-12
2.50435009765625 8.033514792671103e-13
2.50535009765625 7.359338662768066e-13
2.50635009765625 9.755699431805185e-13
2.50735009765625 6.811319462261583e-13
2.50835009765625 1.298850726997739e-12
2.50935009765625 1.1640404024888732e-12
2.51035009765625 1.869139243678491e-13
2.51135009765625 6.39962495514433e-13
2.51235009765625 3.834919615277856e-13
2.51335009765625 6.646860538032793e-13
2.51435009765625 3.438654977396724e-13
2.51535009765625 8.374031344183127e-13
2.51635009765625 2.63752829894186e-13
2.51735009765625 3.092667773270583e-13
2.51835009765625 4.156097846198314e-13
2.51935009765625 2.5724290272133746e-13
2.52035009765625 2.578266979008111e-13
2.52135009765625 1.246512781178821e-13
2.52235009765625 1.1620371629340568e-13
2.52335009765625 1.937043263685986e-13
2.52435009765625 1.8042937915192523e-13
2.52535009765625 6.025323056256613e-14
2.52635009765625 1.5281182014858677e-13
2.52735009765625 3.835940989270013e-14
2.52835009765625 7.937048268555098e-14
2.52935009765625 6.345562582239811e-14
2.53035009765625 9.537004871981964e-14
2.53135009765625 7.415616490811914e-14
2.53235009765625 6.927672985447683e-14
2.53335009765625 4.5531116014027105e-14
2.53435009765625 3.635287345766845e-14
2.53535009765625 3.274103983026641e-14
2.53635009765625 7.576188528750586e-14
2.53735009765625 5.211675473721536e-14
2.53835009765625 1.104219496211879e-14
2.53935009765625 4.969062708896353e-14
2.54035009765625 2.740502701167497e-14
2.54135009765625 4.430319464434191e-14
2.54235009765625 1.9435059443103142e-14
2.54335009765625 1.991370027713366e-14
2.54435009765625 2.5530994580371872e-14
2.54535009765625 5.271815756110231e-15
2.54635009765625 1.5373036246201448e-14
2.54735009765625 1.4850778882181115e-14
2.54835009765625 4.1225746863059405e-16
2.54935009765625 1.0138192159258555e-14
2.55035009765625 1.867111470701712e-14
2.55135009765625 1.8289561748447274e-14
2.55235009765625 1.1806879897715251e-14
2.55335009765625 1.8480017863921567e-14
2.55435009765625 7.601035547687978e-15
2.55535009765625 3.891313092860575e-15
2.55635009765625 2.1767358906332245e-15
2.55735009765625 7.397127995586462e-15
2.55835009765625 1.0934020069094876e-14
2.55935009765625 2.616482979734791e-16
2.56035009765625 2.426113278465223e-15
2.56135009765625 6.076808011984358e-15
2.56235009765625 1.4417672531561949e-15
2.56335009765625 1.636606465129035e-15
2.56435009765625 1.953957872677767e-15
2.56535009765625 1.3336982889052088e-15
2.56635009765625 1.848404404137593e-15
2.56735009765625 2.688211164842409e-15
2.56835009765625 1.6999175703369454e-15
2.56935009765625 1.7152766740267953e-15
2.57035009765625 7.01424625808346e-16
2.57135009765625 1.2184458538375877e-15
2.57235009765625 1.1886369655638956e-15
2.57335009765625 5.623359732953915e-16
2.57435009765625 7.56624901790476e-16
2.57535009765625 3.3133591096347346e-16
2.57635009765625 1.222414934006156e-15
2.57735009765625 1.4689906118307755e-15
2.57835009765625 7.565156055405384e-16
2.57935009765625 7.468369901109511e-16
2.58035009765625 2.7557842845586243e-16
2.58135009765625 6.169325562563155e-16
2.58235009765625 1.21767351916413e-16
2.58335009765625 5.621566462474621e-16
2.58435009765625 5.059848762216208e-16
2.58535009765625 1.9183262865690184e-16
2.58635009765625 1.9522700312281541e-16
2.58735009765625 3.7574732985330883e-16
2.58835009765625 1.26084135496612e-16
2.58935009765625 2.6492109109701115e-16
2.59035009765625 9.550252809646444e-17
2.59135009765625 5.887404443252678e-17
2.59235009765625 5.0007198926863395e-17
2.59335009765625 6.985644633000173e-17
2.59435009765625 4.02510297114589e-17
2.59535009765625 4.1127062256559874e-17
2.59635009765625 7.928087370447256e-17
2.59735009765625 1.6534446384158324e-17
2.59835009765625 2.3582667827480755e-17
2.59935009765625 5.487078865621756e-17
2.60035009765625 3.33224666039842e-17
