Wavelength_microns Throughput
0.55 4.1933950391705415e-06
0.551 4.794296947072668e-06
0.552 5.442201444133248e-06
0.553 6.24278913526349e-06
0.554 7.117114889848667e-06
0.555 7.95418389664056e-06
0.556 8.251898654262424e-06
0.557 8.334302366168104e-06
0.558 6.9874165214965175e-06
0.559 4.775111661953341e-06
0.56 5.143134979098094e-06
0.561 5.841824267241019e-06
0.562 5.43747302333649e-06
0.563 5.068861111879365e-06
0.564 5.725846147296323e-06
0.565 6.511206788985142e-06
0.566 7.126351632806226e-06
0.567 7.146121425891309e-06
0.568 7.415978943927293e-06
0.569 7.68592985101481e-06
0.57 7.499733582104829e-06
0.571 7.823045148834645e-06
0.572 9.182563185921265e-06
0.573 1.0821071049496344e-05
0.574 1.1603969187682335e-05
0.575 1.2777987032057205e-05
0.576 1.5204119927305198e-05
0.577 1.723856829198089e-05
0.578 1.7920472317208376e-05
0.579 1.858397600174648e-05
0.58 2.058310360438138e-05
0.581 2.5375617265274e-05
0.582 3.4211027783314184e-05
0.583 5.097893803196419e-05
0.584 8.993103237958251e-05
0.585 0.0001826133785138271
0.586 0.0003345097446092051
0.587 0.00044452587728795715
0.588 0.00041189981970772517
0.589 0.0002670899878745699
0.59 0.00013991233475890455
0.591 7.81268916984973e-05
0.592 5.398341066418856e-05
0.593 4.098722604910949e-05
0.594 3.375290408964217e-05
0.595 3.2664455946913076e-05
0.596 3.0261639394143e-05
0.597 3.074895628265822e-05
0.598 3.306511621075427e-05
0.599 3.40842524754815e-05
0.6 3.665747810374128e-05
0.601 4.096169233273797e-05
0.602 4.777065581626115e-05
0.603 5.844039061980772e-05
0.604 7.13214330799436e-05
0.605 8.305750230772283e-05
0.606 9.5691400987785e-05
0.607 0.0001071952496905876
0.608 0.0001106402796264994
0.609 0.00010719072007765654
0.61 9.909115483762939e-05
0.611 8.781212866308685e-05
0.612 7.451351357796618e-05
0.613 6.342851520931022e-05
0.614 5.442738953916185e-05
0.615 4.899639024706135e-05
0.616 4.4494649656032e-05
0.617 4.201568341550852e-05
0.618 4.158134700918995e-05
0.619 3.8876898802541906e-05
0.62 3.6246086978114765e-05
0.621 3.458954992586259e-05
0.622 3.871848716598838e-05
0.623 4.166682988296024e-05
0.624 4.649588721602304e-05
0.625 5.542107266904821e-05
0.626 6.858628014118026e-05
0.627 8.969196436285385e-05
0.628 0.00012592962100583128
0.629 0.00018546668744988287
0.63 0.0002771509632669148
0.631 0.0003920068549354472
0.632 0.00047694599785226034
0.633 0.00048230792326151706
0.634 0.00041082221147167327
0.635 0.0003193987410361372
0.636 0.00024821229671488946
0.637 0.0002070395769164628
0.638 0.00018653399531180925
0.639 0.00018060836224177365
0.64 0.00019090938243732344
0.641 0.00021126267418843943
0.642 0.00024047701743459355
0.643 0.0002709489331882364
0.644 0.00029575902523509037
0.645 0.000299544320182473
0.646 0.0002733752829320159
0.647 0.00022818278572209137
0.648 0.00017890728489540857
0.649 0.00014220669610530632
0.65 0.00011571996801059042
0.651 9.541021251356139e-05
0.652 8.247544940110532e-05
0.653 7.950140880082338e-05
0.654 7.870984671308317e-05
0.655 8.111257381980765e-05
0.656 8.776274931280041e-05
0.657 0.00010315185949337167
0.658 0.00012167425922492594
0.659 0.0001466220707628334
0.66 0.0001768592064523149
0.661 0.00020778457740222022
0.662 0.0002193571922491426
0.663 0.00020913960820453063
0.664 0.00018738901243001987
0.665 0.00016476280966623165
0.666 0.00014181862771790274
0.667 0.00012222048447676167
0.668 0.00011308413844090637
0.669 0.00010827196779656601
0.67 0.00010717489172837132
0.671 0.00010801704651735229
0.672 0.00011977679537438232
0.673 0.00013892998835599783
0.674 0.0001649665030299205
0.675 0.0001893999474492444
0.676 0.00021316462934155002
0.677 0.00022786647833691708
0.678 0.00023319313787611493
0.679 0.00022303266442398457
0.68 0.00019933638092791393
0.681 0.00016570926640221048
0.682 0.0001398717573908146
0.683 0.000130475891725111
0.684 0.0001261308808721726
0.685 0.00012106639691750755
0.686 0.00011731168738055217
0.687 0.00012075954178408063
0.688 0.00012725673486349359
0.689 0.00013212351416228482
0.69 0.00014207796985395507
0.691 0.00015162206727086286
0.692 0.00015253036675890293
0.693 0.0001450801537663613
0.694 0.0001344196789940284
0.695 0.00012088473315378818
0.696 0.00010361614865391087
0.697 9.15824504627179e-05
0.698 8.371034573358226e-05
0.699 7.768733478997354e-05
0.7 7.206575647481521e-05
0.701 6.551512791740335e-05
0.702 6.208895087841274e-05
0.703 6.548771003239436e-05
0.704 7.578573496388502e-05
0.705 8.842702833711561e-05
0.706 0.00010447464778472188
0.707 0.00012262039697815368
0.708 0.00014578387479618378
0.709 0.00018428587700861985
0.71 0.00025605936347299215
0.711 0.0003753979370586341
0.712 0.0005547758312002987
0.713 0.0007998848976713772
0.714 0.001129551894949891
0.715 0.001467919772309782
0.716 0.0016671767021325871
0.717 0.0015709214203465474
0.718 0.0012645239561296915
0.719 0.0009206710116679226
0.72 0.0006496262865127236
0.721 0.0004481326275509907
0.722 0.0003091358642935082
0.723 0.00022909931654276753
0.724 0.00016742088295623015
0.725 0.00012739005595976177
0.726 0.00010187877225285264
0.727 8.581214288140338e-05
0.728 6.922820097786533e-05
0.729 5.3533713041100784e-05
0.73 4.896292333470927e-05
0.731 4.655337231381377e-05
0.732 4.400298390123402e-05
0.733 4.0224021412534255e-05
0.734 4.423942223693944e-05
0.735 4.598690282683569e-05
0.736 4.150994114000301e-05
0.737 4.3604359545167556e-05
0.738 5.3455767762534716e-05
0.739 6.735849402369962e-05
0.74 7.400558175045925e-05
0.741 9.245661001271718e-05
0.742 0.00012188600821753142
0.743 0.00017553811728854266
0.744 0.0002619313553851208
0.745 0.000398088062301235
0.746 0.000594253908980555
0.747 0.0008527234501922699
0.748 0.0011199178100313172
0.749 0.0013141393600010862
0.75 0.001393493705843139
0.751 0.001445737505999412
0.752 0.0016933077036378795
0.753 0.0022857454338532424
0.754 0.0029471981683651706
0.755 0.0029403779952937143
0.756 0.0020827057422592734
0.757 0.0010263556007813332
0.758 0.00042136072729368515
0.759 0.0002068429706319284
0.76 0.00011779287781515767
0.761 6.652863693672252e-05
0.762 3.9784044099882455e-05
0.763 3.230040649731316e-05
0.764 2.241248422795155e-05
0.765 1.2629515407365369e-05
0.766 1.2147842611181867e-05
0.767 1.2968373848203737e-05
0.768 1.2708221668812826e-05
0.769 8.703219548004879e-06
0.77 9.04262244503089e-06
0.771 7.552299577167013e-06
0.772 9.536947230290539e-06
0.773 9.219537390160045e-06
0.774 4.149842467527233e-06
0.775 5.426529949859515e-06
0.776 7.851227942546382e-06
0.777 1.431299972365421e-05
0.778 5.566062356600629e-06
0.779 6.46807178452141e-06
0.78 9.045093622572123e-06
0.781 1.3368824193176035e-05
0.782 7.611924888139734e-06
0.783 1.4712288262086226e-05
0.784 1.4726293433892445e-05
0.785 1.1376742686386871e-05
0.786 9.809930782170196e-06
0.787 1.5306946064550866e-05
0.788 2.378929249319081e-05
0.789 4.4050303477436215e-05
0.79 8.635062083981925e-05
0.791 0.00013167816228543778
0.792 0.00015279848433205197
0.793 0.00012564140984361896
0.794 8.345078364937396e-05
0.795 5.593849800137187e-05
0.796 4.112847516179278e-05
0.797 0.0
0.798 0.00029144065584832434
0.799 0.0008473926556331062
0.8 0.0017967891598340818
0.801 0.0013214706348557298
0.802 0.001959581469703052
0.803 0.0017556911051098505
0.804 0.0017900199772373589
0.805 0.00037638159566793334
0.806 0.0001452328765543248
0.807 0.00065906108371222
0.808 0.0015063688464881113
0.809 0.0016719418469215777
0.81 0.0008147947578709954
0.811 0.0010336758733699891
0.812 0.0009638878891626853
0.813 0.0014022284111537085
0.814 0.001336097681685213
0.815 0.0014927262774399193
0.816 0.0010451187054624624
0.817 0.001173278464074998
0.818 0.001090413245573277
0.819 0.000879564575661247
0.82 0.001218677993890439
0.821 0.0019778567221004537
0.822 0.0016542742731059537
0.823 0.0004942380638709332
0.824 0.0
0.825 0.00020895696599299612
0.826 0.0013117082933607283
0.827 0.0016198749363327994
0.828 0.000723276593550887
0.829 4.496119826891467e-06
0.83 0.0004691491344092894
0.831 0.0009028744748784246
0.832 0.0011630348060096593
0.833 0.001021199119234527
0.834 0.0009955580255126308
0.835 0.0009067204479802915
0.836 0.0009643390460162657
0.837 0.000896646304061733
0.838 0.001120891474861963
0.839 0.0011583228449069188
0.84 0.0009332713157060251
0.841 0.0007607211503896219
0.842 0.0009141962492120822
0.843 0.0008019890593284985
0.844 0.0006899300918824733
0.845 0.0006227112568215245
0.846 0.0007787630133567071
0.847 0.001074651582453367
0.848 0.0011864252381950861
0.849 0.0008770759704480747
0.85 0.0007654299906813246
0.851 0.0009825272479568503
0.852 0.0011363517292870297
0.853 0.001158338472171273
0.854 0.0013478572695888758
0.855 0.0009022124935142464
0.856 0.0005063684763761407
0.857 0.0003155837992839255
0.858 0.0008154536543518086
0.859 0.001019457106113055
0.86 0.001373621621597296
0.861 0.0009026662261287794
0.862 0.0007214381766755322
0.863 0.0005049902100446221
0.864 0.0009279690435348318
0.865 0.0009820086676737797
0.866 0.0010965845358751965
0.867 0.0006233093885987716
0.868 0.0007611027839974279
0.869 0.0010232583705584073
0.87 0.0012260915234884237
0.871 0.0009686943288847388
0.872 0.0010935123614581926
0.873 0.0010967627914710977
0.874 0.000950193905020432
0.875 0.0009383653415659613
0.876 0.001043865339360056
0.877 0.001069671238710666
0.878 0.0010044242634346552
0.879 0.0009623121333557802
0.88 0.0008712091708854607
0.881 0.0007543773074872469
0.882 0.0007301403767396209
0.883 0.0007710970830669282
0.884 0.0006899846668888607
0.885 0.0005659658699320481
0.886 0.0006324514179891574
0.887 0.0007905885570464656
0.888 0.0006864717100659132
0.889 0.0005651585098729753
0.89 0.0007225678691269902
0.891 0.0008371084622177859
0.892 0.0008151636861324422
0.893 0.0008547255848062829
0.894 0.0009507144477355488
0.895 0.0009761789633020024
0.896 0.0009663009303472192
0.897 0.0009134815350884721
0.898 0.0008935069204641831
0.899 0.0008974008767023236
0.9 0.0009508465167854484
0.901 0.001051820670233086
0.902 0.0010855021338476508
0.903 0.0010526734704611265
0.904 0.0010055108201239824
0.905 0.000997797220740457
0.906 0.0008843943639886425
0.907 0.0007652306620521288
0.908 0.0007878282966819602
0.909 0.0008423615703867399
0.91 0.0007731475095712121
0.911 0.000652694521904991
0.912 0.0006771624185031741
0.913 0.0008040470953131626
0.914 0.0007716650552608068
0.915 0.0006730434598427246
0.916 0.0005400143536120088
0.917 0.0004293978253952382
0.918 0.00044419656261208843
0.919 0.0005670097509931512
0.92 0.0006422414138813528
0.921 0.0006047809829427073
0.922 0.0005731320678470245
0.923 0.0006500277456680631
0.924 0.0007704807116417547
0.925 0.0008598459915162644
0.926 0.0008694698566884087
0.927 0.0009965237046650776
0.928 0.0011332215779519094
0.929 0.0012510743735378075
0.93 0.0012811772837962023
0.931 0.001368939163359307
0.932 0.0015447129172222566
0.933 0.001709199213287695
0.934 0.0017913629121628111
0.935 0.0018365727969456617
0.936 0.0019349059710920627
0.937 0.0020571277518806603
0.938 0.0021533922975883507
0.939 0.0022314909772741497
0.94 0.002256901079729888
0.941 0.002255129990070053
0.942 0.0022583499298442582
0.943 0.002299728484523808
0.944 0.0022691525456317997
0.945 0.0022298191658060742
0.946 0.0021781225097637245
0.947 0.0021157303534696096
0.948 0.0020261820335623275
0.949 0.0019482184529978344
0.95 0.001861814765547407
0.951 0.0017688766712539526
0.952 0.001716942107123935
0.953 0.0016479291971355989
0.954 0.0015447896483044633
0.955 0.0014812572739694395
0.956 0.001441043435621962
0.957 0.0013924065942013326
0.958 0.0013451936959656392
0.959 0.0013389496043746186
0.96 0.0013315140096498996
0.961 0.0013677549099200327
0.962 0.0014561402278435087
0.963 0.0015651512163976017
0.964 0.0016299498981220645
0.965 0.0017471050629552461
0.966 0.0019204376058392632
0.967 0.0021281164543542662
0.968 0.002351460175437624
0.969 0.002650372816798674
0.97 0.003069683725585964
0.971 0.0035433678245002974
0.972 0.004102686135477199
0.973 0.004799660764214688
0.974 0.005663509692732118
0.975 0.006640289469487943
0.976 0.007893306725899187
0.977 0.009372936404190796
0.978 0.011136619675151008
0.979 0.013154704068014752
0.98 0.015729209287382796
0.981 0.01855311953814579
0.982 0.02189795613143947
0.983 0.025671629611416405
0.984 0.029962074876130288
0.985 0.035065941619191895
0.986 0.04041553681575609
0.987 0.046220161141662795
0.988 0.05239088809692372
0.989 0.059729435196330755
0.99 0.06738742761992451
0.991 0.07528033052200234
0.992 0.08464001089676039
0.993 0.09368566493849001
0.994 0.1027444299127188
0.995 0.11170190070287866
0.996 0.12261129145746823
0.997 0.13337025141068934
0.998 0.1442425350521762
0.999 0.155098848209575
1.0 0.16500323038242307
1.001 0.17466231393308582
1.002 0.18442011397096708
1.003 0.19429815180342294
1.004 0.20419331053191125
1.005 0.2130367946151266
1.006 0.2212045969146816
1.007 0.22773003668872233
1.008 0.23481568247286813
1.009 0.24124621601866264
1.01 0.2473935676918656
1.011 0.25371878541501847
1.012 0.25976265279058575
1.013 0.26483770728494577
1.014 0.2692211244275402
1.015 0.273429504357521
1.016 0.27613389121694815
1.017 0.2789195295302237
1.018 0.2822586767657705
1.019 0.2856917125947385
1.02 0.28880665901855535
1.021 0.2916433232404789
1.022 0.2943449261416405
1.023 0.2954081918101957
1.024 0.29687848045607207
1.025 0.2974919546339625
1.026 0.2982483776427755
1.027 0.299203379741826
1.028 0.30080844503284965
1.029 0.302649897619049
1.03 0.30366287086174704
1.031 0.3047216430926118
1.032 0.30580584402575356
1.033 0.30640890471456905
1.034 0.30736466385337247
1.035 0.30813008617683146
1.036 0.3090603297274272
1.037 0.31044520664055253
1.038 0.31103641362933926
1.039 0.3115061307703106
1.04 0.3108976020652724
1.041 0.31124656260494327
1.042 0.31138904595516687
1.043 0.31258552360454317
1.044 0.3137068679763237
1.045 0.31460524094105297
1.046 0.31449942813963594
1.047 0.3145933337273351
1.048 0.3156358797437701
1.049 0.3154627760951004
1.05 0.3150211444417311
1.051 0.31515316636859736
1.052 0.3164201940770076
1.053 0.3173759480305958
1.054 0.3173701219212158
1.055 0.3174943686626055
1.056 0.3162784540019992
1.057 0.315716968842815
1.058 0.3155910620977851
1.059 0.31601089905156104
1.06 0.31676541247817297
1.061 0.31679720659665017
1.062 0.3173194488996517
1.063 0.3172714124886524
1.064 0.3174142502543148
1.065 0.3169057852807949
1.066 0.3175468593589559
1.067 0.3181247513979123
1.068 0.3188861785143274
1.069 0.31954894628678626
1.07 0.3187325896449388
1.071 0.3181338623770939
1.072 0.3184728717874448
1.073 0.31884696402386853
1.074 0.31951712639252344
1.075 0.3206409947248747
1.076 0.322960537696959
1.077 0.3240854156170309
1.078 0.32501022135233115
1.079 0.32669131476056856
1.08 0.3277306950447538
1.081 0.3286191779316381
1.082 0.3294786729516905
1.083 0.3300319986417659
1.084 0.3304618265300538
1.085 0.331423608813114
1.086 0.33280482469787065
1.087 0.3341957699556128
1.088 0.3343656508604846
1.089 0.33430615246267126
1.09 0.33421588250554185
1.091 0.33508246798322133
1.092 0.3371932336153014
1.093 0.33859095542976364
1.094 0.33920138798274474
1.095 0.33863973190371205
1.096 0.33885748712086855
1.097 0.33910430095386807
1.098 0.33950287277016267
1.099 0.34003879596636355
1.1 0.3408564976037446
1.101 0.3418084559934408
1.102 0.3420644551528395
1.103 0.34202986640500305
1.104 0.34266138648273387
1.105 0.342780262540907
1.106 0.3427883597909605
1.107 0.34310166400584635
1.108 0.3449030534908843
1.109 0.34478657497397636
1.11 0.34453947804540874
1.111 0.34470089330393483
1.112 0.34510793550140195
1.113 0.34474125708397074
1.114 0.34460850649576347
1.115 0.34552032090619594
1.116 0.3459778613483656
1.117 0.346070713307898
1.118 0.3465708667562695
1.119 0.34673924121598654
1.12 0.3461190794873022
1.121 0.3450823871199534
1.122 0.3451191495154693
1.123 0.344483027186642
1.124 0.3442732420030644
1.125 0.3452498716056429
1.126 0.3460953416072372
1.127 0.34547277238319685
1.128 0.3445118778335712
1.129 0.34394372577092885
1.13 0.3450347690967586
1.131 0.34603133068259895
1.132 0.34680384228677463
1.133 0.34638913241894964
1.134 0.3463239902473656
1.135 0.3465194687186757
1.136 0.3468223075200493
1.137 0.3472112674562098
1.138 0.348097723928786
1.139 0.3481375584040678
1.14 0.3489861616457358
1.141 0.35084538027504825
1.142 0.35280449824922866
1.143 0.3537001803096154
1.144 0.3535399426858727
1.145 0.35376558857539125
1.146 0.3542392457101001
1.147 0.35571390550911186
1.148 0.35752246311981767
1.149 0.35770012442107507
1.15 0.35785330217128875
1.151 0.3580337369823746
1.152 0.359254657453675
1.153 0.35952966664452224
1.154 0.35973066892995187
1.155 0.360626805214362
1.156 0.3608948265791806
1.157 0.36221673558300116
1.158 0.363027050387613
1.159 0.36373703750313563
1.16 0.3636091310527447
1.161 0.3632074055073581
1.162 0.3637634264832175
1.163 0.3646121385625646
1.164 0.3656488571765808
1.165 0.36607186199831493
1.166 0.3660804681502705
1.167 0.3658532291945924
1.168 0.3657420850477829
1.169 0.36575885975650235
1.17 0.36544976718071503
1.171 0.36505662798150545
1.172 0.3642969511118723
1.173 0.36432012420331156
1.174 0.3638082872434544
1.175 0.3636673802854819
1.176 0.3617106283371107
1.177 0.3598024390020504
1.178 0.3576916789733166
1.179 0.35501072905697123
1.18 0.35196022577610275
1.181 0.34846482273005697
1.182 0.3442706208097085
1.183 0.3381472535329765
1.184 0.3302469153840468
1.185 0.3225094025820355
1.186 0.3137435213239898
1.187 0.3039344335215053
1.188 0.292910933327656
1.189 0.2825394828174976
1.19 0.2730169520121934
1.191 0.26230706726645214
1.192 0.2512999581578544
1.193 0.2410440549741325
1.194 0.23170384846706316
1.195 0.22368583533547737
1.196 0.217154734159708
1.197 0.21244722509994238
1.198 0.21078290716658105
1.199 0.2114237283107834
1.2 0.21288613577208082
1.201 0.21557355797268415
1.202 0.22016605272036982
1.203 0.2269498370072263
1.204 0.23494858264789628
1.205 0.24369416875452252
1.206 0.25385571293434345
1.207 0.2643426566631687
1.208 0.27495503870434723
1.209 0.28624367614444707
1.21 0.2985642646087952
1.211 0.3099487625292942
1.212 0.32006867722427196
1.213 0.3300385067556203
1.214 0.33887305496638265
1.215 0.3463257551522871
1.216 0.3525430122833113
1.217 0.3585819029139756
1.218 0.3642079452808898
1.219 0.36853104978323264
1.22 0.3711857008682035
1.221 0.3726678130156081
1.222 0.3745621504669007
1.223 0.37611966152914705
1.224 0.37649212810433985
1.225 0.3767973449291799
1.226 0.37745264329152245
1.227 0.3782752155579583
1.228 0.3785887191674974
1.229 0.3785058014454862
1.23 0.3779295635259417
1.231 0.3773161643092286
1.232 0.37764768429559614
1.233 0.3783558025760925
1.234 0.37887328722331926
1.235 0.37883207800242485
1.236 0.3787459149745358
1.237 0.3794960412425718
1.238 0.3794147442353994
1.239 0.37924283242583473
1.24 0.3792110078189687
1.241 0.379797566512449
1.242 0.380962623447789
1.243 0.3813348368091338
1.244 0.3815213841484372
1.245 0.3809607707659518
1.246 0.3809910162541787
1.247 0.38076597704920073
1.248 0.38094998903490396
1.249 0.3813972091638275
1.25 0.38204048089571574
1.251 0.38226108029509087
1.252 0.38228322048254115
1.253 0.38253153232257214
1.254 0.38217503010381787
1.255 0.38212645293335307
1.256 0.381988857632016
1.257 0.381994168556801
1.258 0.382144290038845
1.259 0.38308489616472546
1.26 0.38360768741956375
1.261 0.38375806369247256
1.262 0.3836978340910576
1.263 0.3834303242761723
1.264 0.3834547445307259
1.265 0.3839991769724945
1.266 0.3845106066216502
1.267 0.38496831911364054
1.268 0.3846927696275922
1.269 0.3841576055697834
1.27 0.38364878178730516
1.271 0.38384974257353915
1.272 0.3839392210344134
1.273 0.38390163225373297
1.274 0.38392722838783233
1.275 0.3844495765393795
1.276 0.3845435977694954
1.277 0.3847993452718427
1.278 0.38470150539995057
1.279 0.384012978528017
1.28 0.3833922853106557
1.281 0.38423038812334587
1.282 0.38466410043102384
1.283 0.3851401732241105
1.284 0.38525050914821096
1.285 0.3853997410049695
1.286 0.38492796761671405
1.287 0.38434260445530055
1.288 0.3839976164503696
1.289 0.383869630588229
1.29 0.38356619922079094
1.291 0.383338964642036
1.292 0.38407944910973957
1.293 0.3848022753324798
1.294 0.38455587434832006
1.295 0.383555919890882
1.296 0.3827322931463102
1.297 0.38355488837450713
1.298 0.3853810044697869
1.299 0.38773749597498747
1.3 0.38799490102128686
1.301 0.38759770579660424
1.302 0.38640774847389864
1.303 0.3859135129849838
1.304 0.38559054889288835
1.305 0.3859485528102123
1.306 0.3860044997870922
1.307 0.38620772034486156
1.308 0.3866132271896385
1.309 0.38722035951752226
1.31 0.38750004570211694
1.311 0.3882214558936707
1.312 0.38862271434297785
1.313 0.38945533937743243
1.314 0.38980259663743544
1.315 0.3909751850451595
1.316 0.39181398219551056
1.317 0.391772000404741
1.318 0.391319651654408
1.319 0.39184395616159856
1.32 0.39248897065071137
1.321 0.39263106686909655
1.322 0.39191803409469506
1.323 0.3922240050367127
1.324 0.39403018011591623
1.325 0.3953361298651433
1.326 0.39514336297276653
1.327 0.39456230634820244
1.328 0.3939898887543671
1.329 0.3936884578117837
1.33 0.39435458046688543
1.331 0.39527224142783307
1.332 0.39594594797172167
1.333 0.3956660514151755
1.334 0.39498505799480405
1.335 0.3946995558400323
1.336 0.3948421821098969
1.337 0.39574107287327015
1.338 0.39631296180835557
1.339 0.3963884843281823
1.34 0.39655194514782016
1.341 0.39744228398577325
1.342 0.3979792118820051
1.343 0.3981574163699345
1.344 0.39802213495510125
1.345 0.39776918112371146
1.346 0.3982947098793378
1.347 0.3987188107183846
1.348 0.39985958231336927
1.349 0.4006278000549039
1.35 0.40011327348674697
1.351 0.3996419195273552
1.352 0.3991802112936023
1.353 0.3994080883757099
1.354 0.40066961306658705
1.355 0.4014163132568468
1.356 0.40168186971541747
1.357 0.4018552555503307
1.358 0.4023293828981242
1.359 0.4019434535911144
1.36 0.4008802337249749
1.361 0.4002041323267044
1.362 0.40074498873273157
1.363 0.40157213367152716
1.364 0.40214259651218537
1.365 0.40217463598504355
1.366 0.40116694301544237
1.367 0.39929711796497486
1.368 0.39806581892543336
1.369 0.3977141641936156
1.37 0.3987330355020715
1.371 0.39874893019957647
1.372 0.39777850920425334
1.373 0.3963216877553811
1.374 0.39477247774756974
1.375 0.39359711059321656
1.376 0.3930590526921928
1.377 0.39231444163737794
1.378 0.39087969170046394
1.379 0.3895727760327919
1.38 0.3887967052771087
1.381 0.3877897930492854
1.382 0.3871566520977405
1.383 0.3858975059303045
1.384 0.38467081160571814
1.385 0.38474981151980514
1.386 0.3852555721056966
1.387 0.38562833940571734
1.388 0.38506658644423103
1.389 0.3846554444854579
1.39 0.385510671353274
1.391 0.38595653429342763
1.392 0.3859141862673969
1.393 0.3866748485863993
1.394 0.3878133337466983
1.395 0.38898308439379303
1.396 0.3888771337762761
1.397 0.3890042579744687
1.398 0.39058372008040193
1.399 0.39129663700443507
1.4 0.39187073194939787
1.401 0.3926304378053918
1.402 0.3932734037187817
1.403 0.3935929317440161
1.404 0.3940874912396774
1.405 0.3944066506769176
1.406 0.39451353064330297
1.407 0.3946256370749905
1.408 0.39547802674500143
1.409 0.396551932180969
1.41 0.3976418806325548
1.411 0.3986454238507349
1.412 0.39983126284186216
1.413 0.40058105155963664
1.414 0.40135732628355636
1.415 0.4010251400266748
1.416 0.4014521933212115
1.417 0.40262638259164674
1.418 0.4035976049676332
1.419 0.4035909353547925
1.42 0.40259647767810325
1.421 0.40246361094376637
1.422 0.4017624145792641
1.423 0.40075411980414033
1.424 0.3989536885769934
1.425 0.3972277801556787
1.426 0.39531019886894775
1.427 0.392969653353156
1.428 0.389615716281933
1.429 0.38569870467444
1.43 0.38245032120099515
1.431 0.3782546333166878
1.432 0.37296816709850117
1.433 0.3677433062006365
1.434 0.3623294785326258
1.435 0.35629440286337155
1.436 0.34927912072388545
1.437 0.34348081499586575
1.438 0.3364447613278895
1.439 0.32885788384863895
1.44 0.3197567249577057
1.441 0.3121264582129156
1.442 0.3051936132047945
1.443 0.2970057331001042
1.444 0.28830926448700145
1.445 0.27986366770439874
1.446 0.2715806447207496
1.447 0.26460823342947515
1.448 0.2580375582041361
1.449 0.2526457278918376
1.45 0.24721298099941372
1.451 0.24279752206237515
1.452 0.2391240794808302
1.453 0.23563469654718158
1.454 0.2335713306069999
1.455 0.2331254903127665
1.456 0.23436206793749934
1.457 0.2357811622959911
1.458 0.23864158796286616
1.459 0.24304736646095962
1.46 0.24880499512015294
1.461 0.2550903783870741
1.462 0.2618380960502626
1.463 0.2701876758402457
1.464 0.2792911376175289
1.465 0.29094191954082904
1.466 0.30210958425872375
1.467 0.31351297578606213
1.468 0.3227231593297834
1.469 0.3326795352869774
1.47 0.3425850009264413
1.471 0.3531309472195797
1.472 0.36392400931185703
1.473 0.37411269122824675
1.474 0.3835831679985458
1.475 0.3911082301286669
1.476 0.39828229299413215
1.477 0.403362798834154
1.478 0.4080164485651393
1.479 0.41165958427563015
1.48 0.41571505478651916
1.481 0.41869100297501366
1.482 0.42111278161402527
1.483 0.4232381128881834
1.484 0.4255457261387418
1.485 0.42564156685123666
1.486 0.42602527011687924
1.487 0.4253087936626246
1.488 0.4257581593596195
1.489 0.42635986742568466
1.49 0.4276617439438622
1.491 0.42819802325439865
1.492 0.42821617983959376
1.493 0.42763796011433397
1.494 0.42643310041871313
1.495 0.4261803230278011
1.496 0.4257126156792212
1.497 0.4267147462686903
1.498 0.42770432435333844
1.499 0.42823924836215926
1.5 0.42771298396585455
1.501 0.4276740343369191
1.502 0.42755572398502856
1.503 0.4273099944055828
1.504 0.4273119783531806
1.505 0.4282683105101696
1.506 0.4301099889310896
1.507 0.4302367574926828
1.508 0.43065031968683976
1.509 0.4310594693184767
1.51 0.43101179760405983
1.511 0.4315913354775203
1.512 0.4317958827563168
1.513 0.43240860239555895
1.514 0.4329963463065787
1.515 0.43358192409740937
1.516 0.43418363869649806
1.517 0.43449783316533086
1.518 0.43432590684057193
1.519 0.4335634693673749
1.52 0.43287020950716376
1.521 0.43262235790673786
1.522 0.43306885428513775
1.523 0.4344989723671597
1.524 0.4355082135367128
1.525 0.43518841510094636
1.526 0.43498250544704814
1.527 0.43550907079763085
1.528 0.4365866742051018
1.529 0.43674750723787453
1.53 0.43739275845520853
1.531 0.4373365246389108
1.532 0.4385567253447169
1.533 0.4385589200263069
1.534 0.43806986227291805
1.535 0.4377660362894373
1.536 0.4375969678024291
1.537 0.4380165131875564
1.538 0.4388404576901607
1.539 0.43962069060051084
1.54 0.4396547611339359
1.541 0.43930749292689664
1.542 0.43883603276425404
1.543 0.4374619373209462
1.544 0.43666278218536153
1.545 0.4364168992740607
1.546 0.43774253946445224
1.547 0.43855008391291533
1.548 0.4390686176667269
1.549 0.43939688209979666
1.55 0.4391118305072474
1.551 0.43838971384965014
1.552 0.43843769286760637
1.553 0.4391290280256925
1.554 0.4394339241636502
1.555 0.4403813563132757
1.556 0.4411685956059658
1.557 0.4409397683771187
1.558 0.43964438150694995
1.559 0.43855928027342295
1.56 0.43864575072851786
1.561 0.439207676512329
1.562 0.4397848954312356
1.563 0.4403984957455384
1.564 0.44190478583691467
1.565 0.44183249240456296
1.566 0.44014946068425687
1.567 0.4389720473404163
1.568 0.4385662523797358
1.569 0.43878829574395994
1.57 0.43894268883656395
1.571 0.4392194238500013
1.572 0.4398671872198317
1.573 0.4398545774483597
1.574 0.4393220422481953
1.575 0.4383448872752351
1.576 0.4381336232356573
1.577 0.4382421071386308
1.578 0.43863618989830216
1.579 0.4393918347926467
1.58 0.4401276641535598
1.581 0.4406467284331565
1.582 0.43881959823261135
1.583 0.43754689529517005
1.584 0.43769812013182474
1.585 0.438838231706536
1.586 0.4386302374547446
1.587 0.4379977375237184
1.588 0.438109862495689
1.589 0.43766013460781206
1.59 0.4372265680383326
1.591 0.43624966455534897
1.592 0.4364339048439661
1.593 0.4366810160881195
1.594 0.4370408724883187
1.595 0.4370902226505076
1.596 0.4372106754131304
1.597 0.4380450366236594
1.598 0.4374587156456894
1.599 0.43699106162528745
1.6 0.43659677665846985
1.601 0.4369583775788378
1.602 0.4381144964663864
1.603 0.43988311482124687
1.604 0.44164595868013096
1.605 0.4408428144277
1.606 0.43985343097936225
1.607 0.438829558419977
1.608 0.4385727621011844
1.609 0.4388002846436936
1.61 0.4396409622724208
1.611 0.4402223895055359
1.612 0.4394213298958393
1.613 0.43974772527460976
1.614 0.44060316335819605
1.615 0.4412074957589909
1.616 0.4399368068312332
1.617 0.4394640221788787
1.618 0.4402828541640487
1.619 0.44172232365970165
1.62 0.4426420258108005
1.621 0.44279443216026865
1.622 0.4418253384280959
1.623 0.4410417201782909
1.624 0.4404114097098628
1.625 0.4417457689856608
1.626 0.4436246489116319
1.627 0.44521156904070125
1.628 0.4451043296306218
1.629 0.44607318414916713
1.63 0.4459572759713374
1.631 0.44386676632624733
1.632 0.4423247499835781
1.633 0.44255852514692173
1.634 0.4438764500660714
1.635 0.4446798263070747
1.636 0.44616793062644794
1.637 0.4458688486196949
1.638 0.44524782661511025
1.639 0.4440586953401621
1.64 0.4441806603516688
1.641 0.44487949199362165
1.642 0.4455988199385083
1.643 0.4450638680588752
1.644 0.4449311210749481
1.645 0.44459503476848583
1.646 0.44453844849520574
1.647 0.44402799545382166
1.648 0.44408880815177326
1.649 0.44318951548195773
1.65 0.44351395512522157
1.651 0.4445646146776106
1.652 0.4458368732280971
1.653 0.44560733253840684
1.654 0.44438461219928843
1.655 0.44372026500714445
1.656 0.44326360285047034
1.657 0.4430141429156818
1.658 0.4428113613390041
1.659 0.4435293717049291
1.66 0.44440134092411127
1.661 0.4438109308192286
1.662 0.4429692544270044
1.663 0.44253536551703376
1.664 0.4412367049011835
1.665 0.4403850396315074
1.666 0.4400538962281658
1.667 0.4405650572240255
1.668 0.4399673461809472
1.669 0.43941929534592605
1.67 0.43770787164211544
1.671 0.43608740943693464
1.672 0.4343374065200004
1.673 0.4343152838359708
1.674 0.4364127142424424
1.675 0.43844665510355657
1.676 0.4398879696514922
1.677 0.44033876165040114
1.678 0.4405555063949305
1.679 0.4411318829206823
1.68 0.442995275844174
1.681 0.44327550181512004
1.682 0.44275200396829795
1.683 0.443676988822712
1.684 0.4452517466849323
1.685 0.4470939612293779
1.686 0.4473169554268035
1.687 0.4467684456042189
1.688 0.44613449914899006
1.689 0.44695579501666777
1.69 0.44732573585284363
1.691 0.44786398490244905
1.692 0.44845235275073825
1.693 0.4496162809450297
1.694 0.4490967514186034
1.695 0.4487279041065952
1.696 0.44712287413667934
1.697 0.44711354079909577
1.698 0.44677579666129597
1.699 0.44705420394099027
1.7 0.44735359113936063
1.701 0.44844716565764015
1.702 0.44814618091149255
1.703 0.4465235619210441
1.704 0.44470892349047086
1.705 0.44363620390772895
1.706 0.44419177742254373
1.707 0.4443215542016319
1.708 0.44426325142816603
1.709 0.44408696240888434
1.71 0.4432405732231068
1.711 0.44265477959460936
1.712 0.4416444063978787
1.713 0.4405537159645393
1.714 0.43994862251579603
1.715 0.44044397471330105
1.716 0.4414019839158263
1.717 0.44185246840635284
1.718 0.4433494923098459
1.719 0.44354266529726977
1.72 0.4433478671466579
1.721 0.4422615325197436
1.722 0.44329948524220414
1.723 0.44423881459309733
1.724 0.44504811309855985
1.725 0.44627005600208874
1.726 0.44798349305257174
1.727 0.4492510624588327
1.728 0.447835724450287
1.729 0.4465780380973476
1.73 0.4454401943289149
1.731 0.4459960880533243
1.732 0.4465323222668364
1.733 0.44717764530587956
1.734 0.44726494687620233
1.735 0.4467578728318152
1.736 0.44644492879500897
1.737 0.4458933974344849
1.738 0.44652579783123725
1.739 0.4470107789898455
1.74 0.4475573807727542
1.741 0.4476999714824609
1.742 0.44812822816953696
1.743 0.4491091192194725
1.744 0.4489144077645246
1.745 0.44827869363909983
1.746 0.44768191517852546
1.747 0.4477254117623934
1.748 0.4478776380036035
1.749 0.4489743442003841
1.75 0.45081007439199516
1.751 0.45116672039793404
1.752 0.45052274407190995
1.753 0.4496983180476783
1.754 0.44916646059937276
1.755 0.4496366839537782
1.756 0.44999978264814094
1.757 0.45090553905640746
1.758 0.45037437168218536
1.759 0.4505905280212332
1.76 0.45045450480210186
1.761 0.4495780625607016
1.762 0.44819994630280224
1.763 0.4479593636158358
1.764 0.44872050931952534
1.765 0.44967631767293054
1.766 0.4503037303615811
1.767 0.45046220398435044
1.768 0.4490753711789031
1.769 0.44802254334296593
1.77 0.4469090852556545
1.771 0.44738863420642794
1.772 0.44746694041066404
1.773 0.4469331175423821
1.774 0.4473974175240992
1.775 0.449591871426948
1.776 0.4540752322527902
1.777 0.4523325282161117
1.778 0.4488244369167806
1.779 0.4459373097631014
1.78 0.44814889177029
1.781 0.4493978578265968
1.782 0.45082062120488414
1.783 0.4520138483951771
1.784 0.45210949641559756
1.785 0.4510518527344451
1.786 0.45044779644517613
1.787 0.45085090205439105
1.788 0.45165440976619375
1.789 0.4525367447942863
1.79 0.45308207190429667
1.791 0.4531854692548292
1.792 0.4525888451746169
1.793 0.45140434717202216
1.794 0.450722545893036
1.795 0.4506693201337145
1.796 0.4500656722611265
1.797 0.45054627341580183
1.798 0.45149874659759126
1.799 0.453153531834768
1.8 0.4532052972394596
1.801 0.4531435467626374
1.802 0.4529518508399726
1.803 0.4527207223545697
1.804 0.4527622456890969
1.805 0.4531696100764932
1.806 0.4544317502106303
1.807 0.4553459019240744
1.808 0.4556815582284265
1.809 0.45539182380976134
1.81 0.45530969287685336
1.811 0.4550638130230908
1.812 0.45514830498904596
1.813 0.4560314558678503
1.814 0.4579648735887041
1.815 0.45885709759761995
1.816 0.4586699823357771
1.817 0.45820802017717893
1.818 0.4571393578690917
1.819 0.4555917143094995
1.82 0.454544204588391
1.821 0.4545115952120567
1.822 0.45528345007216275
1.823 0.4556304841178741
1.824 0.45585344398606265
1.825 0.4554662969423345
1.826 0.4548285188292446
1.827 0.4539475456924822
1.828 0.45373166651686975
1.829 0.4535789767503099
1.83 0.4540192424673112
1.831 0.45490389225919065
1.832 0.4561580909206076
1.833 0.4559513361054639
1.834 0.455139684902903
1.835 0.4547947855032832
1.836 0.4548742054920794
1.837 0.455032184065819
1.838 0.45568523647520387
1.839 0.4576516114809172
1.84 0.45798330922257363
1.841 0.45705464881085056
1.842 0.4553436341926242
1.843 0.4544231975050739
1.844 0.45427856625852314
1.845 0.4552260346264655
1.846 0.456521738048264
1.847 0.4570108681783657
1.848 0.4571778956428222
1.849 0.4569504776926182
1.85 0.4561334791458535
1.851 0.4551157755401588
1.852 0.45477242598829615
1.853 0.45506100546862815
1.854 0.45589262136360975
1.855 0.45729306022321536
1.856 0.4570105952875384
1.857 0.45610664555169594
1.858 0.4549401135313445
1.859 0.45463903381298904
1.86 0.4545712647562016
1.861 0.45432976400646696
1.862 0.45512258986727566
1.863 0.45621167489553544
1.864 0.4575391370066681
1.865 0.45735408057932814
1.866 0.45621358810379287
1.867 0.4546863633658423
1.868 0.4545036872534321
1.869 0.4561288096247291
1.87 0.4568118931642392
1.871 0.45714748213883255
1.872 0.4568667678256877
1.873 0.4579396695555186
1.874 0.458758665204956
1.875 0.4586950856097261
1.876 0.4580923219790322
1.877 0.45842617611421743
1.878 0.4589726593979162
1.879 0.45970793476058897
1.88 0.4602015789329471
1.881 0.45933081714677415
1.882 0.45738500374280083
1.883 0.4558602390064497
1.884 0.455897707128327
1.885 0.45652745534744105
1.886 0.45728104762895494
1.887 0.4580050423839954
1.888 0.45772423867308865
1.889 0.4573742612003153
1.89 0.45643153746333076
1.891 0.45540652617144584
1.892 0.45560996450687785
1.893 0.45546957407644395
1.894 0.45553036126921864
1.895 0.4565211176772512
1.896 0.45757568630623413
1.897 0.45830279189355594
1.898 0.4574742587851729
1.899 0.45639827838124286
1.9 0.4556475648734459
1.901 0.45656988703183404
1.902 0.4570174572044664
1.903 0.45713465804330977
1.904 0.45731845815679295
1.905 0.4573710902926681
1.906 0.4565694421980601
1.907 0.45590108310890215
1.908 0.4559157187723916
1.909 0.4568631320814899
1.91 0.45810017098661626
1.911 0.4591570848678748
1.912 0.4597937478220293
1.913 0.4599938307970244
1.914 0.45928632366156713
1.915 0.45834710161360953
1.916 0.4569389888707532
1.917 0.4566952696604359
1.918 0.45785357569417623
1.919 0.4584724871396779
1.92 0.45880449353493585
1.921 0.45809442671873213
1.922 0.45795419621596467
1.923 0.4571621546859704
1.924 0.4568082405355214
1.925 0.455856167949975
1.926 0.4555498968743655
1.927 0.45656738396953533
1.928 0.4574182655455982
1.929 0.4574045395578234
1.93 0.4568411081558118
1.931 0.4559527588396643
1.932 0.45457454418331206
1.933 0.45318472262108
1.934 0.45365389839295345
1.935 0.45474607362159786
1.936 0.45589522788318204
1.937 0.4557432953446443
1.938 0.4560223537500233
1.939 0.45562909901015763
1.94 0.4554330264546353
1.941 0.45527823177698373
1.942 0.4564804796759104
1.943 0.45788568996062673
1.944 0.45909980023728414
1.945 0.460094665343565
1.946 0.4609133620126559
1.947 0.46051444237943145
1.948 0.4593287701402878
1.949 0.4583696398980051
1.95 0.45876369928603483
1.951 0.45996034148038745
1.952 0.4608969542049673
1.953 0.46086925661155437
1.954 0.46075379909375624
1.955 0.46051793668501956
1.956 0.460704974911866
1.957 0.4609304946879476
1.958 0.4609095406969082
1.959 0.4609140615748342
1.96 0.46123058264904837
1.961 0.4612744543398184
1.962 0.461566687096467
1.963 0.46185284298155826
1.964 0.4616167310708606
1.965 0.46080727230222496
1.966 0.46119571270451204
1.967 0.46222061489814714
1.968 0.4629371565501908
1.969 0.46243008100511074
1.97 0.4614223725746809
1.971 0.46144357361048877
1.972 0.4609810599899297
1.973 0.46108221108483943
1.974 0.4606367569299985
1.975 0.4608750722530184
1.976 0.46117812087285487
1.977 0.4614868014641392
1.978 0.46204791085306507
1.979 0.46272739041871913
1.98 0.4625336739703849
1.981 0.4622714706952155
1.982 0.46206483206890603
1.983 0.4623344842984431
1.984 0.4625777214498675
1.985 0.463198977810199
1.986 0.4635965179357662
1.987 0.46425773418193417
1.988 0.46380224038438395
1.989 0.46393201799798683
1.99 0.4633530343128524
1.991 0.4634853051546239
1.992 0.46350560321765266
1.993 0.4632840683764055
1.994 0.46233005567158914
1.995 0.4595693690349589
1.996 0.45657710046906635
1.997 0.4543113925196763
1.998 0.4569243255832815
1.999 0.45951000705989187
2.0 0.4607665383476786
2.001 0.4605039183712968
2.002 0.46037159493552676
2.003 0.46001867003884794
2.004 0.4599423179643035
2.005 0.46042022999066057
2.006 0.4606458433139138
2.007 0.4617498860614635
2.008 0.46198288457600434
2.009 0.4623229167925822
2.01 0.46170109272805443
2.011 0.4608190799836091
2.012 0.46051839666830907
2.013 0.4607200964306006
2.014 0.46137764118374336
2.015 0.4609178586905671
2.016 0.46106230712991153
2.017 0.4612353958179248
2.018 0.4613316402203616
2.019 0.4606800568849367
2.02 0.4594137975392774
2.021 0.45950885738686065
2.022 0.4610050768443129
2.023 0.46186349175074176
2.024 0.46164251078492974
2.025 0.4602546680509166
2.026 0.46008662646933257
2.027 0.4601981163133708
2.028 0.45983623266183554
2.029 0.4591878165852517
2.03 0.4600466237799626
2.031 0.4612434533842903
2.032 0.46165932841482915
2.033 0.4608198985834976
2.034 0.46001320258974554
2.035 0.46005195287992373
2.036 0.459950221993097
2.037 0.4596431874330931
2.038 0.45961095702850435
2.039 0.46034230793647657
2.04 0.45937101929635105
2.041 0.4581414758892203
2.042 0.45759940845833635
2.043 0.4576385469771793
2.044 0.45748780126946087
2.045 0.45726785474417325
2.046 0.45666189821734976
2.047 0.45683432962085957
2.048 0.4566767012483177
2.049 0.4563964615688708
2.05 0.4565828750231399
2.051 0.4559491717309703
2.052 0.45521298251464504
2.053 0.45470669287203447
2.054 0.45540610987323726
2.055 0.45586054152124483
2.056 0.45678319783581894
2.057 0.4570760775923389
2.058 0.458095579737452
2.059 0.4584762660817977
2.06 0.45782072295199655
2.061 0.45785962912781464
2.062 0.45779132874195855
2.063 0.45914301293244786
2.064 0.45928841766527756
2.065 0.4589985428557964
2.066 0.4584770022131066
2.067 0.4582771354400101
2.068 0.4582432966002741
2.069 0.4579242690268138
2.07 0.4589213249653417
2.071 0.4597552154894794
2.072 0.461980200526117
2.073 0.4624484987638998
2.074 0.4626738176222882
2.075 0.4635572281446835
2.076 0.4635961907937753
2.077 0.46258155660302747
2.078 0.4609821044745255
2.079 0.46161016366777674
2.08 0.4631348364040669
2.081 0.46466319397402545
2.082 0.4649732403039181
2.083 0.4655024703937948
2.084 0.46614189368018866
2.085 0.4653500334281608
2.086 0.46582550028310465
2.087 0.4659478791139447
2.088 0.4670470972182625
2.089 0.46573924521582083
2.09 0.46409158995053224
2.091 0.4630065429088914
2.092 0.46360002027786074
2.093 0.46460114019697024
2.094 0.4650579571447267
2.095 0.4639384120252411
2.096 0.4635517969540212
2.097 0.4647778807794806
2.098 0.46587573858460757
2.099 0.4657698312795596
2.1 0.4649934744994277
2.101 0.4646178808541504
2.102 0.46440470399835065
2.103 0.46390927409368804
2.104 0.46349002971102043
2.105 0.46484783993335915
2.106 0.4653870328596135
2.107 0.4653920669400206
2.108 0.46567594254295785
2.109 0.4661656430509337
2.11 0.46677420071795894
2.111 0.46596121745244057
2.112 0.46493959472920265
2.113 0.4651846425665406
2.114 0.4662400791679764
2.115 0.46595126505990697
2.116 0.4660869318826586
2.117 0.4661240278169221
2.118 0.46661901212532436
2.119 0.4672682418873229
2.12 0.46801355782414267
2.121 0.4686944230858869
2.122 0.46910764201812566
2.123 0.46831900594125475
2.124 0.4679986244744404
2.125 0.468993642626904
2.126 0.470259886170307
2.127 0.47009504538975294
2.128 0.46889499499835363
2.129 0.46824616330564556
2.13 0.46928142300693837
2.131 0.4701545093395584
2.132 0.4698753468624263
2.133 0.4689774414249391
2.134 0.46763979900167746
2.135 0.46808755576494127
2.136 0.46764298139813976
2.137 0.4671624638764309
2.138 0.46650358890796567
2.139 0.46531729774637154
2.14 0.46398880844257845
2.141 0.46304993479192313
2.142 0.4633938464755515
2.143 0.463199805944408
2.144 0.46284698506898225
2.145 0.46178664571303385
2.146 0.461672663182944
2.147 0.46177936043574336
2.148 0.46205471409229865
2.149 0.46328131475112405
2.15 0.4628098402947288
2.151 0.4618508279383183
2.152 0.46032812998890366
2.153 0.45945135328672493
2.154 0.45907915272414707
2.155 0.4591697007964341
2.156 0.45959314789912226
2.157 0.45858124955531887
2.158 0.45768506333510334
2.159 0.4578909658810214
2.16 0.4585455785182606
2.161 0.4585843802764581
2.162 0.457479019198769
2.163 0.45731898346558425
2.164 0.45677119856680465
2.165 0.4552202358201813
2.166 0.45371954833409667
2.167 0.4537563662153755
2.168 0.4539682392060972
2.169 0.4529889131991238
2.17 0.45200341122797094
2.171 0.45135559337446607
2.172 0.4519682773975926
2.173 0.4516502557979014
2.174 0.45152169886905147
2.175 0.45060674722008487
2.176 0.44848179540001765
2.177 0.4459888379218246
2.178 0.44401892364441786
2.179 0.4423002157966744
2.18 0.44041704906216306
2.181 0.43899237876317204
2.182 0.43801691514797975
2.183 0.43675932486431895
2.184 0.43487685671730264
2.185 0.43152129200699574
2.186 0.4289238829628359
2.187 0.4258980348265741
2.188 0.42449262452694403
2.189 0.42174716676349877
2.19 0.42030993775721337
2.191 0.41700175679180357
2.192 0.41505475936575476
2.193 0.4122997819362004
2.194 0.40994890939850837
2.195 0.40656896914435364
2.196 0.4040992413790672
2.197 0.4016756782303891
2.198 0.39825858242590334
2.199 0.39453267420608557
2.2 0.3919483709226576
2.201 0.3885727016454058
2.202 0.3846689952655269
2.203 0.38030258456726507
2.204 0.37705709609533405
2.205 0.3746253092638779
2.206 0.3729451394136482
2.207 0.37097005947017814
2.208 0.3689187551365471
2.209 0.3661211579920361
2.21 0.3641222262337574
2.211 0.3628743501080236
2.212 0.36277401420518246
2.213 0.3627860423360216
2.214 0.3622496714523361
2.215 0.3612758798263279
2.216 0.3613287712133361
2.217 0.3622265955383622
2.218 0.3633283715900623
2.219 0.363875595347801
2.22 0.36469536120729784
2.221 0.36589005535460944
2.222 0.3666564303181786
2.223 0.3690317706874111
2.224 0.370587298727131
2.225 0.3716658843571546
2.226 0.37166149817853256
2.227 0.371945003636617
2.228 0.3725052736993496
2.229 0.3735939626282957
2.23 0.37485529711267745
2.231 0.37542540727152907
2.232 0.37569428133909927
2.233 0.3764438927747133
2.234 0.3773776384840265
2.235 0.3780511769793675
2.236 0.3790553097061151
2.237 0.3793247535651697
2.238 0.3794703201310946
2.239 0.38042056810892566
2.24 0.3819843448874887
2.241 0.3815814930862734
2.242 0.3802593998498817
2.243 0.3796382856000903
2.244 0.3807085120971327
2.245 0.38220331934710244
2.246 0.38332266738903137
2.247 0.38340032593600165
2.248 0.3822560427212731
2.249 0.38186478846190264
2.25 0.3821343108398259
2.251 0.3836592757028453
2.252 0.38345871038091506
2.253 0.3828877593441251
2.254 0.3825018260197505
2.255 0.38296037009587663
2.256 0.38380038730540694
2.257 0.38407260970109347
2.258 0.38390003771300707
2.259 0.3837191678071607
2.26 0.3839844312463632
2.261 0.3840107257030579
2.262 0.3847372482180681
2.263 0.38482449706245647
2.264 0.3842913363347861
2.265 0.38377625983671065
2.266 0.38511659683246297
2.267 0.38610248292612714
2.268 0.3870217487259191
2.269 0.3884062544861647
2.27 0.39073856645013344
2.271 0.3932543648241776
2.272 0.3959212503489158
2.273 0.397616942858602
2.274 0.398826879029547
2.275 0.39964683668400786
2.276 0.4005749635558429
2.277 0.40166599980303125
2.278 0.40235714026139785
2.279 0.4029874778088343
2.28 0.4031008473744537
2.281 0.40357261268804906
2.282 0.4053313126381132
2.283 0.4075875775920446
2.284 0.4094641134264801
2.285 0.409746587125981
2.286 0.40999728509574773
2.287 0.41071869434701985
2.288 0.41218552506809636
2.289 0.4132595595651609
2.29 0.41404623327182893
2.291 0.41408420153437375
2.292 0.41394032614574244
2.293 0.41467111752777813
2.294 0.4167955632604296
2.295 0.41835542673056464
2.296 0.4184438523539355
2.297 0.4181975319007437
2.298 0.41817119879055165
2.299 0.41975683644318
2.3 0.4207580185580745
2.301 0.4204955022379738
2.302 0.41934523306127597
2.303 0.4187029986085772
2.304 0.4191915716210558
2.305 0.419555280471669
2.306 0.4192337171631647
2.307 0.41815569112619105
2.308 0.4174197994359637
2.309 0.4171687816953288
2.31 0.4164552425687805
2.311 0.41488967797690396
2.312 0.412360287087074
2.313 0.40836969285222835
2.314 0.40387013463145854
2.315 0.39892497454688414
2.316 0.3951415544775003
2.317 0.3907861189583962
2.318 0.38493055119379826
2.319 0.37753975091817693
2.32 0.36943661177115505
2.321 0.36104805463697476
2.322 0.35282706784572193
2.323 0.3439574537001321
2.324 0.3333865076027662
2.325 0.3223164931955851
2.326 0.31179309999813737
2.327 0.3012800761101738
2.328 0.29126590792389123
2.329 0.2808269630588795
2.33 0.27026856514588415
2.331 0.2589969655449973
2.332 0.24897797497544355
2.333 0.23910698970851452
2.334 0.22879323514418162
2.335 0.2177884659837089
2.336 0.20717312988301992
2.337 0.1977019003149005
2.338 0.18910971199320495
2.339 0.1814215233311401
2.34 0.17457405463248002
2.341 0.16880096167261058
2.342 0.16426159955221994
2.343 0.16070878512603318
2.344 0.15825047199508685
2.345 0.15623196907025613
2.346 0.15494022922299022
2.347 0.154019076808354
2.348 0.15376734470197662
2.349 0.1535105418640548
2.35 0.15281909334137864
2.351 0.1518216951510025
2.352 0.15025495899711422
2.353 0.1485578511590784
2.354 0.14623369375034465
2.355 0.14353241853798554
2.356 0.14005666737997907
2.357 0.135722787216008
2.358 0.13083507067003566
2.359 0.12532703339852347
2.36 0.11944326161928676
2.361 0.11265320001537991
2.362 0.10528139046424662
2.363 0.09720663393851123
2.364 0.08913044248858797
2.365 0.08106620468324868
2.366 0.07296419327180215
2.367 0.06492894055865475
2.368 0.05702786296665338
2.369 0.049526114635686784
2.37 0.04261278106703565
2.371 0.036411439105350496
2.372 0.03092467998118774
2.373 0.02611531259369269
2.374 0.022110955201335998
2.375 0.021707567256866893
2.376 0.0210108626784863
2.377 0.020332290430000868
2.378 0.01971716174797499
2.379 0.019142751321912545
2.38 0.018609605544218005
2.381 0.01640695473099099
2.382 0.014511165824336416
2.383 0.012863053197677428
2.384 0.011380927966278426
2.385 0.010191489507299954
2.386 0.009140764826980298
2.387 0.008222414267458279
2.388 0.0074042675725530934
2.389 0.006637524861965952
2.39 0.0059522230677281065
2.391 0.00534546474603638
2.392 0.004811691833667605
2.393 0.004329296259006289
2.394 0.003881433164040523
2.395 0.003463914799545437
2.396 0.003093428334236506
2.397 0.002772992242516974
2.398 0.002488918128168172
2.399 0.002229313631249588
2.4 0.00199142501887526
2.401 0.001774304219782287
2.402 0.0015815307015466472
2.403 0.0014092563220477747
2.404 0.0012555421361071383
2.405 0.001112556189776927
2.406 0.0009852767380448926
2.407 0.0008722312540827087
2.408 0.0007734332806339731
2.409 0.000684692505389064
2.41 0.0006053250895090534
2.411 0.0005332814353046851
2.412 0.0004686143983906822
2.413 0.00041207621838252207
2.414 0.00036289893726215337
2.415 0.00031965667392883784
2.416 0.00028113860188401865
2.417 0.0002464270128815371
2.418 0.00021581661712489843
2.419 0.00018875583891430101
2.42 0.00016515500719346363
2.421 0.00014442471938056424
2.422 0.00012631811877636718
2.423 0.00011023130173583683
2.424 9.620079078237389e-05
2.425 8.419567470114203e-05
2.426 7.357363708604238e-05
2.427 6.413803595512636e-05
2.428 5.569698256241737e-05
2.429 4.837325178581838e-05
2.43 4.2054382826729255e-05
2.431 3.655024985053383e-05
2.432 3.1794809353677334e-05
2.433 2.7569804763731877e-05
2.434 2.389507765855749e-05
2.435 2.0692135415339255e-05
2.436 1.7904831044042633e-05
2.437 1.547079088049531e-05
2.438 1.3335101973060208e-05
2.439 1.1469658094605996e-05
2.44 9.825556134748658e-06
2.441 8.426700779531111e-06
2.442 7.20345001478471e-06
2.443 6.136888922199577e-06
2.444 5.192783771722637e-06
2.445 4.369427398682181e-06
2.446 3.6606832041919733e-06
2.447 3.0519393518982404e-06
2.448 2.5307446369524834e-06
2.449 2.0743636295318915e-06
2.45 2.0249467875836212e-06
2.451 1.959607770958652e-06
2.452 1.8884232832796385e-06
2.453 1.809718008564148e-06
2.454 1.7250654399340991e-06
2.455 1.637372967400531e-06
2.456 1.54959453353024e-06
2.457 1.464439565591694e-06
2.458 1.3836578189593288e-06
2.459 1.303018294278566e-06
2.46 1.2225152176401504e-06
2.461 1.14138679303943e-06
2.462 1.0653266695835848e-06
2.463 9.951106877838546e-07
2.464 9.301182157463198e-07
2.465 8.66162633088036e-07
2.466 8.038066740738262e-07
2.467 7.453953922450728e-07
2.468 6.904850734131018e-07
2.469 6.152587389925933e-07
2.47 5.708939560331426e-07
2.471 5.087516079623258e-07
2.472 4.7083418223043893e-07
2.473 4.1970877231212723e-07
2.474 3.900257681481527e-07
2.475 3.476135609067919e-07
2.476 3.211018470254665e-07
2.477 2.857068930471899e-07
2.478 2.6390087243814723e-07
2.479 2.34954856296451e-07
2.48 2.0929427790975322e-07
2.481 1.9387641871768142e-07
2.482 1.731859646874312e-07
2.483 1.5449449398488724e-07
2.484 1.3762696422776856e-07
2.485 1.2737882809898658e-07
2.486 1.1379350515693045e-07
2.487 1.0154027702898056e-07
2.488 9.054117943768375e-08
2.489 8.375958017430801e-08
2.49 7.479331178877699e-08
2.491 6.689197305008018e-08
2.492 5.97841235881965e-08
2.493 5.3339526490333114e-08
2.494 4.749278879460741e-08
2.495 4.240895676574957e-08
2.496 3.787148733911499e-08
2.497 3.3893319264925354e-08
2.498 3.0288320178276e-08
2.499 2.70392920963427e-08
2.5 2.4100528478631856e-08
2.501 2.1481427636049742e-08
2.502 1.9182093612543694e-08
2.503 1.709389197076646e-08
2.504 1.5222926139999458e-08
2.505 1.3585825937917245e-08
2.506 1.217047350033204e-08
2.507 1.0916277773982447e-08
2.508 9.759431628438078e-09
2.509 8.718290690276888e-09
2.51 7.778840029736782e-09
2.511 6.96141545269481e-09
2.512 6.239887664017198e-09
2.513 5.5976185571353384e-09
2.514 5.0125889579529185e-09
2.515 4.485833255043092e-09
2.516 4.020378510200137e-09
2.517 3.606900626313803e-09
2.518 3.2358305140493005e-09
2.519 2.8984772641172906e-09
2.52 2.597883905028698e-09
2.521 2.3284503282675163e-09
2.522 2.0914150649945613e-09
2.523 1.877397585406732e-09
2.524 1.6869022150741198e-09
2.525 1.5125625580859963e-09
2.526 1.357416757370982e-09
2.527 1.2199918956007843e-09
2.528 1.099237125336062e-09
2.529 9.925342906096844e-10
2.53 8.946245916483675e-10
2.531 8.029700694175121e-10
2.532 7.216143601881186e-10
2.533 6.502184323209963e-10
2.534 5.867544505826816e-10
2.535 5.285501833911395e-10
2.536 4.764987608541783e-10
2.537 4.286581356417498e-10
2.538 3.8630156097800177e-10
2.539 3.48229517516853e-10
2.54 3.145035701635368e-10
2.541 2.83516475406997e-10
2.542 2.557968291208617e-10
2.543 2.3035941300161717e-10
2.544 2.0774326729835624e-10
2.545 1.871301474653412e-10
2.546 1.682451972753345e-10
2.547 1.5101720414758115e-10
2.548 1.3593065244158872e-10
2.549 1.2276270602445867e-10
2.55 1.1097767630370956e-10
2.551 9.911274912953337e-11
2.552 8.8564602889257e-11
2.553 7.916998718437496e-11
2.554 7.068933233219873e-11
2.555 6.302510723465648e-11
2.556 5.617541318330956e-11
2.557 5.0035287545752186e-11
2.558 4.462095004429167e-11
2.559 3.994942963363842e-11
2.56 3.576650400232504e-11
2.561 3.1874120251165666e-11
2.562 2.8327176500806707e-11
2.563 2.5178460062903312e-11
2.564 2.2449286572552133e-11
2.565 2.0036189723731848e-11
2.566 1.785074158113446e-11
2.567 1.590401074702488e-11
2.568 1.4184921502902044e-11
2.569 1.2636193683374785e-11
2.57 1.1231447737595133e-11
2.571 9.934831137436086e-12
2.572 8.829186679204616e-12
2.573 7.86521402971653e-12
2.574 7.026818423760446e-12
2.575 6.2549975339256e-12
2.576 5.575163675345044e-12
2.577 4.961587399739233e-12
2.578 4.409518875808377e-12
2.579 3.924246227295752e-12
2.58 3.4811500060853028e-12
2.581 3.086728920256032e-12
2.582 2.7420433428182804e-12
2.583 2.3942976129719767e-12
2.584 2.0832456581803812e-12
2.585 1.815953341312896e-12
2.586 1.579427012893281e-12
2.587 1.3649480253450466e-12
2.588 1.1710562360764556e-12
2.589 1.0082581691774346e-12
2.59 8.706677906366667e-13
2.591 7.502784602865073e-13
2.592 6.416161490935431e-13
2.593 5.466707054267749e-13
2.594 4.633440704149029e-13
2.595 3.898167995987691e-13
2.596 3.2659045135852257e-13
2.597 2.729682662809021e-13
2.598 2.270006860520594e-13
