Wavelength_microns Throughput
0.5507899780273438 2.22717962502087e-09
0.5517899780273438 2.348245502669575e-09
0.5527899780273438 9.225933421738828e-13
0.5537899780273438 1.8111811265761599e-09
0.5547899780273438 9.545835863101304e-11
0.5557899780273438 1.0339439472891026e-09
0.5567899780273438 9.918231574137954e-10
0.5577899780273438 2.3192313555516097e-10
0.5587899780273438 4.5810820201806466e-10
0.5597899780273438 8.165652176466962e-13
0.5607899780273438 9.803805743410598e-13
0.5617899780273438 1.087262821374162e-09
0.5627899780273438 1.9117990258366875e-09
0.5637899780273438 1.9080112238160546e-09
0.5647899780273438 6.906627832681783e-11
0.5657899780273438 1.9079722679531337e-09
0.5667899780273438 4.29451646086591e-10
0.5677899780273438 3.567431769060854e-09
0.5687899780273438 2.771436228327206e-09
0.5697899780273438 2.48051954612426e-09
0.5707899780273438 3.1304519074649285e-09
0.5717899780273438 2.023096955841659e-09
0.5727899780273438 2.0812347522746715e-09
0.5737899780273438 1.52336161376854e-09
0.5747899780273438 7.22935902297215e-10
0.5757899780273438 1.482100928078661e-09
0.5767899780273438 5.148223355952195e-10
0.5777899780273438 6.223836027217759e-09
0.5787899780273438 3.942474552395395e-09
0.5797899780273438 4.949227012657887e-09
0.5807899780273438 1.1517965883033814e-10
0.5817899780273438 2.8470116517540205e-12
0.5827899780273438 2.9763495186055396e-09
0.5837899780273438 4.377649621060293e-09
0.5847899780273438 1.6168313238116615e-09
0.5857899780273438 1.3927639681239418e-08
0.5867899780273438 6.470908705466492e-09
0.5877899780273438 1.150043471480818e-08
0.5887899780273438 6.93063193262823e-12
0.5897899780273438 9.638452896799678e-09
0.5907899780273438 7.735096286470295e-10
0.5917899780273438 1.05371164319745e-08
0.5927899780273438 1.3718310237963357e-08
0.5937899780273438 2.0402310842022217e-08
0.5947899780273438 1.155563405163024e-08
0.5957899780273438 9.422100393437987e-12
0.5967899780273438 5.502729005044858e-08
0.5977899780273438 4.700156910699343e-10
0.5987899780273438 2.891149965771487e-09
0.5997899780273438 7.541539671881336e-09
0.6007899780273438 2.5703667123267642e-08
0.6017899780273438 1.041319924461993e-08
0.6027899780273438 1.9565572432352676e-08
0.6037899780273438 4.9311924151882637e-08
0.6047899780273438 6.496013639008242e-09
0.6057899780273438 9.841118884156153e-09
0.6067899780273438 1.0998095738537484e-08
0.6077899780273438 1.1602183131537367e-11
0.6087899780273438 1.538722901478788e-08
0.6097899780273438 1.1447823185251587e-09
0.6107899780273438 1.572468510980087e-08
0.6117899780273437 1.032310472836168e-08
0.6127899780273437 2.7396130267451074e-08
0.6137899780273437 3.885443679476461e-08
0.6147899780273437 1.2386037433643931e-08
0.6157899780273437 9.832781868265889e-09
0.6167899780273437 3.2070771339492294e-08
0.6177899780273437 1.2391343844334585e-08
0.6187899780273437 1.340999149770287e-11
0.6197899780273437 2.8000893773647802e-08
0.6207899780273437 1.4302484692263269e-08
0.6217899780273437 2.73164217138617e-08
0.6227899780273437 1.031422987888172e-08
0.6237899780273437 1.4083615620741599e-11
0.6247899780273437 1.5641604099682677e-08
0.6257899780273437 1.1190275443960755e-08
0.6267899780273437 2.6613245696556198e-08
0.6277899780273437 1.4811988348107534e-11
0.6287899780273437 2.4347481914780175e-08
0.6297899780273437 1.5105112053100206e-11
0.6307899780273437 4.2705443593597576e-08
0.6317899780273437 2.0768433878937254e-08
0.6327899780273437 1.5527270260520228e-11
0.6337899780273437 1.69368310589808e-08
0.6347899780273437 9.971595691848168e-09
0.6357899780273437 8.837130462544454e-08
0.6367899780273437 2.9252966759548585e-08
0.6377899780273437 2.134786586775696e-08
0.6387899780273437 3.372504716135724e-08
0.6397899780273437 8.198124885061125e-08
0.6407899780273437 2.996466152631365e-08
0.6417899780273437 1.4649879667898886e-08
0.6427899780273437 2.2062887873629984e-08
0.6437899780273437 2.7983769961273426e-08
0.6447899780273437 2.738216450370744e-08
0.6457899780273437 4.775198151416893e-08
0.6467899780273437 2.5204533287363703e-08
0.6477899780273437 1.9405053711208032e-08
0.6487899780273437 1.4147907525266388e-08
0.6497899780273437 6.43235675505585e-08
0.6507899780273437 1.7823138666133856e-08
0.6517899780273437 2.7053937935335313e-08
0.6527899780273437 2.904844846862802e-08
0.6537899780273437 6.525715175433331e-08
0.6547899780273437 5.980826952698959e-08
0.6557899780273437 3.9486545270256276e-08
0.6567899780273437 2.8585297530621132e-08
0.6577899780273437 5.5665684349411416e-08
0.6587899780273437 2.521413883636743e-08
0.6597899780273437 4.269718155022124e-08
0.6607899780273437 5.629943177121197e-08
0.6617899780273437 8.252856627353542e-08
0.6627899780273437 5.472462105262325e-08
0.6637899780273437 6.240698473769247e-08
0.6647899780273437 3.501736437596737e-08
0.6657899780273437 6.813701844337892e-08
0.6667899780273437 2.9208293355811085e-08
0.6677899780273437 8.813961517463978e-08
0.6687899780273437 7.352814732121948e-08
0.6697899780273437 6.543584099020626e-08
0.6707899780273437 6.305526111704247e-08
0.6717899780273437 7.898125660828557e-08
0.6727899780273437 4.6799466534418654e-08
0.6737899780273438 5.2638816905918214e-08
0.6747899780273438 3.40249488379039e-08
0.6757899780273438 5.3113356482069103e-08
0.6767899780273438 6.000417366032996e-08
0.6777899780273438 5.956699657902065e-08
0.6787899780273438 5.0983957993183875e-08
0.6797899780273438 1.2131261311434081e-07
0.6807899780273438 1.0287352041912256e-07
0.6817899780273438 5.7261736338828586e-08
0.6827899780273438 5.686992419227744e-08
0.6837899780273438 6.218362042613072e-08
0.6847899780273438 7.46748547091993e-08
0.6857899780273438 8.87831878205376e-08
0.6867899780273438 8.473104700228372e-08
0.6877899780273438 9.84719176216159e-08
0.6887899780273438 7.363642147077481e-08
0.6897899780273438 7.857798519203839e-08
0.6907899780273438 1.1074281975533645e-07
0.6917899780273438 1.0663965169803368e-07
0.6927899780273438 6.993768380596261e-08
0.6937899780273438 7.619006343218059e-08
0.6947899780273438 8.635528407268785e-08
0.6957899780273438 6.349330153083684e-08
0.6967899780273438 1.052632970661265e-07
0.6977899780273438 6.484739928996299e-08
0.6987899780273438 5.7845069085813204e-08
0.6997899780273438 3.8571514723123846e-08
0.7007899780273438 1.0178266096174997e-07
0.7017899780273438 8.022596299942356e-08
0.7027899780273438 8.517632646487831e-08
0.7037899780273438 7.856016456713189e-08
0.7047899780273438 1.016614038839122e-07
0.7057899780273438 8.145438401012983e-08
0.7067899780273438 8.260463937511777e-08
0.7077899780273438 4.2695244045721003e-08
0.7087899780273438 7.458107018838738e-08
0.7097899780273438 7.134222096332538e-08
0.7107899780273438 5.2471013622331334e-08
0.7117899780273438 3.765018763027488e-08
0.7127899780273438 6.929797128624076e-08
0.7137899780273438 1.0318034116525849e-07
0.7147899780273438 6.83049400673711e-08
0.7157899780273438 6.655357006950066e-08
0.7167899780273438 4.9530625444049695e-08
0.7177899780273438 1.2293867195906956e-07
0.7187899780273438 1.1939896497453554e-07
0.7197899780273438 1.0431839482026359e-07
0.7207899780273438 1.3087358402870225e-07
0.7217899780273438 7.02080433616003e-08
0.7227899780273438 1.2795462459101514e-07
0.7237899780273438 1.0918060161145676e-07
0.7247899780273438 1.0302126932506936e-07
0.7257899780273438 1.1120851037849958e-07
0.7267899780273438 6.336743735302949e-08
0.7277899780273438 7.358413849386706e-08
0.7287899780273438 1.0934218614266846e-07
0.7297899780273438 7.720676859024057e-08
0.7307899780273438 9.185107553916898e-08
0.7317899780273438 7.50168761770267e-09
0.7327899780273438 6.190155566651527e-08
0.7337899780273438 7.456304323651828e-08
0.7347899780273438 5.849902758519425e-08
0.7357899780273438 9.091165012145035e-08
0.7367899780273437 8.412742152482977e-08
0.7377899780273437 1.2032704307088206e-07
0.7387899780273437 1.1879745891429046e-07
0.7397899780273437 1.0161897845320371e-07
0.7407899780273437 1.0892827650791457e-07
0.7417899780273437 1.0687259071945567e-07
0.7427899780273437 1.0774217170033923e-07
0.7437899780273437 7.165956304691751e-08
0.7447899780273437 8.702467234450919e-08
0.7457899780273437 2.7877277458103444e-08
0.7467899780273437 5.2542850257993406e-08
0.7477899780273437 6.238122642245107e-08
0.7487899780273437 1.06383677854475e-07
0.7497899780273437 1.3145133147262642e-07
0.7507899780273437 1.0157893636697929e-07
0.7517899780273437 9.29616703013442e-08
0.7527899780273437 1.1850788091818637e-07
0.7537899780273437 1.0336135927790317e-07
0.7547899780273437 7.835075495444786e-08
0.7557899780273437 6.387714477995944e-08
0.7567899780273437 1.1533237085769613e-07
0.7577899780273437 1.0751971613140889e-07
0.7587899780273437 1.0013618556150448e-07
0.7597899780273437 6.259912637715215e-08
0.7607899780273437 9.192765367092392e-08
0.7617899780273437 7.095762459142369e-08
0.7627899780273437 4.7174367892840136e-08
0.7637899780273437 7.751691710520539e-08
0.7647899780273437 1.0023101057639638e-07
0.7657899780273437 5.8938410077527403e-08
0.7667899780273437 6.05806127974992e-08
0.7677899780273437 1.9266725782438984e-08
0.7687899780273437 3.606657206416793e-08
0.7697899780273437 5.8551748983937704e-08
0.7707899780273437 8.842745896230695e-08
0.7717899780273437 2.7709016516508702e-08
0.7727899780273437 2.831957346708648e-08
0.7737899780273437 9.065746127166171e-08
0.7747899780273437 1.0935003007232816e-07
0.7757899780273437 6.228285401010758e-08
0.7767899780273437 4.825208167425426e-08
0.7777899780273437 1.7725058896438242e-08
0.7787899780273437 1.0245592721690165e-07
0.7797899780273437 5.80628816728943e-08
0.7807899780273437 2.5736182584503825e-08
0.7817899780273437 8.013956233593299e-08
0.7827899780273437 5.9090864793562225e-08
0.7837899780273437 1.2220834721114998e-07
0.7847899780273437 7.076772920295912e-08
0.7857899780273437 5.442944119901334e-08
0.7867899780273437 6.271821802229268e-08
0.7877899780273437 1.3752143668220523e-07
0.7887899780273437 1.1660223270788224e-07
0.7897899780273437 4.9053586312277063e-08
0.7907899780273437 1.1023763399609295e-07
0.7917899780273437 3.986204872644934e-08
0.7927899780273437 1.3211528971218266e-07
0.7937899780273437 2.8194998828306632e-08
0.7947899780273437 4.222457209668546e-08
0.7957899780273437 4.4268512163337374e-08
0.7967899780273437 1.276325071731927e-09
0.7977899780273437 4.772187774737633e-08
0.7987899780273438 2.7013419153423987e-08
0.7997899780273438 5.4448756539094015e-08
0.8007899780273438 6.909139904845323e-08
0.8017899780273438 7.0830137836261e-08
0.8027899780273438 3.9216045160357945e-08
0.8037899780273438 6.436774769145455e-08
0.8047899780273438 2.0312108595602332e-08
0.8057899780273438 5.279560174016607e-08
0.8067899780273438 3.9244868991736406e-08
0.8077899780273438 2.9744492147837034e-08
0.8087899780273438 5.132903057885948e-08
0.8097899780273438 2.72857165740949e-08
0.8107899780273438 6.388809620425583e-08
0.8117899780273438 1.0390445677614566e-08
0.8127899780273438 7.250608586595548e-08
0.8137899780273438 4.909368029000731e-08
0.8147899780273438 6.977566518837743e-08
0.8157899780273438 1.0425859680553268e-07
0.8167899780273438 4.834683382743581e-08
0.8177899780273438 4.561016192902058e-08
0.8187899780273438 5.720201893428518e-08
0.8197899780273438 8.446782311957783e-08
0.8207899780273438 5.135530689766881e-08
0.8217899780273438 9.60508551930814e-08
0.8227899780273438 9.850585646136387e-08
0.8237899780273438 3.758479225566094e-08
0.8247899780273438 5.219885737385087e-08
0.8257899780273438 6.62960073665838e-08
0.8267899780273438 9.28841432303721e-09
0.8277899780273438 3.46937515179414e-08
0.8287899780273438 7.46781070712555e-08
0.8297899780273438 7.46137509050283e-08
0.8307899780273438 6.296058705976269e-08
0.8317899780273438 5.848788050400708e-08
0.8327899780273438 6.718501168894823e-08
0.8337899780273438 1.0991320493636467e-07
0.8347899780273438 1.2570316597710805e-07
0.8357899780273438 1.4939028866655598e-07
0.8367899780273438 8.802054737891764e-08
0.8377899780273438 6.413119612455104e-08
0.8387899780273438 1.2426451856390785e-07
0.8397899780273438 1.379811985313359e-07
0.8407899780273438 9.787340704242713e-08
0.8417899780273438 3.84866376921812e-08
0.8427899780273438 7.974258963186806e-08
0.8437899780273438 1.0894961800236547e-07
0.8447899780273438 1.0215270595415774e-07
0.8457899780273438 1.3417236574166045e-07
0.8467899780273438 7.365585990375612e-08
0.8477899780273438 1.157213656176661e-07
0.8487899780273438 1.4763061548655313e-07
0.8497899780273438 9.60945269442233e-08
0.8507899780273438 1.1262478782773586e-07
0.8517899780273438 1.2997159820715995e-07
0.8527899780273438 9.55871348309847e-08
0.8537899780273438 5.173736017370777e-08
0.8547899780273438 1.763987875664767e-07
0.8557899780273438 1.501644507023067e-07
0.8567899780273438 1.4324232592638368e-07
0.8577899780273438 1.1135620239713666e-07
0.8587899780273438 6.097398661429353e-09
0.8597899780273438 1.1454315113794403e-07
0.8607899780273438 2.0969013273369345e-07
0.8617899780273437 1.8177540865890703e-07
0.8627899780273437 1.5080999006059118e-07
0.8637899780273437 9.267871922601979e-08
0.8647899780273437 8.023626164084453e-08
0.8657899780273437 5.294799627150269e-08
0.8667899780273437 7.798049697784055e-08
0.8677899780273437 3.060219889510074e-11
0.8687899780273437 7.303305811730489e-08
0.8697899780273437 3.067762182518932e-11
0.8707899780273437 3.072664911519165e-11
0.8717899780273437 3.078392996935702e-11
0.8727899780273437 8.453427331053635e-08
0.8737899780273437 3.08236737933575e-11
0.8747899780273437 1.0399985101536071e-07
0.8757899780273437 2.883186561222143e-07
0.8767899780273437 3.458543842941532e-07
0.8777899780273437 3.094066690032753e-11
0.8787899780273437 3.0948676697091273e-11
0.8797899780273437 3.5694026561748715e-07
0.8807899780273437 8.41386676000611e-08
0.8817899780273437 7.656928150354064e-08
0.8827899780273437 2.8970987814164837e-07
0.8837899780273437 3.023062724837801e-07
0.8847899780273437 2.4078051634145664e-07
0.8857899780273437 6.526304628667526e-07
0.8867899780273437 4.368147723345453e-07
0.8877899780273437 8.235987556165058e-09
0.8887899780273437 6.338684598455932e-07
0.8897899780273437 3.129663856197037e-11
0.8907899780273437 8.842705657865888e-07
0.8917899780273437 3.1374374483951273e-11
0.8927899780273437 3.138443241274992e-11
0.8937899780273437 7.955144915290028e-07
0.8947899780273437 3.140904579211508e-11
0.8957899780273437 1.438549529248728e-06
0.8967899780273437 3.1337664084935184e-11
0.8977899780273437 1.2946479483158761e-07
0.8987899780273437 3.890604512111141e-08
0.8997899780273437 1.1323286561006377e-07
0.9007899780273437 2.0003901970509986e-08
0.9017899780273437 7.324288558451455e-08
0.9027899780273437 3.0289952009156664e-08
0.9037899780273437 8.474081054510409e-08
0.9047899780273437 1.3541006883661574e-07
0.9057899780273437 1.3656831136078362e-07
0.9067899780273437 9.537106290890882e-08
0.9077899780273437 5.9288518694531045e-08
0.9087899780273437 9.686410244240668e-08
0.9097899780273437 1.1859125961929177e-07
0.9107899780273437 1.8199836373080275e-08
0.9117899780273437 1.1223554218527367e-07
0.9127899780273437 1.8781801088736125e-07
0.9137899780273437 8.148066326097787e-08
0.9147899780273437 1.3061561639880386e-07
0.9157899780273437 8.275185135284973e-08
0.9167899780273437 1.31227405811493e-07
0.9177899780273437 1.1673355329746319e-07
0.9187899780273437 7.098202319411445e-08
0.9197899780273437 1.5810982365124313e-07
0.9207899780273437 1.1507588898425759e-07
0.9217899780273437 1.2170308195743257e-07
0.9227899780273437 1.7101653368390944e-07
0.9237899780273438 1.1865387962640312e-07
0.9247899780273438 1.6038059144524396e-07
0.9257899780273438 1.4772278339148136e-07
0.9267899780273438 7.72119394992837e-08
0.9277899780273438 1.8084268090261576e-07
0.9287899780273438 2.423960809968269e-07
0.9297899780273438 2.443608274479084e-07
0.9307899780273438 1.2595610308681479e-07
0.9317899780273438 2.1419872700483808e-07
0.9327899780273438 2.475674256518396e-07
0.9337899780273438 1.4793310951068768e-07
0.9347899780273438 2.1562636444917718e-07
0.9357899780273438 2.2756655422188672e-07
0.9367899780273438 2.433393312995434e-07
0.9377899780273438 2.0001888409159067e-07
0.9387899780273438 2.48252338764196e-07
0.9397899780273438 1.603972677333277e-07
0.9407899780273438 1.8049002366930505e-07
0.9417899780273438 1.5085579762773963e-07
0.9427899780273438 2.1500626335706667e-07
0.9437899780273438 2.0546943798927826e-07
0.9447899780273438 1.5674731674041178e-07
0.9457899780273438 1.1491652849709752e-07
0.9467899780273438 2.2878967562707327e-07
0.9477899780273438 2.3822305238083894e-07
0.9487899780273438 2.3249533267867242e-07
0.9497899780273438 1.4850458587007457e-07
0.9507899780273438 2.5513366486267927e-07
0.9517899780273438 2.2546402881098382e-07
0.9527899780273438 2.5351062201215887e-07
0.9537899780273438 3.0830643236342696e-07
0.9547899780273438 2.3366039170180526e-07
0.9557899780273438 2.3164230797038035e-07
0.9567899780273438 2.5328976297292856e-07
0.9577899780273438 3.3532291079465903e-07
0.9587899780273438 2.6943731043240486e-07
0.9597899780273438 2.0025060834356833e-07
0.9607899780273438 2.242220504009566e-07
0.9617899780273438 2.4101680696652566e-07
0.9627899780273438 1.3934316053215438e-07
0.9637899780273438 2.1655521369498675e-07
0.9647899780273438 2.0563928938339027e-07
0.9657899780273438 2.651746465762079e-07
0.9667899780273438 2.278059745661968e-07
0.9677899780273438 1.8440566479783245e-07
0.9687899780273438 3.1587337532996237e-07
0.9697899780273438 2.7212190461825205e-07
0.9707899780273438 2.473663819407447e-07
0.9717899780273438 2.788930969360441e-07
0.9727899780273438 3.160754347347531e-07
0.9737899780273438 2.2002294910006944e-07
0.9747899780273438 2.228669636518018e-07
0.9757899780273438 2.757863680710804e-07
0.9767899780273438 2.286081691172907e-07
0.9777899780273438 1.780320239235681e-07
0.9787899780273438 1.132223029843929e-07
0.9797899780273438 2.1603409523969792e-07
0.9807899780273438 1.926445366229833e-07
0.9817899780273438 2.244347995003275e-07
0.9827899780273438 1.3891256382134103e-07
0.9837899780273438 1.5943177255247146e-07
0.9847899780273438 1.915217827305606e-07
0.9857899780273438 2.238199208988576e-07
0.9867899780273437 2.909702015282757e-07
0.9877899780273437 1.426769446089639e-07
0.9887899780273437 2.410252882842635e-07
0.9897899780273437 2.9585873462458305e-07
0.9907899780273437 2.475901447375031e-07
0.9917899780273437 1.969035514106242e-07
0.9927899780273437 2.1447941989007832e-07
0.9937899780273437 2.295943644458656e-07
0.9947899780273437 2.57650676760249e-07
0.9957899780273437 2.5488520672067406e-07
0.9967899780273437 2.3422106345564113e-07
0.9977899780273437 2.4524058462819165e-07
0.9987899780273437 1.8517366067303923e-06
0.9997899780273437 1.6210266597316235e-06
1.0007899780273437 1.3046798074541245e-06
1.0017899780273438 1.8210962540725693e-06
1.0027899780273437 1.4706225930776573e-06
1.0037899780273438 1.295572370805874e-06
1.0047899780273437 1.873809774910796e-06
1.0057899780273438 2.2297511490757747e-06
1.0067899780273437 2.083366332414402e-06
1.0077899780273438 8.652057836078207e-07
1.0087899780273437 1.0651222061156734e-06
1.0097899780273438 1.488883315266877e-06
1.0107899780273437 1.5749056382196078e-06
1.0117899780273438 1.3524953747718936e-06
1.0127899780273437 1.1437513676305737e-06
1.0137899780273438 1.3057430266319813e-06
1.0147899780273437 1.2884584808107403e-06
1.0157899780273438 1.530474936828487e-06
1.0167899780273437 1.18491906751512e-06
1.0177899780273438 7.717604099020299e-07
1.0187899780273437 7.790302609282236e-07
1.0197899780273438 1.5454947471574003e-06
1.0207899780273437 1.389459106725641e-06
1.0217899780273438 1.8875605616644104e-06
1.0227899780273437 9.627882354490904e-07
1.0237899780273438 1.3318334850517422e-06
1.0247900390625 1.8988042905198714e-06
1.0257900390625 1.4900561317625435e-06
1.0267900390625 1.018909468965676e-06
1.0277900390625 1.381683777253937e-06
1.0287900390625 1.025764589876917e-06
1.0297900390625 3.973342153398635e-07
1.0307900390625 7.91332973882693e-07
1.0317900390625 1.135373672586753e-06
1.0327900390625 9.079609040369141e-07
1.0337900390625 1.2589039383526715e-06
1.0347900390625 1.0551306879603476e-06
1.0357900390625 9.264955857822322e-07
1.0367900390625 1.3027922760702855e-06
1.0377900390625 8.164815299780882e-07
1.0387900390625 7.396799392466263e-07
1.0397900390625 1.5385798574320036e-06
1.0407900390625 1.3980094357150333e-06
1.0417900390625 1.1127532382814387e-06
1.0427900390625 7.610841901066184e-07
1.0437900390625 1.6286134675985772e-06
1.0447900390625 1.209137920006248e-06
1.0457900390625 1.506349512132591e-06
1.0467900390625 1.117092022156938e-06
1.0477900390625 1.2460607974437705e-06
1.0487900390625 1.1536016813757147e-06
1.0497900390625 1.1868376247339595e-06
1.0507900390625 1.266744847225382e-06
1.0517900390625 1.1046528115966242e-06
1.0527900390625 1.0357855332331029e-06
1.0537900390625 1.0736832917224518e-06
1.0547900390625 9.833315812986732e-07
1.0557900390625 7.327242758706675e-07
1.0567900390625 6.19990956694608e-07
1.0577900390625 8.887541165766222e-07
1.0587900390625 8.994107819128188e-07
1.0597900390625 1.0184437297550824e-06
1.0607900390625 1.0612400225467782e-06
1.0617900390625 1.1376192398301377e-06
1.0627900390625 1.1605717579764423e-06
1.0637900390625 9.857870390049029e-07
1.0647900390625 1.331726372359848e-06
1.0657900390625 1.4755954224674915e-06
1.0667900390625 1.4161003048170369e-06
1.0677900390625 1.1263520859794833e-06
1.0687900390625 6.108438536367913e-07
1.0697900390625 8.717967799287531e-07
1.0707900390625 1.3271109193494702e-06
1.0717900390625 1.4443592981677778e-06
1.0727900390625 1.4780166241349775e-06
1.0737900390625 1.0775321771900285e-06
1.0747900390625 1.5458570343451237e-06
1.0757900390625 1.0521223853406439e-06
1.0767900390625 1.0669896173851768e-06
1.0777900390625 9.014071380477989e-07
1.0787900390625 8.370698642348135e-07
1.0797900390625 9.217761791409866e-07
1.0807900390625 6.279608359652182e-07
1.0817900390625 8.010524074156316e-07
1.0827900390625 6.678561990291324e-07
1.0837900390625 6.627730647225358e-07
1.0847900390625 1.463642067516371e-06
1.0857900390625 7.611431441633851e-07
1.0867900390625 1.0317526946718262e-06
1.0877900390625 1.1287713233723e-06
1.0887900390625 9.908786523226109e-07
1.0897900390625 8.987471442891058e-07
1.0907900390625 1.1249353001376077e-06
1.0917900390625 1.015453816190497e-06
1.0927900390625 1.0335369994561251e-06
1.0937900390625 5.609901270926213e-07
1.0947900390625 4.4395023011364645e-07
1.0957900390625 7.885318299732638e-07
1.0967900390625 9.263527658742519e-07
1.0977900390625 7.864177462601343e-07
1.0987900390625 1.1378303889876157e-06
1.0997900390625 1.1362082962724103e-06
1.1007900390625 1.2609178165884373e-06
1.1017900390625 1.0634738321261141e-06
1.1027900390625 7.430630273348739e-07
1.1037900390625 8.500162636305458e-07
1.1047900390625 1.2335382881197566e-06
1.1057900390625 1.5471267911214254e-06
1.1067900390625 1.1374798771129358e-06
1.1077900390625 5.722593023906219e-07
1.1087900390625 7.176741581872574e-07
1.1097900390625 7.768852365875455e-07
1.1107900390625 5.991086359070432e-07
1.1117900390625 1.510581980852563e-06
1.1127900390625 1.410473768752751e-06
1.1137900390625 1.4004051438540594e-06
1.1147900390625 1.2673851036005474e-06
1.1157900390625 9.241849830107445e-07
1.1167900390625 1.080362209467657e-06
1.1177900390625 7.86795794825728e-07
1.1187900390625 1.070694928922109e-06
1.1197900390625 1.097501222107161e-06
1.1207900390625 9.736518608188824e-07
1.1217900390625 6.862394969473464e-07
1.1227900390625 5.718775084128848e-07
1.1237900390625 1.1212523221386062e-06
1.1247900390625 9.351288516953221e-07
1.1257900390625 6.797810852683799e-07
1.1267900390625 1.178647617225119e-06
1.1277900390625 1.1351815916673525e-06
1.1287900390625 1.1536695802970473e-06
1.1297900390625 1.5683450143980882e-06
1.1307900390625 1.2654813214508383e-06
1.1317900390625 1.3350959614137703e-06
1.1327900390625 7.00926172806258e-07
1.1337900390625 9.860669528985261e-07
1.1347900390625 9.001650375427277e-07
1.1357900390625 1.0016219708849706e-06
1.1367900390625 1.0110235866051453e-06
1.1377900390625 8.974468518181819e-07
1.1387900390625 9.387846253583776e-07
1.1397900390625 8.29085852960484e-07
1.1407900390625 1.047779585922958e-06
1.1417900390625 1.1317540285407122e-06
1.1427900390625 8.249069160162693e-07
1.1437900390625 1.0901953174773099e-06
1.1447900390625 1.3310739994934385e-06
1.1457900390625 1.292444053940381e-06
1.1467900390625 7.209417032540089e-07
1.1477900390625 8.513485631695855e-07
1.1487900390625 1.1203436224706703e-06
1.1497900390625 1.1496255972693397e-06
1.1507900390625 9.150323559435549e-07
1.1517900390625 1.1875459102201277e-06
1.1527900390625 1.2468038201547334e-06
1.1537900390625 1.1261804882601565e-06
1.1547900390625 1.0355757832575834e-06
1.1557900390625 1.2226700746180865e-06
1.1567900390625 1.1714720161425254e-06
1.1577900390625 1.2336873960483143e-06
1.1587900390625 9.192389374901039e-07
1.1597900390625 9.243411454731529e-07
1.1607900390625 1.1216822905709994e-06
1.1617900390625 9.672635428803272e-07
1.1627900390625 1.3502738232860191e-06
1.1637900390625 1.3307838025166051e-06
1.1647900390625 1.2052573432700748e-06
1.1657900390625 9.380323036895201e-07
1.1667900390625 1.5261101774509327e-06
1.1677900390625 1.4448473226129787e-06
1.1687900390625 1.4007185159185165e-06
1.1697900390625 1.7393774003557665e-06
1.1707900390625 1.3831225944041865e-06
1.1717900390625 1.1777659763733742e-06
1.1727900390625 1.0635874185291057e-06
1.1737900390625 1.4162564593155933e-06
1.1747900390625 1.4326937235748748e-06
1.1757900390625 1.2553227836722234e-06
1.1767900390625 1.5517609274149868e-06
1.1777900390625 1.542699931507607e-06
1.1787900390625 1.3964551974580774e-06
1.1797900390625 1.2177423796442197e-06
1.1807900390625 1.6422663804325712e-06
1.1817900390625 9.233444540719688e-07
1.1827900390625 1.4349478420846833e-06
1.1837900390625 1.2469710240576215e-06
1.1847900390625 1.1226848748732982e-06
1.1857900390625 1.1916847222062125e-06
1.1867900390625 1.0848858606147686e-06
1.1877900390625 1.0357070647111141e-06
1.1887900390625 1.042611544395864e-06
1.1897900390625 9.692894809249375e-07
1.1907900390625 9.149914846464665e-07
1.1917900390625 1.0231252797434043e-06
1.1927900390625 6.679938549818059e-07
1.1937900390625 1.0623171336900165e-06
1.1947900390625 1.4557548551400399e-06
1.1957900390625 1.4161457927267106e-06
1.1967900390625 1.3312012326252449e-06
1.1977900390625 1.3734159600791937e-06
1.1987900390625 6.619462679174147e-07
1.1997900390625 1.3741232292196466e-06
1.2007900390625 1.3537604569321835e-06
1.2017900390625 1.8933647966939677e-06
1.2027900390625 1.8535087079564955e-06
1.2037900390625 1.4639185767936967e-06
1.2047900390625 2.035489604541465e-06
1.2057900390625 1.7689328059425315e-06
1.2067900390625 1.4019472472938364e-06
1.2077900390625 1.8533859172736204e-06
1.2087900390625 1.3540119315352438e-06
1.2097900390625 1.5007958105617683e-06
1.2107900390625 1.5496257937872047e-06
1.2117900390625 1.6875813170815115e-06
1.2127900390625 1.840171560020824e-06
1.2137900390625 1.4438750156815464e-06
1.2147900390625 1.6786482481864436e-06
1.2157900390625 1.382374774995606e-06
1.2167900390625 1.3601732304188326e-06
1.2177900390625 1.5842706800713714e-06
1.2187900390625 1.5334475378743692e-06
1.2197900390625 2.279296778838135e-06
1.2207900390625 1.8430466554409625e-06
1.2217900390625 1.647818868099665e-06
1.2227900390625 1.8568227994556728e-06
1.2237900390625 1.6008413208395803e-06
1.2247900390625 1.823509145088618e-06
1.2257900390625 2.207598001367146e-06
1.2267900390625 2.1014177075743822e-06
1.2277900390625 2.7503125506786967e-06
1.2287900390625 2.106007872451393e-06
1.2297900390625 2.3161370096243853e-06
1.2307900390625 2.3561673903501385e-06
1.2317900390625 2.3077699360508435e-06
1.2327900390625 1.9600428493844634e-06
1.2337900390625 2.4091732031129735e-06
1.2347900390625 2.0212653506000258e-06
1.2357900390625 2.206680366421849e-06
1.2367900390625 2.207353159925881e-06
1.2377900390625 2.9410433560379496e-06
1.2387900390625 3.1274060519864837e-06
1.2397900390625 3.2504763507360988e-06
1.2407900390625 3.2852294376591905e-06
1.2417900390625 3.0936390964835464e-06
1.2427900390625 3.7599193026550908e-06
1.2437900390625 3.2492394930103594e-06
1.2447900390625 4.016194162208306e-06
1.2457900390625 4.279692243439865e-06
1.2467900390625 4.4988718061592674e-06
1.2477900390625 4.8481131158402885e-06
1.2487900390625 4.990497231393208e-06
1.2497900390625 5.7767008538423045e-06
1.2507900390625 5.993740188205613e-06
1.2517900390625 6.6939084208692845e-06
1.2527900390625 6.882565823486909e-06
1.2537900390625 7.936773280725509e-06
1.2547900390625 8.524969845629343e-06
1.2557900390625 9.083878548712422e-06
1.2567900390625 9.832672141978458e-06
1.2577900390625 1.0632717151862164e-05
1.2587900390625 1.1914833028995881e-05
1.2597900390625 1.2816154256696462e-05
1.2607900390625 1.4251549409356923e-05
1.2617900390625 1.5052243935925703e-05
1.2627900390625 1.745233798107857e-05
1.2637900390625 1.914731728381969e-05
1.2647900390625 2.0960088700383893e-05
1.2657900390625 2.330468068706713e-05
1.2667900390625 2.5626263266184187e-05
1.2677900390625 2.8351687417970254e-05
1.2687900390625 3.107686315982776e-05
1.2697900390625 3.513779684697594e-05
1.2707900390625 3.98545465608692e-05
1.2717900390625 4.440827368703339e-05
1.2727900390625 5.019292274751991e-05
1.2737900390625 5.6528693926791976e-05
1.2747900390625 6.438553784211533e-05
1.2757900390625 7.316135096056256e-05
1.2767900390625 8.417137501240236e-05
1.2777900390625 9.576258454194735e-05
1.2787900390625 0.0001097389912793887
1.2797900390625 0.00012590593510226818
1.2807900390625 0.0001443594236807949
1.2817900390625 0.00016652356507178672
1.2827900390625 0.00019115209164762318
1.2837900390625 0.00021896631844654956
1.2847900390625 0.0002512068682582502
1.2857900390625 0.0002896308642877144
1.2867900390625 0.0003355964664700515
1.2877900390625 0.00038394041163488654
1.2887900390625 0.00044623580168599175
1.2897900390625 0.0005204802304918996
1.2907900390625 0.0006025042609510234
1.2917900390625 0.0006996362757580633
1.2927900390625 0.0008287976337194151
1.2937900390625 0.0009711125164900752
1.2947900390625 0.0011371031944562026
1.2957900390625 0.001360340613251294
1.2967900390625 0.001614341568155614
1.2977900390625 0.0019312142005411962
1.2987900390625 0.0023379247167407673
1.2997900390625 0.0028201275143324846
1.3007900390625 0.003422426817211713
1.3017900390625 0.004167044554161858
1.3027900390625 0.005099506890139062
1.3037900390625 0.006199613957000928
1.3047900390625 0.007486474001453063
1.3057900390625 0.008856109851234159
1.3067900390625 0.009957057220156674
1.3077900390625 0.010503420319885326
1.3087900390625 0.011619500505001188
1.3097900390625 0.012980506281653854
1.3107900390625 0.014233177082675413
1.3117900390625 0.015616488841231325
1.3127900390625 0.017791261207602237
1.3137900390625 0.019932052469020512
1.3147900390625 0.022761898687520325
1.3157900390625 0.025207245409815764
1.3167900390625 0.029020015442738512
1.3177900390625 0.0330090810806724
1.3187900390625 0.03888920232010768
1.3197900390625 0.04564439591484731
1.3207900390625 0.05405062358317388
1.3217900390625 0.06306842452579683
1.3227900390625 0.07476115581783509
1.3237900390625 0.08727848883729752
1.3247900390625 0.10298024491192383
1.3257900390625 0.11832715396891652
1.3267900390625 0.13754433807262614
1.3277900390625 0.15826636688552634
1.3287900390625 0.18186268798039695
1.3297900390625 0.2064360439340876
1.3307900390625 0.23187612056704254
1.3317900390625 0.25638910306443874
1.3327900390625 0.2797002416609883
1.3337900390625 0.3021997972408636
1.3347900390625 0.3223296307430852
1.3357900390625 0.33724007214988283
1.3367900390625 0.35109156785824963
1.3377900390625 0.3621824340002201
1.3387900390625 0.37012251986739547
1.3397900390625 0.37493433942348253
1.3407900390625 0.3784316413984221
1.3417900390625 0.38113304122723896
1.3427900390625 0.38284942398309324
1.3437900390625 0.3860273172655758
1.3447900390625 0.3848650864968388
1.3457900390625 0.38729753401570144
1.3467900390625 0.3881554496262411
1.3477900390625 0.3892494279355467
1.3487900390625 0.39037652695868075
1.3497900390625 0.39124870844696386
1.3507900390625 0.3932713576448487
1.3517900390625 0.39273662545128485
1.3527900390625 0.39310293588972495
1.3537900390625 0.3950420298773293
1.3547900390625 0.3939455779127663
1.3557900390625 0.3948543589730591
1.3567900390625 0.3944508769826787
1.3577900390625 0.39420250578853455
1.3587900390625 0.3940227868313834
1.3597900390625 0.3931146334627001
1.3607900390625 0.3924741053951305
1.3617900390625 0.3912578650917921
1.3627900390625 0.3910319762550346
1.3637900390625 0.38954713609938774
1.3647900390625 0.3920396060951318
1.3657900390625 0.39264903188735245
1.3667900390625 0.3912069405389868
1.3677900390625 0.39160559953398294
1.3687900390625 0.3914217175068031
1.3697900390625 0.39225360880310917
1.3707900390625 0.39326801578475623
1.3717900390625 0.3923670735295523
1.3727900390625 0.3921846547080481
1.3737900390625 0.3917041138760941
1.3747900390625 0.39146973256461526
1.3757900390625 0.3923079521021658
1.3767900390625 0.3915147504913346
1.3777900390625 0.3914644794616036
1.3787900390625 0.391484279378379
1.3797900390625 0.3911962572019825
1.3807900390625 0.3893442903911911
1.3817900390625 0.38922258694509626
1.3827900390625 0.3913612558081538
1.3837900390625 0.3901406519422727
1.3847900390625 0.38890072244532775
1.3857900390625 0.3903676468154006
1.3867900390625 0.389695411344619
1.3877900390625 0.38791727389853714
1.3887900390625 0.3887536343307408
1.3897900390625 0.3904482941949975
1.3907900390625 0.3910862043811742
1.3917900390625 0.3898850701099332
1.3927900390625 0.3913659083701153
1.3937900390625 0.39064848353335185
1.3947900390625 0.39251134800314874
1.3957900390625 0.3919381348194054
1.3967900390625 0.3924401935024708
1.3977900390625 0.3945894570598091
1.3987900390625 0.39457305857750624
1.3997900390625 0.3934917998586552
1.4007900390625 0.3960031624622562
1.4017900390625 0.39578767363962414
1.4027900390625 0.3959826418384586
1.4037900390625 0.3978930193558615
1.4047900390625 0.3982952220754438
1.4057900390625 0.39961764721475707
1.4067900390625 0.39931113252852557
1.4077900390625 0.39961516316571777
1.4087900390625 0.3996243282477896
1.4097900390625 0.40150911316013826
1.4107900390625 0.4009794256133691
1.4117900390625 0.40325489666733666
1.4127900390625 0.403455884872982
1.4137900390625 0.40557927703199176
1.4147900390625 0.40557618598514716
1.4157900390625 0.40638789698727534
1.4167900390625 0.40730704734486806
1.4177900390625 0.40580789109574716
1.4187900390625 0.40865807020667216
1.4197900390625 0.4086959109014348
1.4207900390625 0.4092688983746745
1.4217900390625 0.4092268375086619
1.4227900390625 0.4116760952696578
1.4237900390625 0.41218858710660733
1.4247900390625 0.41255213673732477
1.4257900390625 0.41265083922960616
1.4267900390625 0.41240303140308815
1.4277900390625 0.4134397080044272
1.4287900390625 0.4131313630889793
1.4297900390625 0.4151671526397728
1.4307900390625 0.41656594873113517
1.4317900390625 0.41707973485675887
1.4327900390625 0.41621897561126464
1.4337900390625 0.4154267357956966
1.4347900390625 0.41710900341238855
1.4357900390625 0.4179633962918066
1.4367900390625 0.41681826448011383
1.4377900390625 0.41774457398600034
1.4387900390625 0.4183387854477793
1.4397900390625 0.41729178187197563
1.4407900390625 0.4195843981071779
1.4417900390625 0.4185146429636353
1.4427900390625 0.41961615297775046
1.4437900390625 0.4190130458278082
1.4447900390625 0.4199757237859692
1.4457900390625 0.4197428274753091
1.4467900390625 0.42020991581842676
1.4477900390625 0.4193665589458266
1.4487900390625 0.4222021562346713
1.4497900390625 0.4219013419646306
1.4507900390625 0.42035842945688257
1.4517900390625 0.422147088658438
1.4527900390625 0.4230951828396539
1.4537900390625 0.4204361135456472
1.4547900390625 0.41949356573932606
1.4557900390625 0.42078485705898716
1.4567900390625 0.41886766401210324
1.4577900390625 0.4190002198517454
1.4587900390625 0.41968737582359117
1.4597900390625 0.4188859020112338
1.4607900390625 0.4165295116131495
1.4617900390625 0.4161066650714814
1.4627900390625 0.41612787205039153
1.4637900390625 0.4160117169673459
1.4647900390625 0.4158147922386844
1.4657900390625 0.41528060923988
1.4667900390625 0.41382026670272326
1.4677900390625 0.4131197793936736
1.4687900390625 0.4132286567974015
1.4697900390625 0.4125107024795165
1.4707900390625 0.41127039919835506
1.4717900390625 0.409641376744197
1.4727900390625 0.41087985231629837
1.4737900390625 0.40909750865418587
1.4747900390625 0.41163002796419046
1.4757900390625 0.4105456865801541
1.4767900390625 0.41267157211991135
1.4777900390625 0.4104510786675247
1.4787900390625 0.41120695271953656
1.4797900390625 0.4115089146170107
1.4807900390625 0.4115180428914138
1.4817900390625 0.41051643310257085
1.4827900390625 0.4124368306658961
1.4837900390625 0.4125586307226513
1.4847900390625 0.41437508552140967
1.4857900390625 0.4159397946928419
1.4867900390625 0.4151423662968809
1.4877900390625 0.4159388763012801
1.4887900390625 0.4165734410078642
1.4897900390625 0.4172350986881909
1.4907900390625 0.4172070849324241
1.4917900390625 0.42007999421621856
1.4927900390625 0.4197304327787497
1.4937900390625 0.4207017281273069
1.4947900390625 0.42019472482021164
1.4957900390625 0.421670558094789
1.4967900390625 0.42301544931883406
1.4977900390625 0.42264647967446395
1.4987900390625 0.42370171750865
1.4997900390625 0.4269130856866939
1.5007900390625 0.42608358398023133
1.5017900390625 0.426504777369332
1.5027900390625 0.4262562685255496
1.5037900390625 0.42827348855113323
1.5047900390625 0.42953917219824345
1.5057900390625 0.42924346063421415
1.5067900390625 0.4317322465108193
1.5077900390625 0.4308754201833402
1.5087900390625 0.43204621074801797
1.5097900390625 0.43309245147377856
1.5107900390625 0.43462092436046673
1.5117900390625 0.43361719626977036
1.5127900390625 0.43534647665800896
1.5137900390625 0.4355080522634807
1.5147900390625 0.4357181826733403
1.5157900390625 0.4359921913860154
1.5167900390625 0.43746136456581164
1.5177900390625 0.4384925780704366
1.5187900390625 0.4358948756649579
1.5197900390625 0.43789775885199206
1.5207900390625 0.43697870333785505
1.5217900390625 0.4353089620850149
1.5227900390625 0.4395861019149322
1.5237900390625 0.4350652648971202
1.5247900390625 0.43482925341406464
1.5257900390625 0.43548657058221435
1.5267900390625 0.436554656551635
1.5277900390625 0.43585666052991073
1.5287900390625 0.4345156089901299
1.5297900390625 0.43419754899980967
1.5307900390625 0.434479113694389
1.5317900390625 0.43418829544434107
1.5327900390625 0.43463928557700493
1.5337900390625 0.43426671864924166
1.5347900390625 0.4323309096022325
1.5357900390625 0.4334764872893897
1.5367900390625 0.43260344562579695
1.5377900390625 0.43449070361693193
1.5387900390625 0.43308343841586167
1.5397900390625 0.4324708521601572
1.5407900390625 0.4325418143207657
1.5417900390625 0.4322752076517707
1.5427900390625 0.43230161797479566
1.5437900390625 0.4338317364817461
1.5447900390625 0.42967009713854487
1.5457900390625 0.4325349582548599
1.5467900390625 0.43277433806163895
1.5477900390625 0.43205738925812354
1.5487900390625 0.433116182685372
1.5497900390625 0.42988762042961753
1.5507900390625 0.4322172773207199
1.5517900390625 0.4312411071174266
1.5527900390625 0.4321095727605741
1.5537900390625 0.4306404785192807
1.5547900390625 0.43257994920973947
1.5557900390625 0.42970333372499653
1.5567900390625 0.4294828082541251
1.5577900390625 0.42952932778831476
1.5587900390625 0.4295536083604754
1.5597900390625 0.4300507349370544
1.5607900390625 0.43009226404303064
1.5617900390625 0.43045595814525756
1.5627900390625 0.4284231564071107
1.5637900390625 0.42898298185735806
1.5647900390625 0.4284522543123013
1.5657900390625 0.4289927315250243
1.5667900390625 0.42982129147378206
1.5677900390625 0.43113716126207857
1.5687900390625 0.4304283926038437
1.5697900390625 0.42977980460546406
1.5707900390625 0.4309386927898375
1.5717900390625 0.430646541426494
1.5727900390625 0.433284726936092
1.5737900390625 0.43130093437956524
1.5747900390625 0.4345517174160882
1.5757900390625 0.43434941066502947
1.5767900390625 0.43640948145318487
1.5777900390625 0.4370853025565796
1.5787900390625 0.43646422203014756
1.5797900390625 0.4377945553046786
1.5807900390625 0.43832505851188824
1.5817900390625 0.43956680734340176
1.5827900390625 0.4406917154944741
1.5837900390625 0.4412964520874515
1.5847900390625 0.4435970976813137
1.5857900390625 0.4429109543085526
1.5867900390625 0.44235440175374996
1.5877900390625 0.44348935596495415
1.5887900390625 0.44312489620933904
1.5897900390625 0.44289926376069216
1.5907900390625 0.44385234762581405
1.5917900390625 0.44507260523593123
1.5927900390625 0.4463770114813634
1.5937900390625 0.4455888817110053
1.5947900390625 0.4445339012758555
1.5957900390625 0.44614215052091816
1.5967900390625 0.44669376517733866
1.5977900390625 0.44672830382949374
1.5987900390625 0.44663352975790266
1.5997900390625 0.4446288279787762
1.6007900390625 0.446479367162091
1.6017900390625 0.44708980660153624
1.6027900390625 0.4462827687894351
1.6037900390625 0.4459426524455939
1.6047900390625 0.44558185189817096
1.6057900390625 0.4457860767642916
1.6067900390625 0.44668833699690286
1.6077900390625 0.44762480424669004
1.6087900390625 0.44511110468457094
1.6097900390625 0.445417739377029
1.6107900390625 0.4460879224899457
1.6117900390625 0.4461946409162442
1.6127900390625 0.4449712895374484
1.6137900390625 0.4458572307675753
1.6147900390625 0.4451959732009944
1.6157900390625 0.44694018949228553
1.6167900390625 0.44624778306541885
1.6177900390625 0.4485629212178874
1.6187900390625 0.4462260589275221
1.6197900390625 0.44750261090921156
1.6207900390625 0.44614751858070734
1.6217900390625 0.4478683227745286
1.6227900390625 0.4472909548818459
1.6237900390625 0.44647074989519986
1.6247900390625 0.4465718936436547
1.6257900390625 0.4469665863072826
1.6267900390625 0.44579268549465695
1.6277900390625 0.4470824437818521
1.6287900390625 0.44829612730603813
1.6297900390625 0.44658390892381256
1.6307900390625 0.4477125676170796
1.6317900390625 0.4483491644039695
1.6327900390625 0.4482792129485527
1.6337900390625 0.4477105053615031
1.6347900390625 0.44748711830860716
1.6357900390625 0.4482756854079784
1.6367900390625 0.4479611712320961
1.6377900390625 0.4483914982317289
1.6387900390625 0.44653583036309213
1.6397900390625 0.44821023866353504
1.6407900390625 0.44630170842862665
1.6417900390625 0.44629097108470966
1.6427900390625 0.4471118919628209
1.6437900390625 0.4466729626129078
1.6447900390625 0.4439113720769018
1.6457900390625 0.44592783372355993
1.6467900390625 0.44614141518846434
1.6477900390625 0.44836221444399543
1.6487900390625 0.44808526374364044
1.6497900390625 0.44738061411388075
1.6507900390625 0.4494462022092393
1.6517900390625 0.44901283700895295
1.6527900390625 0.4506428741574894
1.6537900390625 0.4510709672335448
1.6547900390625 0.45082581730595644
1.6557900390625 0.4479095810697332
1.6567900390625 0.44529337522578827
1.6577900390625 0.44095707854916194
1.6587900390625 0.432293302123257
1.6597900390625 0.42093023228431525
1.6607900390625 0.40639375439709974
1.6617900390625 0.38810793733544013
1.6627900390625 0.36547026191668575
1.6637900390625 0.3391545168483139
1.6647900390625 0.312608137893141
1.6657900390625 0.2851147253760162
1.6667900390625 0.2542761442814817
1.6677900390625 0.22567376426973507
1.6687900390625 0.19711082386700157
1.6697900390625 0.1703748775674543
1.6707900390625 0.14714494156243663
1.6717900390625 0.12544216312676595
1.6727900390625 0.10679258305599434
1.6737900390625 0.09157863852252851
1.6747900390625 0.07919192364496952
1.6757900390625 0.06983497989500888
1.6767900390625 0.06091360629350007
1.6777900390625 0.05372031965141595
1.6787900390625 0.04666703971164944
1.6797900390625 0.04122804801776872
1.6807900390625 0.03642297794674362
1.6817900390625 0.032945832569820595
1.6827900390625 0.02896456466512492
1.6837900390625 0.025596946117194336
1.6847900390625 0.02198421307445476
1.6857900390625 0.01851366079869014
1.6867900390625 0.015626930914511047
1.6877900390625 0.013149967230233985
1.6887900390625 0.01095950706138545
1.6897900390625 0.009240339569415308
1.6907900390625 0.007759692504928773
1.6917900390625 0.006523439540774563
1.6927900390625 0.0054662058381950585
1.6937900390625 0.004625303676433479
1.6947900390625 0.003903504076615744
1.6957900390625 0.0032882377763539436
1.6967900390625 0.002812172970306777
1.6977900390625 0.002382661888611056
1.6987900390625 0.0020297066317865016
1.6997900390625 0.0017406715122555616
1.7007900390625 0.0015044918085010404
1.7017900390625 0.0012877536560722284
1.7027900390625 0.0011122481394095001
1.7037900390625 0.0009633521274943517
1.7047900390625 0.0008367968262852966
1.7057900390625 0.0007312055888852039
1.7067900390625 0.000638459867397991
1.7077900390625 0.0005569151614759033
1.7087900390625 0.0004885920124850413
1.7097900390625 0.0004309546363210912
1.7107900390625 0.00037966858713288826
1.7117900390625 0.0003370782572969857
1.7127900390625 0.00030019972611119566
1.7137900390625 0.00026323001638963237
1.7147900390625 0.00023661969910444865
1.7157900390625 0.00021056138677908094
1.7167900390625 0.00018956794436501736
1.7177900390625 0.0001699948089605398
1.7187900390625 0.0001524352534141993
1.7197900390625 0.00013777858591364653
1.7207900390625 0.0001251550632870981
1.7217900390625 0.00011442121084677406
1.7227900390625 0.00010184398280536208
1.7237900390625 9.331776041679063e-05
1.7247900390625 8.528059446342411e-05
1.7257900390625 7.771617176311678e-05
1.7267900390625 6.97183128922937e-05
1.7277900390625 6.534097826396465e-05
1.7287900390625 5.8318188110611404e-05
1.7297900390625 5.493425043174874e-05
1.7307900390625 5.0230194065878024e-05
1.7317900390625 4.607499545291389e-05
1.7327900390625 4.229905919427964e-05
1.7337900390625 3.7490060901470155e-05
1.7347900390625 3.641840740518669e-05
1.7357900390625 3.245764002705228e-05
1.7367900390625 3.0453977020891746e-05
1.7377900390625 2.9067952055660062e-05
1.7387900390625 2.5619413631137737e-05
1.7397900390625 2.4404657501252186e-05
1.7407900390625 2.2459464242001608e-05
1.7417900390625 2.0219076583707967e-05
1.7427900390625 1.9227215687919562e-05
1.7437900390625 1.9043305634573846e-05
1.7447900390625 1.7075365125435635e-05
1.7457900390625 1.685471643698937e-05
1.7467900390625 1.534510547330147e-05
1.7477900390625 1.5301806154454946e-05
1.7487900390625 1.4525057787865719e-05
1.7497900390625 1.254195445076272e-05
1.7507900390625 1.278079740631579e-05
1.7517900390625 1.134768757972685e-05
1.7527900390625 1.0474344280744838e-05
1.7537900390625 1.0220865617821371e-05
1.7547900390625 1.0698367442578871e-05
1.7557900390625 9.45561753489463e-06
1.7567900390625 9.043360104523333e-06
1.7577900390625 6.77783852000689e-06
1.7587900390625 8.87271179289139e-06
1.7597900390625 7.914746266555878e-06
1.7607900390625 8.705939051098346e-06
1.7617900390625 7.401320178845306e-06
1.7627900390625 6.8592685300872915e-06
1.7637900390625 6.966128148551883e-06
1.7647900390625 6.1805545698985025e-06
1.7657900390625 7.199582751401723e-06
1.7667900390625 5.923955735515069e-06
1.7677900390625 6.36183986667429e-06
1.7687900390625 5.124843013897334e-06
1.7697900390625 6.08109023925837e-06
1.7707900390625 7.204003048578196e-06
1.7717900390625 4.711164154602885e-06
1.7727900390625 6.125346018353463e-06
1.7737900390625 5.280782824685609e-06
1.7747900390625 4.496292174045292e-06
1.7757900390625 5.979152698704542e-06
1.7767900390625 6.059608659818417e-06
1.7777900390625 5.516470372170256e-06
1.7787900390625 6.0857654601188615e-06
1.7797900390625 3.862104843514333e-06
1.7807900390625 3.7774002682597314e-06
1.7817900390625 4.6729457473794e-06
1.7827900390625 4.026620966182531e-06
1.7837900390625 3.570656682979466e-06
1.7847900390625 5.020842612266558e-06
1.7857900390625 4.993990544540523e-06
1.7867900390625 5.772593056306638e-06
1.7877900390625 5.556468846662094e-06
1.7887900390625 3.966099746536785e-06
1.7897900390625 5.020858102294606e-06
1.7907900390625 4.551506553908311e-06
1.7917900390625 5.926493895467858e-06
1.7927900390625 4.480138862816018e-06
1.7937900390625 4.885307667851972e-06
1.7947900390625 4.494764857269499e-06
1.7957900390625 6.101342548783147e-06
1.7967900390625 4.895838596129855e-06
1.7977900390625 4.559970329457197e-06
1.7987900390625 3.497861544650313e-06
1.7997900390625 3.536860829778778e-06
1.8007900390625 5.921465856138956e-06
1.8017900390625 4.683512412188193e-06
1.8027900390625 5.8759946690025625e-06
1.8037900390625 6.256327869867637e-06
1.8047900390625 3.833917662869186e-06
1.8057900390625 4.39062152248337e-06
1.8067900390625 4.3119525270263595e-06
1.8077900390625 4.961722521252682e-06
1.8087900390625 4.999015278915812e-06
1.8097900390625 5.5661259445068425e-06
1.8107900390625 6.571868954353423e-06
1.8117900390625 4.712804940056374e-06
1.8127900390625 5.296620180549627e-06
1.8137900390625 4.559484457319207e-06
1.8147900390625 5.088932424264006e-06
1.8157900390625 4.029819985626489e-06
1.8167900390625 4.146783950905308e-06
1.8177900390625 5.747450351861173e-06
1.8187900390625 6.483351834947946e-06
1.8197900390625 4.060559138236869e-06
1.8207900390625 5.367642435076937e-06
1.8217900390625 4.888444466999157e-06
1.8227900390625 4.811051499576511e-06
1.8237900390625 5.496369072505471e-06
1.8247900390625 5.081921030116097e-06
1.8257900390625 5.257441281422761e-06
1.8267900390625 4.4413603522145345e-06
1.8277900390625 3.2550489070196866e-06
1.8287900390625 5.954091941658393e-06
1.8297900390625 4.254881150839041e-06
1.8307900390625 5.940738220475542e-06
1.8317900390625 4.029470169547613e-06
1.8327900390625 5.895850641848208e-06
1.8337900390625 3.0107747775144877e-06
1.8347900390625 5.876664051019145e-06
1.8357900390625 5.081749315340454e-06
1.8367900390625 5.072516144616125e-06
1.8377900390625 2.84515796030686e-06
1.8387900390625 6.170524326105865e-06
1.8397900390625 3.4697114308186274e-06
1.8407900390625 5.0375268855405346e-06
1.8417900390625 3.6495495527553003e-06
1.8427900390625 5.7272716474613885e-06
1.8437900390625 5.576413995877424e-06
1.8447900390625 4.433893654562518e-06
1.8457900390625 4.996836789302093e-06
1.8467900390625 6.849420110553089e-06
1.8477900390625 5.938854031836075e-06
1.8487900390625 4.36952998645163e-06
1.8497900390625 6.171789552949387e-06
1.8507900390625 5.211429712010821e-06
1.8517900390625 9.226811564951477e-06
1.8527900390625 5.3793141899168446e-06
1.8537900390625 5.242716407936519e-06
1.8547900390625 5.21583539865787e-06
1.8557900390625 7.185387684579203e-06
1.8567900390625 5.942406550721257e-06
1.8577900390625 4.2418732473183065e-06
1.8587900390625 7.067384681357265e-06
1.8597900390625 2.8080877065987e-06
1.8607900390625 6.865225387520999e-06
1.8617900390625 6.198146644669789e-06
1.8627900390625 8.103707500634357e-06
1.8637900390625 4.914149678102793e-06
1.8647900390625 7.0216074201365214e-06
1.8657900390625 5.167888900711294e-06
1.8667900390625 4.132513332714604e-06
1.8677900390625 7.472699273805446e-06
1.8687900390625 5.375321713111087e-06
1.8697900390625 5.823718761728988e-06
1.8707900390625 6.255535429812606e-06
1.8717900390625 7.0806378103804e-06
1.8727900390625 4.618834848837572e-06
1.8737900390625 5.248489895933596e-06
1.8747900390625 5.054950363093372e-06
1.8757900390625 5.243079547431545e-06
1.8767900390625 5.764307591450004e-06
1.8777900390625 6.722568029724878e-06
1.8787900390625 5.0156630535191726e-06
1.8797900390625 4.052732211339568e-06
1.8807900390625 4.9190541111957e-06
1.8817900390625 3.0344229710407077e-06
1.8827900390625 5.970981313530153e-06
1.8837900390625 5.6629530150006405e-06
1.8847900390625 7.0290869309136555e-06
1.8857900390625 4.838042050034798e-06
1.8867900390625 3.864784186556704e-06
1.8877900390625 5.695068387084352e-06
1.8887900390625 5.024167312517117e-06
1.8897900390625 5.804128363764916e-06
1.8907900390625 5.159989828226316e-06
1.8917900390625 5.789252051804044e-06
1.8927900390625 5.2356979799207054e-06
1.8937900390625 5.544434245534286e-06
1.8947900390625 3.6856815395595557e-06
1.8957900390625 7.331774064010542e-06
1.8967900390625 7.533253070542084e-06
1.8977900390625 7.171076709656945e-06
1.8987900390625 6.242528438098262e-06
1.8997900390625 4.582431908681636e-06
1.9007900390625 4.960038057167185e-06
1.9017900390625 5.862195034665562e-06
1.9027900390625 6.393274243714211e-06
1.9037900390625 4.057924269134334e-06
1.9047900390625 5.52206818969539e-06
1.9057900390625 5.563537461023759e-06
1.9067900390625 5.614281490110004e-06
1.9077900390625 6.205151358364146e-06
1.9087900390625 4.982852239058769e-06
1.9097900390625 5.768822550783346e-06
1.9107900390625 6.674995915452504e-06
1.9117900390625 5.7745106074563115e-06
1.9127900390625 7.619516078889974e-06
1.9137900390625 5.745628975982334e-06
1.9147900390625 5.599748617731616e-06
1.9157900390625 4.994155513644769e-06
1.9167900390625 5.9257084105505245e-06
1.9177900390625 5.090318465369885e-06
1.9187900390625 7.174660493529755e-06
1.9197900390625 5.4321693001328794e-06
1.9207900390625 6.119227840645069e-06
1.9217900390625 6.513646904627656e-06
1.9227900390625 7.121381864525708e-06
1.9237900390625 5.596853319582473e-06
1.9247900390625 6.5230856021099325e-06
1.9257900390625 3.82523409669337e-06
1.9267900390625 7.046459832048825e-06
1.9277900390625 6.4567898902774585e-06
1.9287900390625 4.87985491666412e-06
1.9297900390625 5.592049707129693e-06
1.9307900390625 6.434918706778209e-06
1.9317900390625 5.215954307451194e-06
1.9327900390625 4.896793117749056e-06
1.9337900390625 6.150469860470249e-06
1.9347900390625 5.83778145065933e-06
1.9357900390625 7.304627505047028e-06
1.9367900390625 6.1998204253168905e-06
1.9377900390625 5.740713110792183e-06
1.9387900390625 3.2171467683917166e-06
1.9397900390625 7.78071573175025e-06
1.9407900390625 5.2973014505056745e-06
1.9417900390625 6.696975329527766e-06
1.9427900390625 7.207987201506333e-06
1.9437900390625 6.0057198294299384e-06
1.9447900390625 8.897195794966325e-06
1.9457900390625 6.886087607703887e-06
1.9467900390625 7.680228779368645e-06
1.9477900390625 7.004599121950371e-06
1.9487900390625 3.716003862502083e-06
1.9497900390625 7.92844510500037e-06
1.9507900390625 7.602830495277998e-06
1.9517900390625 4.954535149949461e-06
1.9527900390625 5.265130863163661e-06
1.9537900390625 6.068501485874761e-06
1.9547900390625 3.928586512665305e-06
1.9557900390625 6.915243025733617e-06
1.9567900390625 5.062171008406555e-06
1.9577900390625 7.3178049639803855e-06
1.9587900390625 5.5393368418405275e-06
1.9597900390625 5.663410645704087e-06
1.9607900390625 5.555839892448062e-06
1.9617900390625 6.237741751820243e-06
1.9627900390625 4.936336844346312e-06
1.9637900390625 5.1841178198147004e-06
1.9647900390625 5.346644589199642e-06
1.9657900390625 6.581860928148932e-06
1.9667900390625 7.57472101937769e-06
1.9677900390625 4.753047924892649e-06
1.9687900390625 8.32548656933213e-06
1.9697900390625 5.056054657382616e-06
1.9707900390625 6.569155934144814e-06
1.9717900390625 6.164041340826756e-06
1.9727900390625 6.988685864146093e-06
1.9737900390625 6.788382173146047e-06
1.9747900390625 6.844480664297438e-06
1.9757900390625 4.25646540759591e-06
1.9767900390625 5.571585509110147e-06
1.9777900390625 6.884421856260379e-06
1.9787900390625 7.563219276414646e-06
1.9797900390625 7.197881466924929e-06
1.9807900390625 4.037929685293141e-06
1.9817900390625 6.11093830028695e-06
1.9827900390625 8.854684677426973e-06
1.9837900390625 8.026614666327283e-06
1.9847900390625 4.7064573900719135e-06
1.9857900390625 5.889389387162932e-06
1.9867900390625 6.881385456568629e-06
1.9877900390625 6.674083527041801e-06
1.9887900390625 7.884497775682403e-06
1.9897900390625 7.494021171754292e-06
1.9907900390625 4.1735328720354735e-06
1.9917900390625 6.993175350474207e-06
1.9927900390625 5.946496488428418e-06
1.9937900390625 4.451025980997714e-06
1.9947900390625 6.302396333685307e-06
1.9957900390625 8.704816988783739e-06
1.9967900390625 5.674855997174272e-06
1.9977900390625 6.5792724705046395e-06
1.9987900390625 7.3737723582693644e-06
1.9997900390625 4.423489518816155e-06
2.0007900390625 4.980835101671118e-06
2.0017900390625 5.009415067527203e-06
2.0027900390625 6.3200405127276666e-06
2.0037900390625 8.046640566936454e-06
2.0047900390625 7.355500488302039e-06
2.0057900390625 4.50324764496265e-06
2.0067900390625 6.775308800729352e-06
2.0077900390625 8.530592175748407e-06
2.0087900390625 5.14389607444209e-06
2.0097900390625 7.310819060290238e-06
2.0107900390625 7.834927409565552e-06
2.0117900390625 8.705474005970483e-06
2.0127900390625 5.5051781934712496e-06
2.0137900390625 8.258108145125707e-06
2.0147900390625 6.1400428364651545e-06
2.0157900390625 8.039450356437939e-06
2.0167900390625 5.111687365274123e-06
2.0177900390625 8.876447150836528e-06
2.0187900390625 7.81403548263964e-06
2.0197900390625 8.644920781436048e-06
2.0207900390625 7.035323240917561e-06
2.0217900390625 8.300986289866712e-06
2.0227900390625 4.821998538236385e-06
2.0237900390625 6.246628507201085e-06
2.0247900390625 9.226425727624594e-06
2.0257900390625 7.5636653686785046e-06
2.0267900390625 6.9165953173338485e-06
2.0277900390625 5.388745632909803e-06
2.0287900390625 7.770008773793683e-06
2.0297900390625 9.604958696151325e-06
2.0307900390625 7.6350536620456e-06
2.0317900390625 7.019356157652659e-06
2.0327900390625 1.1463431657288408e-05
2.0337900390625 6.131204224767157e-06
2.0347900390625 4.577292292102636e-06
2.0357900390625 7.899216712311777e-06
2.0367900390625 5.265717596618047e-06
2.0377900390625 8.270652560337184e-06
2.0387900390625 7.673338561277713e-06
2.0397900390625 6.656889324014244e-06
2.0407900390625 5.357870470643869e-06
2.0417900390625 1.2107628796149212e-05
2.0427900390625 6.246154812362582e-06
2.0437900390625 7.748596171268794e-06
2.0447900390625 5.335111085934635e-06
2.0457900390625 8.922822221491186e-06
2.0467900390625 5.135680978810182e-06
2.0477900390625 5.788068391608029e-06
2.0487900390625 9.182372373539718e-06
2.0497900390625 7.187491192160164e-06
2.0507900390625 7.257865731733822e-06
2.0517900390625 8.172218131346482e-06
2.0527900390625 6.902337014515318e-06
2.0537900390625 6.218254673111169e-06
2.0547900390625 7.197836384162404e-06
2.0557900390625 7.940475253807158e-06
2.0567900390625 6.695397906816312e-06
2.0577900390625 5.573341499130719e-06
2.0587900390625 9.473226703370129e-06
2.0597900390625 5.787139106073295e-06
2.0607900390625 8.533623250758697e-06
2.0617900390625 8.055525458012401e-06
2.0627900390625 6.5343315172410115e-06
2.0637900390625 8.129438953026059e-06
2.0647900390625 9.810063181327824e-06
2.0657900390625 9.798001814638577e-06
2.0667900390625 5.756289214833649e-06
2.0677900390625 7.3934872957112135e-06
2.0687900390625 1.1083626739414324e-05
2.0697900390625 7.181207056075714e-06
2.0707900390625 9.647919019232427e-06
2.0717900390625 6.531347007481616e-06
2.0727900390625 7.94697711068429e-06
2.0737900390625 7.625011083711621e-06
2.0747900390625 9.67569527183636e-06
2.0757900390625 8.246099842125014e-06
2.0767900390625 7.810668993230014e-06
2.0777900390625 7.1013265557307615e-06
2.0787900390625 8.90496691230475e-06
2.0797900390625 9.010169775960011e-06
2.0807900390625 1.1620053574251588e-05
2.0817900390625 6.4738635230889375e-06
2.0827900390625 1.121218044971926e-05
2.0837900390625 6.585827999282515e-06
2.0847900390625 8.98556579020228e-06
2.0857900390625 6.898879012987815e-06
2.0867900390625 8.357411113604636e-06
2.0877900390625 7.749934014610109e-06
2.0887900390625 6.550678547111813e-06
2.0897900390625 9.391607983224877e-06
2.0907900390625 1.0440086345178986e-05
2.0917900390625 8.206390411691608e-06
2.0927900390625 7.422635329762023e-06
2.0937900390625 9.471144204701558e-06
2.0947900390625 5.718681894529767e-06
2.0957900390625 9.136287362404866e-06
2.0967900390625 9.26683584621817e-06
2.0977900390625 1.0471444738330254e-05
2.0987900390625 7.988561765638809e-06
2.0997900390625 8.569373250893518e-06
2.1007900390625 9.082112544796527e-06
2.1017900390625 8.22491912739457e-06
2.1027900390625 8.322717952198187e-06
2.1037900390625 9.145466428600981e-06
2.1047900390625 1.1893572139075259e-05
2.1057900390625 7.677018701114826e-06
2.1067900390625 1.0826835526716098e-05
2.1077900390625 1.1460288123120264e-05
2.1087900390625 6.789014405972038e-06
2.1097900390625 8.431140669027182e-06
2.1107900390625 7.327590308119901e-06
2.1117900390625 9.213171079745137e-06
2.1127900390625 8.038450621108316e-06
2.1137900390625 8.580884266069451e-06
2.1147900390625 8.746782629014217e-06
2.1157900390625 9.305649978203675e-06
2.1167900390625 1.0367719746935274e-05
2.1177900390625 8.894736504085717e-06
2.1187900390625 1.1295702383314836e-05
2.1197900390625 1.1189461922547995e-05
2.1207900390625 1.2197800195389244e-05
2.1217900390625 1.152971289474709e-05
2.1227900390625 9.972626675222263e-06
2.1237900390625 7.752032776646e-06
2.1247900390625 6.230894485350738e-06
2.1257900390625 1.1749745240173694e-05
2.1267900390625 1.1292745969289676e-05
2.1277900390625 1.474296967457836e-05
2.1287900390625 9.679416403961933e-06
2.1297900390625 1.0495823836388186e-05
2.1307900390625 1.1163234756468853e-05
2.1317900390625 9.899754120815994e-06
2.1327900390625 1.4036376560803658e-05
2.1337900390625 8.155275475093378e-06
2.1347900390625 8.306116129633285e-06
2.1357900390625 9.661039240992128e-06
2.1367900390625 1.0421927042537315e-05
2.1377900390625 6.574493319988672e-06
2.1387900390625 1.026302809929669e-05
2.1397900390625 1.153320524622802e-05
2.1407900390625 1.0144209298613183e-05
2.1417900390625 1.4093379671265566e-05
2.1427900390625 8.010039506801238e-06
2.1437900390625 9.580077677917893e-06
2.1447900390625 1.1197855754004342e-05
2.1457900390625 1.0471047955451595e-05
2.1467900390625 9.10854677324074e-06
2.1477900390625 9.15977985732009e-06
2.1487900390625 1.284897935629917e-05
2.1497900390625 1.0765284575221751e-05
2.1507900390625 8.06669239011358e-06
2.1517900390625 1.1116117198941336e-05
2.1527900390625 1.5549424077308104e-05
2.1537900390625 1.2102897543873261e-05
2.1547900390625 1.2129885557453585e-05
2.1557900390625 1.2118949683644265e-05
2.1567900390625 8.55276178275428e-06
2.1577900390625 1.0941176566708493e-05
2.1587900390625 9.152073495007036e-06
2.1597900390625 1.3273873330944817e-05
2.1607900390625 9.582602236823506e-06
2.1617900390625 1.2008308541048597e-05
2.1627900390625 1.2104575723834796e-05
2.1637900390625 1.2054990810668444e-05
2.1647900390625 1.294335804863222e-05
2.1657900390625 8.518584928107203e-06
2.1667900390625 8.890127787030496e-06
2.1677900390625 8.890341329195339e-06
2.1687900390625 7.57230473132899e-06
2.1697900390625 1.2157442219799876e-05
2.1707900390625 1.3758911632171883e-05
2.1717900390625 8.944255679111602e-06
2.1727900390625 6.855493140237706e-06
2.1737900390625 1.3518349318575708e-05
2.1747900390625 1.029985316389918e-05
2.1757900390625 1.270369935613689e-05
2.1767900390625 7.5696131930283445e-06
2.1777900390625 7.380588933086179e-06
2.1787900390625 1.2030841839901823e-05
2.1797900390625 9.207219621740583e-06
2.1807900390625 6.7218428359020895e-06
2.1817900390625 1.3692098312976328e-05
2.1827900390625 9.410992945103967e-06
2.1837900390625 1.0038870132514269e-05
2.1847900390625 1.0735000353768807e-05
2.1857900390625 1.0876246939183608e-05
2.1867900390625 7.780230941716385e-06
2.1877900390625 7.059177863100078e-06
2.1887900390625 7.918774880364863e-06
2.1897900390625 1.0063391699813755e-05
2.1907900390625 1.0220350190832367e-05
2.1917900390625 1.3410301519916526e-05
2.1927900390625 1.2940997444830056e-05
2.1937900390625 8.58514768996285e-06
2.1947900390625 1.108956392634452e-05
2.1957900390625 1.1677217461824879e-05
2.1967900390625 1.3945064999668668e-05
2.1977900390625 1.2467345067530066e-05
2.1987900390625 1.5594094160668788e-05
2.1997900390625 1.0622717467337443e-05
2.2007900390625 1.2940491535628543e-05
2.2017900390625 1.373699103709503e-05
2.2027900390625 1.2451811920587318e-05
2.2037900390625 1.2385695026423346e-05
2.2047900390625 1.42259867980522e-05
2.2057900390625 1.5309612636551138e-05
2.2067900390625 1.2901260275167613e-05
2.2077900390625 1.208124246528299e-05
2.2087900390625 1.2730369798954818e-05
2.2097900390625 1.5483441063577877e-05
2.2107900390625 1.5385407598280383e-05
2.2117900390625 1.614272575168902e-05
2.2127900390625 2.1052935586817225e-05
2.2137900390625 1.98893837418109e-05
2.2147900390625 1.4777868140569472e-05
2.2157900390625 4.466465993779205e-06
2.2167900390625 1.8970809606543017e-05
2.2177900390625 2.0079685143515668e-05
2.2187900390625 1.828254032357836e-05
2.2197900390625 1.3738578041433822e-05
2.2207900390625 1.5372445669979895e-05
2.2217900390625 1.77797728763831e-05
2.2227900390625 1.652944270160653e-05
2.2237900390625 1.4887477728661819e-05
2.2247900390625 1.4175610051932746e-05
2.2257900390625 1.07794512346805e-05
2.2267900390625 2.172472250243633e-05
2.2277900390625 1.4611165862123015e-05
2.2287900390625 1.6167623259915587e-05
2.2297900390625 2.21039598147449e-05
2.2307900390625 1.4548652271490062e-05
2.2317900390625 1.4502078109339786e-05
2.2327900390625 1.6421562961204164e-05
2.2337900390625 1.614874661748523e-05
2.2347900390625 1.3972407071583215e-05
2.2357900390625 2.1408347689190338e-05
2.2367900390625 1.5061870339818722e-05
2.2377900390625 1.994767247126633e-05
2.2387900390625 1.1968506492041595e-05
2.2397900390625 2.138991946951714e-05
2.2407900390625 2.47419303384734e-05
2.2417900390625 1.681450751258259e-05
2.2427900390625 2.033342141717773e-05
2.2437900390625 2.0066703106362412e-05
2.2447900390625 1.2942147518036024e-05
2.2457900390625 2.010228238668102e-05
2.2467900390625 1.4811048618292461e-05
2.2477900390625 2.118477081521411e-05
2.2487900390625 1.5785055609020527e-05
2.2497900390625 1.854470651161605e-05
2.2507900390625 1.7018936087358535e-05
2.2517900390625 1.8705921458925762e-05
2.2527900390625 1.5932340171781405e-05
2.2537900390625 2.2536859458074532e-05
2.2547900390625 2.475520254261832e-05
2.2557900390625 2.334841304781374e-05
2.2567900390625 2.3503091184258205e-05
2.2577900390625 1.489192380134793e-05
2.2587900390625 1.629168707006313e-05
2.2597900390625 2.4103513148266845e-05
2.2607900390625 2.6315255684951216e-05
2.2617900390625 2.0400222406990022e-05
2.2627900390625 1.824023640329712e-05
2.2637900390625 1.8240147909579704e-05
2.2647900390625 1.629226793714703e-05
2.2657900390625 1.6137613784953125e-05
2.2667900390625 1.9283829927244754e-05
2.2677900390625 1.4471042054600266e-05
2.2687900390625 2.2521549412426768e-05
2.2697900390625 1.881724247373602e-05
2.2707900390625 1.7957174784867794e-05
2.2717900390625 1.6145154402643044e-05
2.2727900390625 1.5703942201611855e-05
2.2737900390625 1.8906470990430866e-05
2.2747900390625 1.6503226951584463e-05
2.2757900390625 1.743893361502131e-05
2.2767900390625 1.1689115214869466e-05
2.2777900390625 1.269156108181894e-05
2.2787900390625 1.4490253499953674e-05
2.2797900390625 1.551081223216286e-05
2.2807900390625 1.2063661443265939e-05
2.2817900390625 1.2286679041128223e-05
2.2827900390625 7.908895559825396e-06
2.2837900390625 1.1461795832637191e-05
2.2847900390625 1.547430353220434e-05
2.2857900390625 9.463241539071642e-06
2.2867900390625 1.1120095001148756e-05
2.2877900390625 9.90262529901927e-06
2.2887900390625 1.1225951049111214e-05
2.2897900390625 1.0632354342400698e-05
2.2907900390625 7.601235059311197e-06
2.2917900390625 1.2508270752172196e-05
2.2927900390625 8.88948709396404e-06
2.2937900390625 8.804660400328706e-06
2.2947900390625 1.3160980221831263e-05
2.2957900390625 7.592921175637291e-06
2.2967900390625 1.0150102792547943e-05
2.2977900390625 8.021159203226011e-06
2.2987900390625 5.47368848705009e-06
2.2997900390625 8.61274751447092e-06
2.3007900390625 7.291774612334518e-06
2.3017900390625 8.226916700839765e-06
2.3027900390625 6.5170758818718975e-06
2.3037900390625 6.594358285352623e-06
2.3047900390625 6.652490369450606e-06
2.3057900390625 8.426221166494802e-06
2.3067900390625 8.644019420361436e-06
2.3077900390625 4.073594887151757e-06
2.3087900390625 9.185877266084435e-06
2.3097900390625 7.0582095159388195e-06
2.3107900390625 6.605412111440248e-06
2.3117900390625 4.3474541946831625e-06
2.3127900390625 4.864957196228108e-06
2.3137900390625 6.801838483325333e-06
2.3147900390625 6.2601245086323575e-06
2.3157900390625 4.995919563353414e-06
2.3167900390625 4.911227737358315e-06
2.3177900390625 4.639061971419414e-06
2.3187900390625 3.6484130795636337e-06
2.3197900390625 5.768629213362828e-06
2.3207900390625 4.828177711041319e-06
2.3217900390625 3.897464546006792e-06
2.3227900390625 4.536105765723481e-06
2.3237900390625 3.3396962962947667e-06
2.3247900390625 4.091250680445493e-06
2.3257900390625 3.992307223114712e-06
2.3267900390625 4.198551388854046e-06
2.3277900390625 4.614502669842996e-06
2.3287900390625 2.7765645444192486e-06
2.3297900390625 2.5188376925117056e-06
2.3307900390625 3.410875592709672e-06
2.3317900390625 2.8875529272116288e-06
2.3327900390625 2.801659097899776e-06
2.3337900390625 2.7732186956659235e-06
2.3347900390625 2.329748326916689e-06
2.3357900390625 2.261978851378551e-06
2.3367900390625 2.2580839575166835e-06
2.3377900390625 1.783328373781491e-06
2.3387900390625 2.418504011174912e-06
2.3397900390625 1.702685170987704e-06
2.3407900390625 2.124990437979514e-06
2.3417900390625 2.362231970332522e-06
2.3427900390625 2.2429971408317607e-06
2.3437900390625 2.004069482041442e-06
2.3447900390625 1.6368700058504923e-06
2.3457900390625 1.4940843026705422e-06
2.3467900390625 1.4701176871313657e-06
2.3477900390625 1.6199996194715332e-06
2.3487900390625 1.9097830870127903e-06
2.3497900390625 2.1777841400699685e-06
2.3507900390625 1.66294682642902e-06
2.3517900390625 1.8377272634427847e-06
2.3527900390625 1.2068471755880898e-06
2.3537900390625 1.447849409244993e-06
2.3547900390625 1.7411866878015077e-06
2.3557900390625 1.518622107125188e-06
2.3567900390625 2.045503870279845e-06
2.3577900390625 1.4396068127493242e-06
2.3587900390625 1.4237735714018818e-06
2.3597900390625 1.3279854689690826e-06
2.3607900390625 1.0007249649953481e-06
2.3617900390625 1.0576525979088676e-06
2.3627900390625 1.4079236314652364e-06
2.3637900390625 1.2761495783818052e-06
2.3647900390625 1.1796094355707538e-06
2.3657900390625 7.434539495518307e-07
2.3667900390625 8.296954517334903e-07
2.3677900390625 9.271106564906389e-07
2.3687900390625 5.083821668698383e-07
2.3697900390625 5.102637493901058e-07
2.3707900390625 4.882125351171018e-07
2.3717900390625 4.7453657044000763e-07
2.3727900390625 3.1873686920866485e-07
2.3737900390625 2.586217728480694e-07
2.3747900390625 3.2716980094361567e-07
2.3757900390625 2.724272456511537e-07
2.3767900390625 2.963601677131434e-07
2.3777900390625 3.0667245231008413e-07
2.3787900390625 3.007530736476605e-07
2.3797900390625 2.93433014135341e-07
2.3807900390625 1.5278583521986446e-07
2.3817900390625 2.481836706321726e-07
2.3827900390625 2.3157921875560088e-07
2.3837900390625 1.8316738494804703e-07
2.3847900390625 1.700900580087345e-07
2.3857900390625 1.4906156839990565e-07
2.3867900390625 1.2340063206941244e-07
2.3877900390625 9.387123392254295e-08
2.3887900390625 1.0290404199716697e-07
2.3897900390625 7.813706036085606e-08
2.3907900390625 9.26927688056774e-08
2.3917900390625 1.029229296110698e-07
2.3927900390625 7.600770816115151e-08
2.3937900390625 6.783031706553488e-08
2.3947900390625 5.262118245640518e-08
2.3957900390625 3.924284245304051e-08
2.3967900390625 4.464548673489799e-08
2.3977900390625 4.693194986841765e-08
2.3987900390625 3.315886178272519e-08
2.3997900390625 4.5724351983464725e-08
2.4007900390625 2.8598870698892895e-08
2.4017900390625 2.3457855821416217e-08
2.4027900390625 3.021358172885958e-08
2.4037900390625 2.705619787291329e-08
2.4047900390625 1.9924578628053886e-08
2.4057900390625 1.6147052713712812e-08
2.4067900390625 1.7082704416958923e-08
2.4077900390625 1.1316690614170069e-08
2.4087900390625 1.4685852485309414e-08
2.4097900390625 9.250417389933375e-09
2.4107900390625 1.2158742718055317e-08
2.4117900390625 7.863075941506661e-09
2.4127900390625 1.0086378792760436e-08
2.4137900390625 6.429152662901858e-09
2.4147900390625 4.854397533692873e-09
2.4157900390625 5.8929324562693195e-09
2.4167900390625 4.562682172301949e-09
2.4177900390625 5.114252534616725e-09
2.4187900390625 5.225034782577747e-09
2.4197900390625 3.511360613812355e-09
2.4207900390625 3.053851818328957e-09
2.4217900390625 3.177546489628079e-09
2.4227900390625 3.5899804039752143e-09
2.4237900390625 1.8744647104011634e-09
2.4247900390625 1.9800824420620113e-09
2.4257900390625 1.3480616982876784e-09
2.4267900390625 1.472182855994826e-09
2.4277900390625 5.843500235741135e-10
2.4287900390625 1.174820640754041e-09
2.4297900390625 1.1352578209539182e-09
2.4307900390625 9.019468171204327e-10
2.4317900390625 6.447780114796493e-10
2.4327900390625 6.398450064545738e-10
2.4337900390625 7.884926692591849e-10
2.4347900390625 5.55364767425404e-10
2.4357900390625 4.5031518310844216e-10
2.4367900390625 4.989524166644073e-10
2.4377900390625 2.821977066952918e-10
2.4387900390625 2.971700779633054e-10
2.4397900390625 3.2258145922915646e-10
2.4407900390625 1.8211626824786056e-10
2.4417900390625 1.6847776382008504e-10
2.4427900390625 1.1104102990053568e-10
2.4437900390625 1.2087523848838651e-10
2.4447900390625 1.283339320382176e-10
2.4457900390625 1.122012806559047e-10
2.4467900390625 8.776576842962967e-11
2.4477900390625 8.529131782020809e-11
2.4487900390625 4.352886640108056e-11
2.4497900390625 6.377581956601628e-11
2.4507900390625 3.883364954725422e-11
2.4517900390625 5.201019157439947e-11
2.4527900390625 6.401711497302423e-11
2.4537900390625 5.1808478246612294e-11
2.4547900390625 4.479157130211007e-11
2.4557900390625 3.1381433901404685e-11
2.4567900390625 3.3027133424875474e-11
2.4577900390625 3.5515062356910285e-11
2.4587900390625 5.696982552754637e-11
2.4597900390625 3.731313057869018e-11
2.4607900390625 4.9958654943630485e-11
2.4617900390625 3.322507973134589e-11
2.4627900390625 4.454127712888907e-11
2.4637900390625 2.112321999074871e-11
2.4647900390625 2.6737587630582217e-11
2.4657900390625 2.256039044024256e-11
2.4667900390625 2.2522597773896697e-11
2.4677900390625 2.5239694151867196e-11
2.4687900390625 2.5745051457145334e-11
2.4697900390625 2.2785304666038097e-11
2.4707900390625 1.3430368505176781e-11
2.4717900390625 1.738007521813554e-11
2.4727900390625 1.1230880701581801e-11
2.4737900390625 1.483695809771462e-11
2.4747900390625 1.542873668817561e-11
2.4757900390625 1.0510421302111293e-11
2.4767900390625 1.3325293456818889e-11
2.4777900390625 8.858318516127992e-12
2.4787900390625 5.842530865940195e-12
2.4797900390625 7.822595491228482e-12
2.4807900390625 9.360855914705026e-12
2.4817900390625 6.502723815380309e-12
2.4827900390625 5.920570472373386e-12
2.4837900390625 5.810151145444072e-12
2.4847900390625 3.464764757876135e-12
2.4857900390625 5.164949375337721e-12
2.4867900390625 2.8287468560607542e-12
2.4877900390625 4.538781350637759e-12
2.4887900390625 4.027161871789328e-12
2.4897900390625 3.979381653584638e-12
2.4907900390625 3.752799379254764e-12
2.4917900390625 2.4393895623030485e-12
2.4927900390625 2.4514257709669813e-12
2.4937900390625 1.8630000218981988e-12
2.4947900390625 2.2810842227214674e-12
2.4957900390625 1.4859579678594838e-12
2.4967900390625 2.1475174730665734e-12
2.4977900390625 1.3242487988688742e-12
2.4987900390625 1.56237005350556e-12
2.4997900390625 1.0203268449438696e-12
2.5007900390625 5.795088212946045e-13
2.5017900390625 9.435898289817382e-13
2.5027900390625 9.980915443289169e-13
2.5037900390625 7.718331457108702e-13
2.5047900390625 2.0921452581990818e-13
2.5057900390625 6.643399511360964e-13
2.5067900390625 5.004085520915529e-13
2.5077900390625 6.002999112914666e-13
2.5087900390625 3.589709159716812e-13
2.5097900390625 1.5172464942462704e-13
2.5107900390625 2.953002491969962e-13
2.5117900390625 3.781973300020432e-13
2.5127900390625 3.3296833171772064e-13
2.5137900390625 3.383222580087741e-13
2.5147900390625 2.9148570154182215e-13
2.5157900390625 2.3580288445949345e-13
2.5167900390625 2.376870647154859e-13
2.5177900390625 1.8613452275870844e-13
2.5187900390625 2.0277545146194567e-13
2.5197900390625 1.2973200013753825e-13
2.5207900390625 1.301129377631993e-13
2.5217900390625 1.206046573911881e-13
2.5227900390625 1.0926990626519406e-13
2.5237900390625 8.258606703842415e-14
2.5247900390625 1.0760312316816965e-13
2.5257900390625 9.398985266280247e-14
2.5267900390625 4.661584087050217e-14
2.5277900390625 7.163476881626126e-14
2.5287900390625 6.671088201592929e-14
2.5297900390625 7.260665138960066e-14
2.5307900390625 4.1987811979171884e-14
2.5317900390625 6.324458557823405e-14
2.5327900390625 6.227776640929195e-14
2.5337900390625 5.171366583671258e-14
2.5347900390625 3.4987136604646955e-14
2.5357900390625 4.2917038987578613e-14
2.5367900390625 3.141346182669197e-14
2.5377900390625 2.97864013976188e-14
2.5387900390625 3.807303769348918e-14
2.5397900390625 1.6028961134767602e-14
2.5407900390625 3.065484329080568e-14
2.5417900390625 2.325286646783361e-14
2.5427900390625 1.6162083730062935e-14
2.5437900390625 1.2469431134239721e-14
2.5447900390625 2.044983193402796e-14
2.5457900390625 8.50888059747878e-15
2.5467900390625 1.669363197423824e-14
2.5477900390625 1.6437227653134393e-14
2.5487900390625 1.3303391155942148e-14
2.5497900390625 1.3520211611232103e-14
2.5507900390625 1.062762348771268e-14
2.5517900390625 1.1780229534939932e-14
2.5527900390625 5.0876507185384305e-15
2.5537900390625 8.080249518661583e-15
2.5547900390625 4.6118400547249e-15
2.5557900390625 8.039262441254058e-15
2.5567900390625 5.9036121576657804e-15
2.5577900390625 4.131809285086316e-15
2.5587900390625 6.407952416009413e-15
2.5597900390625 5.894137962760011e-15
2.5607900390625 4.789222539947411e-15
2.5617900390625 4.778376926516614e-15
2.5627900390625 3.571195105605933e-15
2.5637900390625 4.3540566093568395e-15
2.5647900390625 3.1977414884037466e-15
2.5657900390625 2.1397504693607908e-15
2.5667900390625 2.5953524323927214e-15
2.5677900390625 3.0257316201773896e-15
2.5687900390625 2.108127910145808e-15
2.5697900390625 1.0393624191642622e-15
2.5707900390625 1.3712284604905158e-15
2.5717900390625 1.4004831296286327e-15
2.5727900390625 1.6352318695951055e-15
2.5737900390625 1.0129716578738316e-15
2.5747900390625 1.175253110818184e-15
2.5757900390625 9.027381038669406e-16
2.5767900390625 1.0653447850245525e-15
2.5777900390625 6.373920109647401e-16
2.5787900390625 8.292136690189143e-16
2.5797900390625 6.014553555270342e-16
2.5807900390625 6.099513614452136e-16
2.5817900390625 4.730791685447575e-16
2.5827900390625 4.2170395996691405e-16
2.5837900390625 4.1281799100746875e-16
2.5847900390625 4.113276305257073e-16
2.5857900390625 3.9009751521614066e-16
2.5867900390625 3.2203011689356767e-16
2.5877900390625 1.614619357070091e-16
2.5887900390625 1.8820395701659586e-16
2.5897900390625 2.0361638002942094e-16
2.5907900390625 1.8403975328019389e-16
2.5917900390625 1.6210280572796745e-16
2.5927900390625 1.3097219490940804e-16
2.5937900390625 5.95459634708427e-17
2.5947900390625 1.0277919951929434e-16
2.5957900390625 8.700195977746113e-17
2.5967900390625 5.65496347093353e-17
2.5977900390625 4.115766224538112e-17
