Wavelength_microns Throughput
0.5504000244140625 9.005328746710116e-13
0.5514000244140626 7.477166081740161e-13
0.5524000244140626 5.861794096758799e-13
0.5534000244140626 3.531541637773346e-13
0.5544000244140626 2.148542546035313e-12
0.5554000244140626 1.5844190857678043e-12
0.5564000244140626 3.0035081116457645e-12
0.5574000244140624 1.2336458433890822e-12
0.5584000244140624 1.9711121612185475e-12
0.5594000244140624 5.061182576120029e-13
0.5604000244140624 1.1706021114083206e-12
0.5614000244140624 9.46602142309636e-13
0.5624000244140624 3.9187301480269654e-13
0.5634000244140625 4.357312352198817e-13
0.5644000244140625 1.0256944962215252e-12
0.5654000244140625 7.632160371216952e-13
0.5664000244140625 1.4654107658028346e-12
0.5674000244140625 1.6766849430625355e-12
0.5684000244140625 1.3532383502695173e-12
0.5694000244140625 9.409931361538423e-13
0.5704000244140625 7.630827670885801e-16
0.5714000244140625 8.363826671196145e-16
0.5724000244140625 9.840961210611805e-16
0.5734000244140625 3.2170275686508836e-13
0.5744000244140625 2.4749953281667724e-13
0.5754000244140625 2.4854449578416086e-13
0.5764000244140625 4.948274196889848e-13
0.5774000244140625 1.756117418232806e-15
0.5784000244140625 1.354445314830882e-12
0.5794000244140625 1.939227721558216e-15
0.5804000244140625 2.51628467530719e-12
0.5814000244140625 5.461209596524173e-12
0.5824000244140625 7.25995621664018e-13
0.5834000244140625 1.4426420133712738e-12
0.5844000244140625 4.148928741823713e-12
0.5854000244140625 5.59923365705041e-12
0.5864000244140625 3.7654791868963676e-14
0.5874000244140625 4.1776720671065e-12
0.5884000244140625 1.7416621886437535e-11
0.5894000244140625 1.548400908211578e-12
0.5904000244140625 2.2338672930051856e-11
0.5914000244140625 6.76518286161057e-12
0.5924000244140625 5.6060044027733244e-12
0.5934000244140625 1.925573711695659e-12
0.5944000244140625 3.3330440722848187e-15
0.5954000244140625 3.1718569813361426e-15
0.5964000244140625 1.4277562613316359e-12
0.5974000244140625 2.9161995327324025e-12
0.5984000244140625 4.318931253329259e-12
0.5994000244140625 3.510779548886056e-15
0.6004000244140625 2.8328079517756873e-12
0.6014000244140625 3.648520039959976e-12
0.6024000244140625 4.098852273755364e-12
0.6034000244140625 4.4151519195813706e-12
0.6044000244140625 7.596655245389985e-15
0.6054000244140625 3.414894175484283e-12
0.6064000244140625 1.1722566936380201e-11
0.6074000244140625 6.472813423804688e-12
0.6084000244140625 9.149445586805856e-12
0.6094000244140625 6.748295584035135e-12
0.6104000244140625 1.5944084571431778e-13
0.6114000244140625 6.995975769454838e-12
0.6124000244140625 9.291211505276802e-12
0.6134000244140625 9.04956696837716e-12
0.6144000244140625 5.227193533900842e-15
0.6154000244140625 4.175797077745906e-12
0.6164000244140625 2.109161718703007e-12
0.6174000244140625 8.23069757218109e-13
0.6184000244140625 2.964021815711159e-12
0.6194000244140625 1.6693119507593322e-12
0.6204000244140625 1.6988393489508174e-12
0.6214000244140625 3.4491535835914393e-12
0.6224000244140625 4.0923367296639733e-13
0.6234000244140625 4.358523388065138e-15
0.6244000244140625 1.672056403211538e-12
0.6254000244140625 6.064908001127914e-15
0.6264000244140625 7.0489811631684245e-12
0.6274000244140625 1.0409581990720564e-14
0.6284000244140625 8.431714158967366e-12
0.6294000244140625 2.2191807951076842e-14
0.6304000244140625 3.228163380952416e-14
0.6314000244140625 1.97565220022982e-11
0.6324000244140625 2.8413754535590206e-11
0.6334000244140625 2.4445605381681158e-11
0.6344000244140625 3.744210701969362e-14
0.6354000244140625 2.910807211216756e-14
0.6364000244140625 2.3181893436330836e-14
0.6374000244140625 1.5611197125288153e-11
0.6384000244140625 4.022239254041618e-12
0.6394000244140625 2.2278167470774835e-11
0.6404000244140625 1.264230080722658e-12
0.6414000244140625 1.4138589042830941e-12
0.6424000244140625 3.937451220714493e-12
0.6434000244140625 1.6056567928178877e-11
0.6444000244140625 9.35074797693093e-12
0.6454000244140625 4.289332771982011e-12
0.6464000244140625 1.2104793449801217e-12
0.6474000244140625 2.1789364456699733e-11
0.6484000244140625 1.679736024152264e-12
0.6494000244140625 3.110381075353112e-12
0.6504000244140625 6.609243401214773e-12
0.6514000244140625 9.197235876165515e-12
0.6524000244140625 8.129048602989284e-15
0.6534000244140625 5.810863826394257e-12
0.6544000244140625 9.052683727215037e-12
0.6554000244140625 4.628701247988196e-12
0.6564000244140625 7.207695513249086e-12
0.6574000244140625 1.1054305857928838e-14
0.6584000244140625 1.3163002063829502e-14
0.6594000244140625 4.143895321396437e-11
0.6604000244140625 1.6920575858837526e-11
0.6614000244140625 8.17145329777879e-12
0.6624000244140625 1.1256013428207795e-11
0.6634000244140625 3.2214561442590846e-11
0.6644000244140625 1.3928459134234658e-11
0.6654000244140625 9.058302131666346e-12
0.6664000244140625 1.9102872900458676e-11
0.6674000244140625 7.383233339932467e-12
0.6684000244140625 7.730355167525311e-12
0.6694000244140625 1.1640747385426905e-11
0.6704000244140625 5.3765732197157774e-12
0.6714000244140625 7.724079984688383e-12
0.6724000244140625 2.398901633157473e-11
0.6734000244140625 5.827377958082694e-12
0.6744000244140625 2.9899078330759276e-11
0.6754000244140625 2.630937173777341e-11
0.6764000244140626 1.3048048380456802e-11
0.6774000244140626 1.5701748481867467e-11
0.6784000244140626 3.189435746343473e-11
0.6794000244140626 1.8793116808827972e-11
0.6804000244140626 2.541798946484564e-11
0.6814000244140626 2.923019409434012e-11
0.6824000244140624 1.592451873182022e-11
0.6834000244140624 2.443767924081579e-11
0.6844000244140624 2.2877112129256816e-11
0.6854000244140624 2.2027434376228586e-11
0.6864000244140624 8.193153267411235e-12
0.6874000244140624 4.212458764746098e-11
0.6884000244140625 2.9855226723741875e-11
0.6894000244140625 2.1414252273730762e-11
0.6904000244140625 4.64210867254699e-11
0.6914000244140625 4.263435339804626e-11
0.6924000244140625 3.658033790409061e-11
0.6934000244140625 6.353264013437263e-11
0.6944000244140625 8.168997839567702e-11
0.6954000244140625 4.5400529649971734e-11
0.6964000244140625 8.393852220278808e-11
0.6974000244140625 8.571101689589699e-11
0.6984000244140625 8.87757049709629e-11
0.6994000244140625 9.338647791260021e-11
0.7004000244140625 1.0649459673571676e-10
0.7014000244140625 1.1621732747001533e-10
0.7024000244140625 1.6359612819262436e-10
0.7034000244140625 1.7814878525264054e-10
0.7044000244140625 2.36085341012143e-10
0.7054000244140625 3.7487663602261186e-10
0.7064000244140625 5.232761174848011e-10
0.7074000244140625 8.670452970222902e-10
0.7084000244140625 1.3321000573929083e-09
0.7094000244140625 2.064733663986848e-09
0.7104000244140625 3.184519457157436e-09
0.7114000244140625 4.351607527531141e-09
0.7124000244140625 5.233616580398808e-09
0.7134000244140625 6.1729946517672946e-09
0.7144000244140625 5.874694067257562e-09
0.7154000244140625 6.431562400640918e-09
0.7164000244140625 5.659479729501749e-09
0.7174000244140625 4.568604599206211e-09
0.7184000244140625 3.395018957872216e-09
0.7194000244140625 2.331715454864315e-09
0.7204000244140625 1.5496954791748014e-09
0.7214000244140625 1.0535902584042615e-09
0.7224000244140625 5.764990440465467e-10
0.7234000244140625 3.1407452738142856e-10
0.7244000244140625 2.528854605277174e-10
0.7254000244140625 1.5509491201190356e-10
0.7264000244140625 9.325775529448125e-11
0.7274000244140625 7.754796333250435e-11
0.7284000244140625 6.149705420492442e-11
0.7294000244140625 1.9073614207495537e-11
0.7304000244140625 3.4674303188869184e-11
0.7314000244140625 2.677226469959277e-11
0.7324000244140625 3.540407630134654e-11
0.7334000244140625 2.6488370023589003e-11
0.7344000244140625 2.974328181525292e-11
0.7354000244140625 3.074449071028078e-11
0.7364000244140625 3.2850344823116765e-11
0.7374000244140625 2.7254263708414868e-11
0.7384000244140625 6.331897985242609e-11
0.7394000244140625 8.66188108940002e-11
0.7404000244140625 1.216607871100787e-10
0.7414000244140625 1.5894616906967087e-10
0.7424000244140625 2.093926010039382e-10
0.7434000244140625 3.9667894220223857e-10
0.7444000244140625 3.464912952736165e-10
0.7454000244140625 3.1838731816371795e-10
0.7464000244140625 9.083521819210724e-11
0.7474000244140625 2.6295651897042886e-10
0.7484000244140625 1.776198812572154e-10
0.7494000244140625 3.258846427039191e-10
0.7504000244140625 2.8657615557166917e-10
0.7514000244140625 1.2492724489299905e-10
0.7524000244140625 4.549616435101432e-10
0.7534000244140625 3.2077734953788085e-10
0.7544000244140625 5.363553941442984e-10
0.7554000244140625 1.4189130869581222e-09
0.7564000244140625 9.49080257440621e-10
0.7574000244140625 3.079433740485864e-10
0.7584000244140625 9.674531606729888e-11
0.7594000244140625 8.225302954662059e-11
0.7604000244140625 4.618570735274527e-11
0.7614000244140625 2.7195297768291676e-11
0.7624000244140625 6.909726716856462e-12
0.7634000244140625 2.571430964461515e-11
0.7644000244140625 1.3466308585657415e-11
0.7654000244140625 4.226380733182751e-12
0.7664000244140625 2.5663289591488084e-12
0.7674000244140625 4.225240231210283e-12
0.7684000244140625 2.4460830037087916e-12
0.7694000244140625 2.9809272425533303e-12
0.7704000244140625 1.4848454435875098e-12
0.7714000244140625 1.6857960637783158e-12
0.7724000244140625 1.7250943694586148e-13
0.7734000244140625 1.5562888456163743e-12
0.7744000244140625 9.287137656236644e-13
0.7754000244140625 3.0381742684142035e-12
0.7764000244140625 1.8012824775887562e-12
0.7774000244140625 2.8806736480549908e-12
0.7784000244140625 9.539531658080296e-13
0.7794000244140625 3.504432805631221e-12
0.7804000244140625 8.558610866201917e-12
0.7814000244140625 6.160390545797812e-12
0.7824000244140625 5.232527037395259e-12
0.7834000244140625 2.952830526556165e-12
0.7844000244140625 8.606777410671663e-12
0.7854000244140625 4.37857024746882e-12
0.7864000244140625 8.761263373960044e-12
0.7874000244140625 1.1279894743889527e-11
0.7884000244140625 7.744764924788932e-12
0.7894000244140625 1.8632786339607008e-11
0.7904000244140625 3.091416929028904e-11
0.7914000244140625 1.520952474569103e-11
0.7924000244140625 1.5380515470392265e-11
0.7934000244140625 3.386081491562006e-11
0.7944000244140625 2.6169494082774504e-11
0.7954000244140625 2.4358810157669073e-11
0.7964000244140625 0.0
0.7974000244140625 2.536244118705877e-11
0.7984000244140625 4.005077886949344e-10
0.7994000244140625 3.905648648921467e-10
0.8004000244140625 2.3489873029308e-09
0.8014000244140626 2.1774656537088005e-09
0.8024000244140626 2.1489226343646156e-09
0.8034000244140626 2.439438396169981e-09
0.8044000244140626 1.4520226036114252e-09
0.8054000244140626 2.046834753187871e-10
0.8064000244140626 3.120495566093919e-10
0.8074000244140624 1.2729167510840824e-09
0.8084000244140624 2.028437514462895e-09
0.8094000244140624 1.3844884328976785e-09
0.8104000244140624 8.457215781905e-10
0.8114000244140624 1.1433399534628255e-09
0.8124000244140624 1.6280306200673915e-09
0.8134000244140625 2.1121597578576023e-09
0.8144000244140625 2.073546863363152e-09
0.8154000244140625 1.5612328162851351e-09
0.8164000244140625 1.1300501511356039e-09
0.8174000244140625 1.1729491529238443e-09
0.8184000244140625 1.0641359290327883e-09
0.8194000244140625 1.2671810554962825e-09
0.8204000244140625 9.109093493554449e-10
0.8214000244140625 9.421216830374666e-10
0.8224000244140625 1.0809122677574351e-09
0.8234000244140625 1.6558768016271278e-10
0.8244000244140625 0.0
0.8254000244140625 4.3328042214200465e-10
0.8264000244140625 1.1760806599034986e-09
0.8274000244140625 8.968009079135758e-10
0.8284000244140625 4.4418256816106023e-10
0.8294000244140625 2.1395236679367926e-10
0.8304000244140625 4.55644255189042e-10
0.8314000244140625 1.3289343698222791e-09
0.8324000244140625 1.1232116250850976e-09
0.8334000244140625 4.3911961431512234e-10
0.8344000244140625 9.0359865959414e-10
0.8354000244140625 9.783845289212605e-10
0.8364000244140625 5.838453517282863e-10
0.8374000244140625 1.0235469577786236e-09
0.8384000244140625 1.1779987877063482e-09
0.8394000244140625 4.983955909748788e-10
0.8404000244140625 2.8149168700138783e-10
0.8414000244140625 1.8101665332691978e-10
0.8424000244140625 6.347132370463375e-10
0.8434000244140625 8.859326647081673e-10
0.8444000244140625 3.044008749994187e-10
0.8454000244140625 3.2962884079836855e-10
0.8464000244140625 3.712429552297706e-10
0.8474000244140625 6.049054966180924e-10
0.8484000244140625 7.401190063883537e-10
0.8494000244140625 4.634302358923272e-10
0.8504000244140625 5.102840825005876e-10
0.8514000244140625 6.253825529864499e-10
0.8524000244140625 9.723912717943422e-10
0.8534000244140625 1.0091014954706435e-09
0.8544000244140625 7.54845864315664e-10
0.8554000244140625 5.87865855212976e-10
0.8564000244140625 3.6318812376195633e-10
0.8574000244140625 3.0949094810162243e-10
0.8584000244140625 7.361143158332714e-10
0.8594000244140625 5.690027904275485e-10
0.8604000244140625 7.906725278399518e-10
0.8614000244140625 5.442060707368485e-10
0.8624000244140625 2.082121379604946e-10
0.8634000244140625 4.955762111155096e-10
0.8644000244140625 1.01162776321916e-09
0.8654000244140625 7.150881113946273e-10
0.8664000244140625 6.419961416117766e-10
0.8674000244140625 5.758466238282305e-10
0.8684000244140625 6.80982460327918e-10
0.8694000244140625 1.0214643233846817e-09
0.8704000244140625 8.822698004265265e-10
0.8714000244140625 9.120817185420273e-10
0.8724000244140625 9.931396904009725e-10
0.8734000244140625 1.0361126160715602e-09
0.8744000244140625 8.873273239010654e-10
0.8754000244140625 9.069352969442672e-10
0.8764000244140625 1.1945249742788789e-09
0.8774000244140625 1.1120116913921217e-09
0.8784000244140625 1.0112647237381297e-09
0.8794000244140625 1.1549479231438946e-09
0.8804000244140625 7.69997805263786e-10
0.8814000244140625 6.892982048791909e-10
0.8824000244140625 7.783610319039237e-10
0.8834000244140625 8.967985892319513e-10
0.8844000244140625 7.641227641316044e-10
0.8854000244140625 5.416517153171916e-10
0.8864000244140625 6.471521134454162e-10
0.8874000244140625 7.494117484895925e-10
0.8884000244140625 6.483655987063442e-10
0.8894000244140625 6.984896285557418e-10
0.8904000244140625 8.69941514959118e-10
0.8914000244140625 8.070385848105622e-10
0.8924000244140625 1.0115728163286203e-09
0.8934000244140625 8.728515283538632e-10
0.8944000244140625 1.2824835713910387e-09
0.8954000244140625 9.661776915488673e-10
0.8964000244140625 1.1860108352794398e-09
0.8974000244140625 1.3449041616999173e-09
0.8984000244140625 1.2742427839537586e-09
0.8994000244140625 1.0677530835418381e-09
0.9004000244140625 1.2772465754967187e-09
0.9014000244140625 1.4318828379358209e-09
0.9024000244140625 1.5829965683610492e-09
0.9034000244140625 1.3773456106359556e-09
0.9044000244140625 8.284779503660084e-10
0.9054000244140625 1.1899377226683317e-09
0.9064000244140625 8.76531119955484e-10
0.9074000244140625 8.138424301653658e-10
0.9084000244140625 1.0052601612196197e-09
0.9094000244140625 1.1647178678062344e-09
0.9104000244140625 1.1147764082391948e-09
0.9114000244140625 8.097165345301652e-10
0.9124000244140625 8.875527249751513e-10
0.9134000244140625 1.1228035255001551e-09
0.9144000244140625 9.676030854747668e-10
0.9154000244140625 6.650884622656156e-10
0.9164000244140625 5.348916356317841e-10
0.9174000244140625 3.031296538226304e-10
0.9184000244140625 3.4564898728302115e-10
0.9194000244140625 4.90738736143678e-10
0.9204000244140625 3.8170525854319923e-10
0.9214000244140625 2.5896534841281484e-10
0.9224000244140625 3.8314886413065135e-10
0.9234000244140625 4.5961322423441417e-10
0.9244000244140625 5.12727077508072e-10
0.9254000244140625 5.367350817081715e-10
0.9264000244140626 6.456111089512366e-10
0.9274000244140626 6.48961166049917e-10
0.9284000244140626 7.146289629097023e-10
0.9294000244140626 1.3264475151452985e-09
0.9304000244140626 1.5428501962661267e-09
0.9314000244140626 2.0734910354991876e-09
0.9324000244140624 2.550583942233676e-09
0.9334000244140624 2.666774711328257e-09
0.9344000244140624 2.8452582750938457e-09
0.9354000244140624 2.8340197356672947e-09
0.9364000244140624 2.2269101920369156e-09
0.9374000244140624 1.974563462670484e-09
0.9384000244140625 1.8176183386400222e-09
0.9394000244140625 1.8482525375103915e-09
0.9404000244140625 1.372787830082036e-09
0.9414000244140625 6.97320052299215e-10
0.9424000244140625 4.1701784382830315e-10
0.9434000244140625 4.828522077011526e-10
0.9444000244140625 8.427371155492218e-10
0.9454000244140625 9.384221012758186e-10
0.9464000244140625 4.6220132166025763e-10
0.9474000244140625 9.551697672723278e-10
0.9484000244140625 7.742784183384283e-10
0.9494000244140625 4.297901132480452e-10
0.9504000244140625 1.0843661404643228e-09
0.9514000244140625 1.0165757317857841e-09
0.9524000244140625 7.392436712335421e-10
0.9534000244140625 6.787051698060832e-10
0.9544000244140625 8.924541270751768e-10
0.9554000244140625 1.0264965303572508e-09
0.9564000244140625 1.0243273511538408e-09
0.9574000244140625 1.0200809738310736e-09
0.9584000244140625 9.032163612593077e-10
0.9594000244140625 8.550134853965765e-10
0.9604000244140625 7.525767257086228e-10
0.9614000244140625 9.881432170378066e-10
0.9624000244140625 7.77456004532108e-10
0.9634000244140625 7.758683023304494e-10
0.9644000244140625 9.396743070460056e-10
0.9654000244140625 9.976992308829322e-10
0.9664000244140625 8.954541725666034e-10
0.9674000244140625 1.1724977933794405e-09
0.9684000244140625 1.0827034678033747e-09
0.9694000244140625 9.210159054203251e-10
0.9704000244140625 1.3429807883602313e-09
0.9714000244140625 6.692972307194307e-10
0.9724000244140625 3.143441018263402e-09
0.9734000244140625 1.894701408042033e-09
0.9744000244140625 2.8758629182375195e-09
0.9754000244140625 3.837337056176419e-09
0.9764000244140625 5.516469261537544e-09
0.9774000244140625 6.6258270212377526e-09
0.9784000244140625 7.960802030256322e-09
0.9794000244140625 8.412945654926228e-09
0.9804000244140625 9.621062700572926e-09
0.9814000244140625 2.0344696911362496e-08
0.9824000244140625 1.9390154189382316e-08
0.9834000244140625 2.4496117247395216e-08
0.9844000244140625 2.7537092775203643e-08
0.9854000244140625 3.9591806897919615e-08
0.9864000244140625 5.057365475221879e-08
0.9874000244140625 5.020785242574968e-08
0.9884000244140625 7.1652416782161e-08
0.9894000244140625 7.40348578302135e-08
0.9904000244140625 8.760733925617568e-08
0.9914000244140625 9.396287224184528e-08
0.9924000244140625 1.3106873025385823e-07
0.9934000244140625 1.1962287670048043e-07
0.9944000244140625 1.3752918887505413e-07
0.9954000244140625 1.1409547518188553e-07
0.9964000244140625 1.4801982698107433e-07
0.9974000244140625 1.7845268021033437e-07
0.9984000244140625 9.980736110931662e-08
0.9994000244140625 1.5817605895911547e-07
1.0004000244140625 1.7590198784020768e-07
1.0014000244140624 3.0768990869916313e-07
1.0024000244140625 6.918136396459992e-07
1.0034000244140624 2.584648881791239e-07
1.0044000244140625 6.355981762632843e-07
1.0054000244140624 4.7472623999612237e-07
1.0064000244140625 4.213947240557925e-07
1.0074000244140624 6.244096103210712e-07
1.0084000244140625 3.176218161142644e-07
1.0094000244140624 1.1182557850471661e-06
1.0104000244140625 1.0537794837534044e-06
1.0114000244140624 4.5871101597642643e-07
1.0124000244140625 7.447792962496923e-07
1.0134000244140624 2.605624426886968e-07
1.0144000244140625 2.2923877461138063e-07
1.0154000244140624 2.9896961701968634e-07
1.0164000244140625 6.231468469134372e-07
1.0174000244140624 7.429629257261817e-07
1.0184000244140625 6.443920654495693e-07
1.0194000244140624 7.338264982289856e-08
1.0204000244140625 6.382555966273523e-07
1.0214000244140624 8.99347059656903e-07
1.0224000244140625 1.3701920986931056e-06
1.0234000244140624 2.1565343992633853e-07
1.0244000244140625 8.341440171784901e-07
1.0254000244140624 5.343682715080276e-07
1.0264000244140625 1.4815533022293296e-07
1.0274000244140624 5.993565596210238e-07
1.0284000244140625 1.6267566366490569e-07
1.0294000244140624 7.487479738463967e-07
1.0304000244140625 5.487524947855783e-07
1.0314000244140624 3.15290783834786e-07
1.0324000244140625 6.990482389328642e-07
1.0334000244140624 3.5810152065584037e-07
1.0344000244140625 3.7897953715289483e-07
1.0354000244140624 7.851131708742795e-07
1.0364000244140625 1.1674754935513168e-06
1.0374000244140624 5.720395942479106e-07
1.0384000244140625 3.8682344940543723e-07
1.0394000244140624 5.346864169352366e-07
1.0404000244140625 3.1103723780141577e-11
1.0414000244140624 1.7857406417832167e-06
1.0424000244140625 8.890636448012199e-07
1.0434000244140624 9.286145716460607e-07
1.0444000244140625 6.898544186552618e-07
1.0454000244140624 3.76358914418552e-07
1.0464000244140625 6.507933981515211e-07
1.0474000244140624 4.880975989321984e-07
1.0484000244140625 8.312501238740214e-07
1.0494000244140624 1.6220769053511103e-07
1.0504000244140625 5.080717073392467e-07
1.0514000244140624 1.2794557463246802e-06
1.0524000244140626 1.5330652360962377e-08
1.0534000244140624 1.3542540699734332e-06
1.0544000244140626 9.70493952966562e-07
1.0554000244140624 3.170077850882607e-11
1.0564000244140626 7.661626357319762e-07
1.0574000244140624 1.8199218185814025e-07
1.0584000244140626 2.478751186491645e-07
1.0594000244140624 6.989942687884823e-07
1.0604000244140626 3.2876938702456713e-07
1.0614000244140624 3.3898695815978427e-08
1.0624000244140626 6.016595659098148e-07
1.0634000244140625 4.2072755109993045e-07
1.0644000244140626 1.0970876505919775e-06
1.0654000244140625 3.515452218692394e-07
1.0664000244140626 5.83882404952347e-07
1.0674000244140625 3.18429285065344e-11
1.0684000244140626 7.578334855545499e-07
1.0694000244140625 3.816599376684587e-07
1.0704000244140626 3.1849305525260695e-11
1.0714000244140625 9.222068131380272e-07
1.0724000244140626 3.18622484010553e-11
1.0734000244140625 3.9997748254968937e-07
1.0744000244140626 1.1989631699067231e-06
1.0754000244140625 1.0386628298874183e-06
1.0764000244140626 2.251817551411623e-07
1.0774000244140625 8.932920684601802e-07
1.0784000244140626 7.387411819399508e-07
1.0794000244140625 8.65805538368691e-07
1.0804000244140626 7.30054704827025e-07
1.0814000244140625 2.3350835970135178e-07
1.0824000244140626 7.779451272337297e-07
1.0834000244140625 4.6671439275766074e-08
1.0844000244140626 2.4403597579722415e-07
1.0854000244140625 7.694917203594731e-07
1.0864000244140626 4.681021596722095e-07
1.0874000244140625 1.0359184020968137e-06
1.0884000244140626 6.03851540806036e-07
1.0894000244140625 3.4259264147382096e-07
1.0904000244140626 2.4504511647797583e-07
1.0914000244140625 4.1163228765739733e-07
1.0924000244140626 7.24529588268294e-07
1.0934000244140625 2.769608173976975e-07
1.0944000244140626 1.5717936478721554e-07
1.0954000244140625 7.545105674814252e-07
1.0964000244140626 4.5608708274676765e-07
1.0974000244140625 2.811494161105218e-07
1.0984000244140626 6.07525624012212e-07
1.0994000244140625 2.7398150274464e-07
1.1004000244140626 4.365232300954241e-07
1.1014000244140625 3.2744277336912597e-07
1.1024000244140626 3.4205063222825426e-11
1.1034000244140625 6.195481157512579e-07
1.1044000244140626 1.2975410316656423e-07
1.1054000244140625 1.5006555068822135e-06
1.1064000244140626 1.7502692013774156e-07
1.1074000244140625 3.8338920214990467e-07
1.1084000244140626 8.577613695013344e-08
1.1094000244140625 1.7159307777273504e-07
1.1104000244140626 2.0389442981893078e-07
1.1114000244140625 7.253011001799936e-07
1.1124000244140626 4.7291254529100567e-07
1.1134000244140625 1.4173012949825594e-07
1.1144000244140626 8.497466107912806e-07
1.1154000244140625 6.752216411636017e-07
1.1164000244140626 3.460150835773878e-11
1.1174000244140625 2.5227933678871733e-07
1.1184000244140626 2.7664562793798353e-07
1.1194000244140625 1.467765420371469e-06
1.1204000244140624 6.804194754504618e-08
1.1214000244140625 2.3064888917476006e-07
1.1224000244140624 9.803219681433695e-07
1.1234000244140625 2.2936383101754178e-08
1.1244000244140624 9.202350126337987e-07
1.1254000244140625 2.7657877699973924e-07
1.1264000244140624 7.242652519711738e-07
1.1274000244140625 2.9580707185224587e-07
1.1284000244140624 4.046855277461873e-07
1.1294000244140625 8.35370322282674e-07
1.1304000244140624 7.907030971642802e-07
1.1314000244140625 3.46340250118366e-11
1.1324000244140624 5.263370704774696e-07
1.1334000244140625 9.074096632763047e-07
1.1344000244140624 8.162025220413237e-07
1.1354000244140625 3.0901195066951985e-07
1.1364000244140624 8.755536493360608e-07
1.1374000244140625 3.4756569931366565e-11
1.1384000244140624 4.655259636728642e-07
1.1394000244140625 4.819647784932002e-07
1.1404000244140624 6.812210790764945e-07
1.1414000244140625 8.736035021949568e-08
1.1424000244140624 3.1964382537047535e-07
1.1434000244140625 3.536367242786178e-11
1.1444000244140624 1.0289051683939966e-06
1.1454000244140625 9.700165803908674e-07
1.1464000244140624 3.548286315861843e-11
1.1474000244140625 7.78941501049284e-07
1.1484000244140624 5.921974908318474e-07
1.1494000244140625 7.30436969245774e-08
1.1504000244140624 6.095839824123093e-07
1.1514000244140625 1.927932908012748e-07
1.1524000244140624 3.0363190150860786e-07
1.1534000244140625 3.5961007063892074e-11
1.1544000244140624 3.1577305761366436e-07
1.1554000244140625 3.6073400725714324e-11
1.1564000244140624 7.171114929901702e-07
1.1574000244140625 1.2587006527816347e-07
1.1584000244140624 5.0412372033799e-07
1.1594000244140625 1.7162563362362065e-07
1.1604000244140624 1.0331045918690981e-07
1.1614000244140625 1.6870229913094335e-07
1.1624000244140624 3.8002084986414904e-07
1.1634000244140625 3.6093829966903895e-07
1.1644000244140624 7.03343865429635e-09
1.1654000244140625 5.647926841784473e-07
1.1664000244140624 4.827471036096985e-07
1.1674000244140625 1.1391420637973712e-06
1.1684000244140624 2.3936480365023956e-08
1.1694000244140625 4.867154117194101e-07
1.1704000244140624 1.180678532883328e-06
1.1714000244140625 9.440977987782898e-08
1.1724000244140624 1.7869385608652606e-07
1.1734000244140625 1.310166064061058e-06
1.1744000244140624 8.157476391957796e-07
1.1754000244140625 7.899944558845151e-07
1.1764000244140624 1.1963941571684977e-06
1.1774000244140626 7.947113932007192e-07
1.1784000244140624 1.1760408886169362e-07
1.1794000244140626 4.1648728781533184e-07
1.1804000244140624 4.635946290176981e-07
1.1814000244140626 2.4552179451616873e-09
1.1824000244140624 8.115073204415161e-08
1.1834000244140626 6.50799721159209e-07
1.1844000244140624 5.150330873079557e-07
1.1854000244140626 2.082187221874032e-07
1.1864000244140624 1.152483679728227e-06
1.1874000244140626 1.1785331291869666e-07
1.1884000244140625 6.441100824202861e-07
1.1894000244140626 2.192485899774301e-07
1.1904000244140625 5.462896804138733e-07
1.1914000244140626 2.632009985007705e-07
1.1924000244140625 4.6737730985225514e-07
1.1934000244140626 8.275844370636154e-08
1.1944000244140625 2.0205967762523755e-07
1.1954000244140626 4.4782539514508317e-07
1.1964000244140625 4.072655751889052e-08
1.1974000244140626 1.4716453875853127e-07
1.1984000244140625 2.723323066121599e-07
1.1994000244140626 5.906174778811062e-07
1.2004000244140625 6.73663565569828e-08
1.2014000244140626 2.8062280029372707e-07
1.2024000244140625 2.4462679101984825e-07
1.2034000244140626 1.2635389911605873e-07
1.2044000244140625 1.859614100636348e-07
1.2054000244140626 6.226807068234336e-07
1.2064000244140625 5.218832899506184e-07
1.2074000244140626 3.819305828792066e-07
1.2084000244140625 2.8799658599472266e-07
1.2094000244140626 6.497144285577391e-07
1.2104000244140625 1.5598910413341003e-07
1.2114000244140626 5.926521684164643e-07
1.2124000244140625 1.467912324614021e-07
1.2134000244140626 7.126327008731156e-07
1.2144000244140625 7.942820920026502e-08
1.2154000244140626 3.4881036503053363e-11
1.2164000244140625 3.549565514879267e-11
1.2174000244140626 3.313703977272171e-07
1.2184000244140625 7.179524730882509e-07
1.2194000244140626 3.109539299768109e-08
1.2204000244140625 2.115412461438775e-07
1.2214000244140626 3.44114805472727e-07
1.2224000244140625 3.7763217056171965e-07
1.2234000244140626 3.31891310621055e-07
1.2244000244140625 4.144385172976606e-07
1.2254000244140626 1.9678536942694697e-07
1.2264000244140625 6.04360519907642e-07
1.2274000244140626 3.199341904003188e-07
1.2284000244140625 8.402674594038531e-07
1.2294000244140626 3.782753803542573e-11
1.2304000244140625 3.776842867641369e-11
1.2314000244140626 4.971324898768225e-07
1.2324000244140625 3.0506379402471817e-07
1.2334000244140626 5.275896846929295e-08
1.2344000244140625 1.0823282601435144e-07
1.2354000244140626 3.7879763530983296e-11
1.2364000244140625 4.6129450128100285e-07
1.2374000244140626 9.988531366407333e-07
1.2384000244140625 3.793460059762802e-11
1.2394000244140626 3.1383429394961027e-09
1.2404000244140625 3.992119273357919e-08
1.2414000244140626 5.420783681222545e-07
1.2424000244140625 7.834750656960241e-07
1.2434000244140626 5.493168516479714e-08
1.2444000244140625 4.701594632862513e-07
1.2454000244140624 5.437472451419654e-07
1.2464000244140625 3.8090102399566404e-11
1.2474000244140624 3.826040854813008e-07
1.2484000244140625 4.382803009805543e-08
1.2494000244140624 1.8829039937393687e-07
1.2504000244140625 9.73788831128471e-07
1.2514000244140624 1.1002097390862294e-06
1.2524000244140625 6.225064556166433e-07
1.2534000244140624 1.133670557191754e-07
1.2544000244140625 4.962859067367397e-07
1.2554000244140624 1.9423556700651594e-07
1.2564000244140625 4.931401831496229e-07
1.2574000244140624 3.820542218595975e-11
1.2584000244140625 3.436046056921604e-07
1.2594000244140624 6.440305275302491e-07
1.2604000244140625 3.676021396216899e-07
1.2614000244140624 7.99891070085445e-07
1.2624000244140625 1.5846605241979314e-07
1.2634000244140624 1.0286513019598557e-06
1.2644000244140625 9.552985517073567e-07
1.2654000244140624 1.6370457250176316e-07
1.2664000244140625 7.204353962655046e-07
1.2674000244140624 3.848581046865554e-11
1.2684000244140625 1.9295735978187484e-07
1.2694000244140624 7.092959208773284e-07
1.2704000244140625 5.219114650708544e-08
1.2714000244140624 5.007649920114557e-08
1.2724000244140625 3.839241934864869e-11
1.2734000244140624 6.608877766937858e-07
1.2744000244140625 1.517278659160297e-07
1.2754000244140624 5.29679406995276e-07
1.2764000244140625 1.6072749467020637e-07
1.2774000244140624 3.374621211841641e-07
1.2784000244140625 5.905403262331152e-07
1.2794000244140624 4.5209551839567654e-07
1.2804000244140625 1.94599166640543e-07
1.2814000244140624 1.1173643235094301e-06
1.2824000244140625 3.8485460098554936e-11
1.2834000244140624 6.784546983196886e-07
1.2844000244140625 1.0811439783700579e-06
1.2854000244140624 3.06476191266964e-07
1.2864000244140625 1.3373122818388445e-07
1.2874000244140624 3.3998638917060413e-07
1.2884000244140625 1.0373485421507034e-06
1.2894000244140624 2.5008484422954897e-07
1.2904000244140625 9.649215380468115e-07
1.2914000244140624 6.536387278262204e-07
1.2924000244140625 4.0447858972709673e-07
1.2934000244140624 5.1701412316170036e-08
1.2944000244140625 7.920542072961182e-07
1.2954000244140624 8.115977179272483e-08
1.2964000244140625 5.427296684408637e-07
1.2974000244140624 6.235040573320172e-07
1.2984000244140625 3.3784568083022006e-07
1.2994000244140624 4.534008809326756e-07
1.3004000244140625 2.248118316675338e-07
1.3014000244140624 8.578522700550661e-07
1.3024000244140626 7.69244454335525e-07
1.3034000244140624 4.1051168918450995e-07
1.3044000244140626 3.84127972971771e-07
1.3054000244140624 6.137589530628674e-07
1.3064000244140626 8.932932132362808e-07
1.3074000244140624 2.4387380429316425e-07
1.3084000244140626 8.755866963980014e-07
1.3094000244140624 4.834869145791856e-07
1.3104000244140626 2.9610468484575346e-07
1.3114000244140624 3.8838207751624653e-11
1.3124000244140626 2.439349392878876e-07
1.3134000244140625 4.988949444381409e-07
1.3144000244140626 1.195117188195878e-07
1.3154000244140625 5.558994970486008e-07
1.3164000244140626 2.0941532574867182e-07
1.3174000244140625 8.909469295869229e-07
1.3184000244140626 6.925425964994607e-07
1.3194000244140625 8.651733759636573e-08
1.3204000244140626 4.15348314668757e-07
1.3214000244140625 1.6759215244799242e-07
1.3224000244140626 5.304513350099222e-07
1.3234000244140625 3.887110869590299e-07
1.3244000244140626 3.685727180664593e-08
1.3254000244140625 1.3824343392228517e-09
1.3264000244140626 1.6471395912060807e-08
1.3274000244140625 2.3616404960426474e-07
1.3284000244140626 1.840648653434332e-08
1.3294000244140625 8.81576738723651e-07
1.3304000244140626 6.489289231251956e-07
1.3314000244140625 7.319985751681155e-07
1.3324000244140626 5.095183382096105e-07
1.3334000244140625 4.132519193521485e-07
1.3344000244140626 2.159973840343255e-07
1.3354000244140625 7.51054094597045e-09
1.3364000244140626 7.618191067161064e-07
1.3374000244140625 6.689601809288524e-07
1.3384000244140626 2.22824933897084e-07
1.3394000244140625 9.881725104626877e-07
1.3404000244140626 5.6005992179432994e-08
1.3414000244140625 1.6784581136519848e-07
1.3424000244140626 2.7523920259195e-07
1.3434000244140625 2.6930340752593184e-07
1.3444000244140626 6.369302434423551e-07
1.3454000244140625 3.623410073540431e-07
1.3464000244140626 4.682100721362928e-07
1.3474000244140625 9.204229972408477e-07
1.3484000244140626 1.258993769805831e-06
1.3494000244140625 8.013437991980385e-07
1.3504000244140626 6.44800496796666e-07
1.3514000244140625 4.576784093139944e-07
1.3524000244140626 1.493790015521038e-07
1.3534000244140625 1.3074313469901933e-06
1.3544000244140626 4.009682889282544e-11
1.3554000244140625 1.1195465528124608e-06
1.3564000244140626 2.684613779527878e-07
1.3574000244140625 5.367918377427149e-07
1.3584000244140626 7.166918562548762e-07
1.3594000244140625 7.946423791079184e-07
1.3604000244140626 2.0376286759510025e-07
1.3614000244140625 7.019771204841091e-07
1.3624000244140626 1.7503735588022692e-06
1.3634000244140625 4.490723579141732e-07
1.3644000244140626 1.0234997224033159e-06
1.3654000244140625 2.6671322268677153e-07
1.3664000244140626 1.28135660973408e-06
1.3674000244140625 1.832198919251329e-06
1.3684000244140626 3.9023884744525635e-07
1.3694000244140625 5.261868031900038e-07
1.3704000244140624 4.500970886944441e-07
1.3714000244140625 1.090248957175667e-06
1.3724000244140624 4.4968178967138385e-07
1.3734000244140625 2.218064650591439e-06
1.3744000244140624 8.238380831990516e-07
1.3754000244140625 1.4480823899003604e-06
1.3764000244140624 8.447686447208243e-07
1.3774000244140625 9.709330617192803e-07
1.3784000244140624 1.4611623477488739e-06
1.3794000244140625 2.6135443824057996e-07
1.3804000244140624 1.4061133105232018e-06
1.3814000244140625 2.98614187510896e-07
1.3824000244140624 1.67835999703918e-06
1.3834000244140625 6.234257417431201e-07
1.3844000244140624 1.957552573016896e-07
1.3854000244140625 4.45204375106969e-07
1.3864000244140624 8.216402835078397e-07
1.3874000244140625 1.970168525325464e-06
1.3884000244140624 9.820658237560378e-07
1.3894000244140625 6.224462370984973e-07
1.3904000244140624 1.4750075144347735e-06
1.3914000244140625 1.0069369327875987e-06
1.3924000244140624 1.1792200451427731e-07
1.3934000244140625 1.1259533057237124e-06
1.3944000244140624 3.545249879668688e-07
1.3954000244140625 1.8452944951096865e-06
1.3964000244140624 1.055623713999028e-06
1.3974000244140625 1.335111842622459e-06
1.3984000244140624 5.266920814357774e-07
1.3994000244140625 7.977028451060677e-07
1.4004000244140624 4.457822968607722e-07
1.4014000244140625 5.811613068025346e-07
1.4024000244140624 4.668028282702671e-07
1.4034000244140625 1.378589604715047e-06
1.4044000244140624 1.0966456402991896e-06
1.4054000244140625 9.768918242938913e-07
1.4064000244140624 5.196680386444575e-07
1.4074000244140625 6.794021381578623e-07
1.4084000244140624 4.931145795267242e-07
1.4094000244140625 3.4588784826695697e-09
1.4104000244140624 1.0944523334528213e-06
1.4114000244140625 5.260151958568271e-07
1.4124000244140624 8.908049606980296e-07
1.4134000244140625 3.167439574406383e-07
1.4144000244140624 1.1668876383326962e-06
1.4154000244140625 4.457097834566616e-07
1.4164000244140624 3.9224987106872136e-07
1.4174000244140625 5.175940810495981e-07
1.4184000244140624 6.381954837222945e-07
1.4194000244140625 6.502849326598392e-07
1.4204000244140624 4.730235834707844e-07
1.4214000244140625 7.943978174191007e-07
1.4224000244140624 1.0752859518993547e-06
1.4234000244140625 1.2423460418827942e-06
1.4244000244140624 2.1049610367438843e-07
1.4254000244140625 1.7949233995196986e-06
1.4264000244140624 6.383334143461415e-07
1.4274000244140626 1.1118824478877823e-06
1.4284000244140624 9.160314391108128e-07
1.4294000244140626 3.9215577655311184e-07
1.4304000244140624 9.138989715922212e-07
1.4314000244140626 7.616452193958965e-07
1.4324000244140624 1.2862963913176433e-06
1.4334000244140626 6.778141302903665e-07
1.4344000244140624 7.006823921877839e-07
1.4354000244140626 8.516108607932213e-07
1.4364000244140624 6.532782158244973e-07
1.4374000244140626 7.502316288395078e-07
1.4384000244140625 1.2823996699126653e-06
1.4394000244140626 6.247140106744181e-07
1.4404000244140625 1.0237202279379696e-06
1.4414000244140626 1.1145872408516063e-06
1.4424000244140625 7.700964931705123e-07
1.4434000244140626 2.027946606262396e-06
1.4444000244140625 1.8201713683154807e-06
1.4454000244140626 1.931917135003375e-06
1.4464000244140625 1.245213004599902e-06
1.4474000244140626 1.553403093002385e-06
1.4484000244140625 1.758754117072523e-06
1.4494000244140626 1.6899622099801795e-06
1.4504000244140625 2.263816905687321e-06
1.4514000244140626 2.1099395533946175e-06
1.4524000244140625 2.246947312133496e-06
1.4534000244140626 2.5339969291995398e-06
1.4544000244140625 1.9696962749430405e-06
1.4554000244140626 2.8275712238649898e-06
1.4564000244140625 2.864942794662164e-06
1.4574000244140626 3.303958697867261e-06
1.4584000244140625 3.4150891034736978e-06
1.4594000244140626 3.3517226590960266e-06
1.4604000244140625 4.71883178382798e-06
1.4614000244140626 4.847294359310172e-06
1.4624000244140625 5.3278508563861605e-06
1.4634000244140626 6.426924372512733e-06
1.4644000244140625 6.693690626567832e-06
1.4654000244140626 7.669327762812848e-06
1.4664000244140625 1.0049275072028211e-05
1.4674000244140626 9.387511862381751e-06
1.4684000244140625 1.1697201921355274e-05
1.4694000244140626 1.3056721394552223e-05
1.4704000244140625 1.3820223909502852e-05
1.4714000244140626 1.7837724435372288e-05
1.4724000244140625 1.9812508926360197e-05
1.4734000244140626 2.2010537415183025e-05
1.4744000244140625 2.4932199715958877e-05
1.4754000244140626 2.878001637138031e-05
1.4764000244140625 3.137992880722174e-05
1.4774000244140626 3.6259521340116435e-05
1.4784000244140625 3.962602736192826e-05
1.4794000244140626 4.6266401188264366e-05
1.4804000244140625 5.0798607944374276e-05
1.4814000244140626 5.569392232289177e-05
1.4824000244140625 6.462131480308509e-05
1.4834000244140626 7.009670250294158e-05
1.4844000244140625 7.958947091989652e-05
1.4854000244140626 8.867888520910458e-05
1.4864000244140625 9.999929017370462e-05
1.4874000244140626 0.00011298129770766858
1.4884000244140625 0.00012476754186162555
1.4894000244140626 0.000143679863586863
1.4904000244140625 0.0001637128858692671
1.4914000244140626 0.00018567369486138831
1.4924000244140625 0.00021266270202584833
1.4934000244140626 0.00024049139261880033
1.4944000244140625 0.00028412242034541114
1.4954000244140624 0.00031452353117310993
1.4964000244140625 0.00036741684833169864
1.4974000244140624 0.0004269353435461444
1.4984000244140625 0.0005031507363932139
1.4994000244140624 0.000580185718041084
1.5004000244140625 0.0006880367259941962
1.5014000244140624 0.0007999932739162502
1.5024000244140625 0.0009320551691517092
1.5034000244140624 0.0010959981162767184
1.5044000244140625 0.0012760703454278576
1.5054000244140624 0.001519531316959184
1.5064000244140625 0.0017864770760228242
1.5074000244140624 0.0021143035172333665
1.5084000244140625 0.002441303083562248
1.5094000244140624 0.0028556314662912326
1.5104000244140625 0.0033325679352353933
1.5114000244140624 0.003981728253671492
1.5124000244140625 0.00452837614284008
1.5134000244140624 0.005398026028749449
1.5144000244140625 0.006044802375502634
1.5154000244140624 0.007263244354422849
1.5164000244140625 0.008469063528849442
1.5174000244140624 0.00982426228209355
1.5184000244140625 0.011403212126446259
1.5194000244140624 0.012790157828219236
1.5204000244140625 0.014158245279548157
1.5214000244140624 0.015535349772445169
1.5224000244140625 0.01731445632097895
1.5234000244140624 0.019191180971241294
1.5244000244140625 0.02080254794777355
1.5254000244140624 0.02390574677051583
1.5264000244140625 0.026374617596392244
1.5274000244140624 0.02960511479006879
1.5284000244140625 0.03380456201423227
1.5294000244140624 0.03818401967417722
1.5304000244140625 0.043724676963207004
1.5314000244140624 0.04965413618255116
1.5324000244140625 0.056931094487347914
1.5334000244140624 0.06599706232144781
1.5344000244140625 0.07495534611911252
1.5354000244140624 0.08896817123658939
1.5364000244140625 0.10117421472933043
1.5374000244140624 0.11468429652763387
1.5384000244140625 0.13881319326541694
1.5394000244140624 0.15749664577200984
1.5404000244140625 0.1804028584953441
1.5414000244140624 0.20632586241402653
1.5424000244140625 0.2324724408547994
1.5434000244140624 0.25741928473459286
1.5444000244140625 0.28340205441928923
1.5454000244140624 0.31178162347471855
1.5464000244140625 0.3302801953102605
1.5474000244140624 0.34898543554984035
1.5484000244140625 0.36542322719991843
1.5494000244140624 0.375024325314727
1.5504000244140625 0.3822025126572027
1.5514000244140624 0.3876656241673727
1.5524000244140626 0.39246538028120886
1.5534000244140624 0.39609348571852654
1.5544000244140626 0.39815132730254793
1.5554000244140624 0.405121806318193
1.5564000244140626 0.4027143757115786
1.5574000244140624 0.4046539323894734
1.5584000244140626 0.39939831900323663
1.5594000244140624 0.41199552201498724
1.5604000244140626 0.40717197359764257
1.5614000244140624 0.4095530165906226
1.5624000244140626 0.4150257906126648
1.5634000244140625 0.4209497029150613
1.5644000244140626 0.41086055166315333
1.5654000244140625 0.4153764077182983
1.5664000244140626 0.41391222965021174
1.5674000244140625 0.4202430049756397
1.5684000244140626 0.4142753443916758
1.5694000244140625 0.4169615256920754
1.5704000244140626 0.4169260090974682
1.5714000244140625 0.419480965985478
1.5724000244140626 0.41954598237146723
1.5734000244140625 0.4111438715964397
1.5744000244140626 0.41923555973354876
1.5754000244140625 0.4274219809561458
1.5764000244140626 0.42022729909023765
1.5774000244140625 0.4200031433484916
1.5784000244140626 0.41784280562362003
1.5794000244140625 0.4161347097607974
1.5804000244140626 0.4355513744665207
1.5814000244140625 0.41919819529359836
1.5824000244140626 0.43202864232232335
1.5834000244140625 0.42415758950050486
1.5844000244140626 0.4212465802214967
1.5854000244140625 0.4313716883601615
1.5864000244140626 0.4245290531854723
1.5874000244140625 0.42675578561068694
1.5884000244140626 0.42151120019945076
1.5894000244140625 0.4235127325628409
1.5904000244140626 0.4250697895476964
1.5914000244140625 0.4248468307492775
1.5924000244140626 0.4210851339436912
1.5934000244140625 0.4247012826367006
1.5944000244140626 0.4194092243758313
1.5954000244140625 0.4221468512363054
1.5964000244140626 0.42082777741155963
1.5974000244140625 0.42275757862179636
1.5984000244140626 0.4176759854417137
1.5994000244140625 0.42011775942114765
1.6004000244140626 0.41869113042608297
1.6014000244140625 0.42167822259959026
1.6024000244140626 0.422096321334787
1.6034000244140625 0.42094713998254035
1.6044000244140626 0.4234629168596579
1.6054000244140625 0.42523308358349804
1.6064000244140626 0.4164683862509216
1.6074000244140625 0.41537022857857486
1.6084000244140626 0.42092650450692964
1.6094000244140625 0.4222138237811009
1.6104000244140626 0.417896722562129
1.6114000244140625 0.4192775695472343
1.6124000244140626 0.4162953330986742
1.6134000244140625 0.414319699337107
1.6144000244140626 0.41394804635805155
1.6154000244140625 0.42418572014432043
1.6164000244140626 0.4120311915745022
1.6174000244140625 0.420649769966701
1.6184000244140626 0.41145529126331254
1.6194000244140625 0.4166113237425219
1.6204000244140624 0.420936415125334
1.6214000244140625 0.4182211622833752
1.6224000244140624 0.4163468261288493
1.6234000244140625 0.42022626331524005
1.6244000244140624 0.41874941285320555
1.6254000244140625 0.41194454109046
1.6264000244140624 0.43421617046572997
1.6274000244140625 0.42094589035964913
1.6284000244140624 0.42567343712575384
1.6294000244140625 0.425791592918506
1.6304000244140624 0.42599093481783096
1.6314000244140625 0.42407414824473355
1.6324000244140624 0.42755860961728137
1.6334000244140625 0.42770589072663645
1.6344000244140624 0.42252164017417515
1.6354000244140625 0.4345712065004491
1.6364000244140624 0.4346818085733741
1.6374000244140625 0.4265314254664377
1.6384000244140624 0.429330653155769
1.6394000244140625 0.4327571869597197
1.6404000244140624 0.4317768494794087
1.6414000244140625 0.4322862927005781
1.6424000244140624 0.4350508049285675
1.6434000244140625 0.4288921494679944
1.6444000244140624 0.43332326647874864
1.6454000244140625 0.4332784325599918
1.6464000244140624 0.4278540721823793
1.6474000244140625 0.4313366911258379
1.6484000244140624 0.4351915932377763
1.6494000244140625 0.4330752176071678
1.6504000244140624 0.43409100030374054
1.6514000244140625 0.44043210370523234
1.6524000244140624 0.42868446086511586
1.6534000244140625 0.4306084837016184
1.6544000244140624 0.4325732329884731
1.6554000244140625 0.43284683627433546
1.6564000244140624 0.429665605735644
1.6574000244140625 0.43364157826493105
1.6584000244140624 0.42412200646817066
1.6594000244140625 0.4336045453371069
1.6604000244140624 0.43322526855103716
1.6614000244140625 0.4269598077450773
1.6624000244140624 0.42885429595863944
1.6634000244140625 0.42492407845186064
1.6644000244140624 0.42772768568744174
1.6654000244140625 0.42203740423846886
1.6664000244140624 0.42384764036493816
1.6674000244140625 0.4270007794237321
1.6684000244140624 0.4235746772832762
1.6694000244140625 0.42093445684876146
1.6704000244140624 0.42078967344843715
1.6714000244140625 0.41896172443670665
1.6724000244140624 0.4153849650664141
1.6734000244140625 0.42261580595251824
1.6744000244140624 0.422730168784252
1.6754000244140625 0.42440941635931534
1.6764000244140624 0.4299935402298688
1.6774000244140626 0.4196297720272849
1.6784000244140624 0.42778464785125614
1.6794000244140626 0.4312900730570202
1.6804000244140624 0.43300893648326527
1.6814000244140626 0.426152332695086
1.6824000244140624 0.42852630794053115
1.6834000244140626 0.44025339702846444
1.6844000244140624 0.43527843487088236
1.6854000244140626 0.4375986337084932
1.6864000244140624 0.431926037343704
1.6874000244140626 0.43835366637255596
1.6884000244140625 0.4368259561759764
1.6894000244140626 0.4326806484594655
1.6904000244140625 0.42925749504311417
1.6914000244140626 0.4376487607570067
1.6924000244140625 0.437805637737219
1.6934000244140626 0.4357342117093085
1.6944000244140625 0.4279488281009486
1.6954000244140626 0.4407819016397215
1.6964000244140625 0.4281148009349394
1.6974000244140626 0.4278416228144157
1.6984000244140625 0.4284583117113045
1.6994000244140626 0.41886430459147017
1.7004000244140625 0.4187165503844706
1.7014000244140626 0.4160401827210378
1.7024000244140625 0.4055899123855
1.7034000244140626 0.3975991781403005
1.7044000244140625 0.38673515356792937
1.7054000244140626 0.37703391134414976
1.7064000244140625 0.36271290221561486
1.7074000244140626 0.3502716144056387
1.7084000244140625 0.3296528502307036
1.7094000244140626 0.30682442338347854
1.7104000244140625 0.28665917510338623
1.7114000244140626 0.2651541226072663
1.7124000244140625 0.23496681579175385
1.7134000244140626 0.22777044406198915
1.7144000244140625 0.1978392499325265
1.7154000244140626 0.17767002764330367
1.7164000244140625 0.15845778630217905
1.7174000244140626 0.13995803335068094
1.7184000244140625 0.12228034990899511
1.7194000244140626 0.11065000479536567
1.7204000244140625 0.097691605255813
1.7214000244140626 0.08623902318528592
1.7224000244140625 0.07569868149036386
1.7234000244140626 0.06756567107720916
1.7244000244140625 0.05982561671799228
1.7254000244140626 0.05184755961372835
1.7264000244140625 0.04844633486217657
1.7274000244140626 0.04311154411047453
1.7284000244140625 0.03887976075403575
1.7294000244140626 0.03467532093857829
1.7304000244140625 0.032432612290323966
1.7314000244140626 0.028793650712689516
1.7324000244140625 0.025914971882437778
1.7334000244140626 0.02273850134328521
1.7344000244140625 0.019427284099860706
1.7354000244140626 0.01658726806380285
1.7364000244140625 0.014262407877509067
1.7374000244140626 0.01180792712731961
1.7384000244140625 0.010601894147331297
1.7394000244140626 0.008943189120271068
1.7404000244140625 0.007845642498902404
1.7414000244140626 0.006588797267487089
1.7424000244140625 0.005745290670806522
1.7434000244140626 0.004931529060016886
1.7444000244140625 0.004135431015472959
1.7454000244140624 0.0036348799883527978
1.7464000244140625 0.0032184425138564498
1.7474000244140624 0.0028487636448904508
1.7484000244140625 0.0024535382899586265
1.7494000244140624 0.002156167249635818
1.7504000244140625 0.0018809964017808955
1.7514000244140624 0.0016690785884296132
1.7524000244140625 0.0014674271919249478
1.7534000244140624 0.0012873018526656232
1.7544000244140625 0.0011741539228975932
1.7554000244140624 0.0010131819509685757
1.7564000244140625 0.000904387136640374
1.7574000244140624 0.0008317951438057906
1.7584000244140625 0.0007424009201825459
1.7594000244140624 0.0006701795944375899
1.7604000244140625 0.0005888472802744641
1.7614000244140624 0.0005378189980346367
1.7624000244140625 0.00048049610844984607
1.7634000244140624 0.0004304752407541316
1.7644000244140625 0.00039143217558176336
1.7654000244140624 0.00036432461819305877
1.7664000244140625 0.0003337531001598137
1.7674000244140624 0.0003019075818072986
1.7684000244140625 0.00027533922980565523
1.7694000244140624 0.00025202450156597934
1.7704000244140625 0.00022609660192001287
1.7714000244140624 0.00020989583942593865
1.7724000244140625 0.0001969745055932909
1.7734000244140624 0.00017782331115577237
1.7744000244140625 0.00016855416197837457
1.7754000244140624 0.00014730498872174154
1.7764000244140625 0.0001442994847121881
1.7774000244140624 0.00012699218220706794
1.7784000244140625 0.00011946360566738452
1.7794000244140624 0.00011212993227389305
1.7804000244140625 0.0001020017093422118
1.7814000244140624 9.82345243208491e-05
1.7824000244140625 8.86128426614238e-05
1.7834000244140624 8.237157450571396e-05
1.7844000244140625 7.597859359509396e-05
1.7854000244140624 7.047092379107405e-05
1.7864000244140625 6.853760849868816e-05
1.7874000244140624 6.0969478508091175e-05
1.7884000244140625 5.703703756623056e-05
1.7894000244140624 5.267018125049377e-05
1.7904000244140625 5.102495031489528e-05
1.7914000244140624 4.503252838382207e-05
1.7924000244140625 4.441111690736876e-05
1.7934000244140624 4.2059949472502226e-05
1.7944000244140625 3.721607966403223e-05
1.7954000244140624 3.424865387603976e-05
1.7964000244140625 3.356193687838664e-05
1.7974000244140624 3.1665976148543164e-05
1.7984000244140625 2.954503043556896e-05
1.7994000244140624 2.7042573454337506e-05
1.8004000244140625 2.630174779385226e-05
1.8014000244140624 2.597421136897269e-05
1.8024000244140626 2.278304475655078e-05
1.8034000244140624 1.9422933471169033e-05
1.8044000244140626 2.1941910263251316e-05
1.8054000244140624 1.931039644134397e-05
1.8064000244140626 1.5315541604840615e-05
1.8074000244140624 1.9414800774708584e-05
1.8084000244140626 1.983804253031711e-05
1.8094000244140624 1.5516091241045537e-05
1.8104000244140626 1.5353404015044195e-05
1.8114000244140624 1.4845468164920242e-05
1.8124000244140626 1.4796616893258637e-05
1.8134000244140625 1.291394062907136e-05
1.8144000244140626 1.2680981341037488e-05
1.8154000244140625 1.4075989345801201e-05
1.8164000244140626 1.0204878349310546e-05
1.8174000244140625 1.4326398877983694e-05
1.8184000244140626 1.1166965269040435e-05
1.8194000244140625 8.592435406396391e-06
1.8204000244140626 9.366479939927406e-06
1.8214000244140625 1.1951375687286837e-05
1.8224000244140626 7.83924767350899e-06
1.8234000244140625 9.897148836145787e-06
1.8244000244140626 1.1039136086218744e-05
1.8254000244140625 8.042806602583997e-06
1.8264000244140626 6.883292175062026e-06
1.8274000244140625 8.126950830840007e-06
1.8284000244140626 1.0123422223757282e-05
1.8294000244140625 7.809875561443718e-06
1.8304000244140626 4.823463034112529e-06
1.8314000244140625 8.86897059433364e-06
1.8324000244140626 1.1323153262169664e-05
1.8334000244140625 7.440224599137427e-06
1.8344000244140626 3.3653900031664914e-06
1.8354000244140625 9.643833400347843e-06
1.8364000244140626 6.5931655597252795e-06
1.8374000244140625 5.8346203143952084e-06
1.8384000244140626 1.0111831547999795e-05
1.8394000244140625 7.939519873537055e-06
1.8404000244140626 8.66785227985094e-06
1.8414000244140625 5.031485829818051e-06
1.8424000244140626 1.1292846482215473e-05
1.8434000244140625 5.866169368113515e-06
1.8444000244140626 6.396374321945336e-06
1.8454000244140625 1.1078813468148873e-05
1.8464000244140626 1.8516745391926761e-06
1.8474000244140625 7.888413160354617e-06
1.8484000244140626 7.695849051206968e-06
1.8494000244140625 5.729437233635741e-06
1.8504000244140626 3.923399590922331e-06
1.8514000244140625 4.9764705193398246e-06
1.8524000244140626 7.904946204099133e-06
1.8534000244140625 5.405011742587954e-06
1.8544000244140626 2.3171875462788203e-06
1.8554000244140625 4.833923529320717e-06
1.8564000244140626 7.366045718489751e-06
1.8574000244140625 5.865709305670704e-06
1.8584000244140626 2.7683563834888235e-06
1.8594000244140625 8.854230017911575e-06
1.8604000244140626 7.218098581062755e-06
1.8614000244140625 4.02701415761305e-06
1.8624000244140626 7.051267798849891e-06
1.8634000244140625 6.1836739381771644e-06
1.8644000244140626 4.480757849431896e-06
1.8654000244140625 3.8422820156985745e-06
1.8664000244140626 8.002892298167721e-06
1.8674000244140625 6.634325068079667e-06
1.8684000244140626 4.0358474120176335e-06
1.8694000244140625 7.989327637157138e-06
1.8704000244140624 5.998411599131643e-06
1.8714000244140625 5.242074731035348e-06
1.8724000244140624 7.227526377332695e-06
1.8734000244140625 3.6301949660248754e-06
1.8744000244140624 5.911083285733643e-06
1.8754000244140625 7.96391856937153e-06
1.8764000244140624 5.603346702234824e-06
1.8774000244140625 7.28066991318734e-06
1.8784000244140624 7.553912133114494e-06
1.8794000244140625 2.876480790361634e-06
1.8804000244140624 5.362276906238963e-06
1.8814000244140625 4.3353417617985835e-06
1.8824000244140624 2.1325620192855447e-06
1.8834000244140625 4.588388775069196e-06
1.8844000244140624 4.751835478510698e-06
1.8854000244140625 1.5227456201922904e-06
1.8864000244140624 3.3256468559473337e-06
1.8874000244140625 5.039508193374634e-06
1.8884000244140624 1.4589688814652843e-06
1.8894000244140625 3.0139129432684723e-06
1.8904000244140624 6.555100238147413e-06
1.8914000244140625 4.9563344366772844e-06
1.8924000244140624 1.347050168324292e-06
1.8934000244140625 3.599237247572433e-06
1.8944000244140624 6.3051147966068134e-06
1.8954000244140625 6.132625226658755e-06
1.8964000244140624 5.38127724397073e-06
1.8974000244140625 1.0269632610610741e-07
1.8984000244140624 2.4847046565906954e-06
1.8994000244140625 7.662762262115091e-06
1.9004000244140624 4.328722159753615e-06
1.9014000244140625 4.700668139859012e-06
1.9024000244140624 2.0874237056189706e-06
1.9034000244140625 4.617709987747977e-06
1.9044000244140624 4.3642642603255015e-06
1.9054000244140625 4.909989156885948e-06
1.9064000244140624 6.321068170854543e-06
1.9074000244140625 3.2701675597338022e-06
1.9084000244140624 5.714298344700195e-06
1.9094000244140625 2.0733859380739904e-06
1.9104000244140624 1.1249023622881007e-07
1.9114000244140625 1.2182911138271608e-05
1.9124000244140624 7.594572672013913e-07
1.9134000244140625 3.322841965588837e-06
1.9144000244140624 3.4480486832684234e-06
1.9154000244140625 6.8376332583297285e-06
1.9164000244140624 1.815844495819221e-06
1.9174000244140625 5.561379384660493e-06
1.9184000244140624 4.258631502348104e-06
1.9194000244140625 3.960654099972805e-06
1.9204000244140624 4.37498348643256e-06
1.9214000244140625 3.80799237904927e-06
1.9224000244140624 5.269689376939281e-06
1.9234000244140625 4.467432570006353e-06
1.9244000244140624 2.9311351097864506e-06
1.9254000244140625 2.4328220346279944e-06
1.9264000244140624 1.4474921890847494e-07
1.9274000244140626 1.2732243734780188e-06
1.9284000244140624 4.121780003014134e-06
1.9294000244140626 6.783996230799686e-07
1.9304000244140624 4.692746366658371e-06
1.9314000244140626 2.6947839305225227e-06
1.9324000244140624 2.1804782013845086e-06
1.9334000244140626 4.002540147923091e-06
1.9344000244140624 1.1711380682038767e-06
1.9354000244140626 4.229141556139868e-06
1.9364000244140624 1.778868337953542e-06
1.9374000244140626 8.660906366217332e-07
1.9384000244140625 3.0275108998238497e-06
1.9394000244140626 4.555507406108278e-11
1.9404000244140625 3.288588376201458e-06
1.9414000244140626 6.05541386209911e-06
1.9424000244140625 9.500381945362282e-08
1.9434000244140626 6.333426067318132e-07
1.9444000244140625 4.462310634916941e-06
1.9454000244140626 2.9278444552566173e-06
1.9464000244140625 1.353510944793853e-06
1.9474000244140626 3.121441864250527e-06
1.9484000244140625 2.447429956083118e-06
1.9494000244140626 1.2526959697978809e-06
1.9504000244140625 2.208914621675116e-06
1.9514000244140626 4.722745896215667e-06
1.9524000244140625 8.994113507543299e-07
1.9534000244140626 4.233852028142845e-06
1.9544000244140625 2.37133757284672e-06
1.9554000244140626 2.2150050132211555e-07
1.9564000244140625 5.651182217028051e-06
1.9574000244140626 1.767516807117801e-06
1.9584000244140625 3.931267151869231e-08
1.9594000244140626 2.001765010199846e-06
1.9604000244140625 3.013833470297173e-06
1.9614000244140626 4.613913760379579e-11
1.9624000244140625 4.259056014819316e-06
1.9634000244140626 2.907715931313798e-06
1.9644000244140625 4.6129296447070836e-11
1.9654000244140626 5.830946068015224e-07
1.9664000244140625 4.6160571708647374e-11
1.9674000244140626 4.343551955624556e-06
1.9684000244140625 2.098850310717176e-07
1.9694000244140626 4.877229681956458e-06
1.9704000244140625 4.6143088293638035e-11
1.9714000244140626 8.202262997931586e-06
1.9724000244140625 5.459520975999996e-06
1.9734000244140626 4.609040308286657e-11
1.9744000244140625 2.9018921902131734e-07
1.9754000244140626 4.046382922455592e-07
1.9764000244140625 2.233648512486671e-06
1.9774000244140626 7.0569991224721585e-06
1.9784000244140625 4.040348758912501e-06
1.9794000244140626 3.4997748842263584e-06
1.9804000244140625 1.616869455088592e-06
1.9814000244140626 1.2109733572709392e-07
1.9824000244140625 2.611684635673622e-06
1.9834000244140626 7.500570586046622e-07
1.9844000244140625 4.628263168547133e-11
1.9854000244140626 3.7522147518631627e-06
1.9864000244140625 3.302367215927272e-06
1.9874000244140626 4.64075521942602e-11
1.9884000244140625 4.338224506230171e-06
1.9894000244140626 5.569370281791409e-06
1.9904000244140625 5.571223856157481e-06
1.9914000244140626 4.6349354422469866e-11
1.9924000244140625 5.1989346317039795e-06
1.9934000244140626 4.62902602359397e-11
1.9944000244140625 3.7569181798204005e-06
1.9954000244140624 2.6401012364526288e-06
1.9964000244140625 3.707085602702555e-07
1.9974000244140624 2.482511670207214e-06
1.9984000244140625 4.443098619362786e-06
1.9994000244140624 1.4328817432764244e-06
2.0004000244140623 3.140040253270366e-06
2.0014000244140626 1.163818433718609e-06
2.0024000244140625 2.219053042048404e-06
2.0034000244140624 4.005042653913495e-06
2.0044000244140623 3.550074334992134e-06
2.0054000244140626 1.8215941819792908e-06
2.0064000244140625 3.6251681221209146e-06
2.0074000244140624 5.886837250568961e-06
2.0084000244140623 4.62118993058103e-11
2.0094000244140626 1.3779982981453078e-06
2.0104000244140625 1.2841631597999271e-06
2.0114000244140624 4.362579920216206e-06
2.0124000244140623 4.029566560042764e-07
2.0134000244140626 1.4017529404109165e-06
2.0144000244140625 4.6119374653852274e-11
2.0154000244140624 3.6983082349180404e-06
2.0164000244140623 4.2809703888684365e-06
2.0174000244140626 1.3312397794827023e-06
2.0184000244140625 1.6017541886526475e-06
2.0194000244140624 7.77461259125602e-07
2.0204000244140623 4.5945185170902914e-11
2.0214000244140626 3.3709112823862663e-06
2.0224000244140625 3.7066566038410383e-06
2.0234000244140624 9.428304577607798e-07
2.0244000244140623 3.125190753377247e-06
2.0254000244140626 4.877765999269514e-06
2.0264000244140625 2.7959714288307878e-08
2.0274000244140624 4.617232245141981e-06
2.0284000244140623 7.0355999732118055e-06
2.0294000244140626 1.9668051412412683e-06
2.0304000244140625 6.6368236688438155e-06
2.0314000244140624 1.4974085508083644e-06
2.0324000244140623 2.3596594010064362e-06
2.0334000244140626 4.604971877620484e-11
2.0344000244140625 2.4953424459873374e-06
2.0354000244140624 4.617427582522648e-07
2.0364000244140623 4.598274150733608e-11
2.0374000244140626 6.542543507142084e-07
2.0384000244140625 4.685558603563508e-06
2.0394000244140624 2.4799768479061634e-06
2.0404000244140623 5.709049931149706e-06
2.0414000244140627 5.256512397768752e-07
2.0424000244140625 1.7573760486402695e-06
2.0434000244140624 1.1789986459744505e-06
2.0444000244140623 3.974865638442253e-06
2.0454000244140627 9.597727734024327e-07
2.0464000244140625 5.7246515532736225e-06
2.0474000244140624 1.6867197051684337e-06
2.04839990234375 2.4874550298647124e-06
2.04939990234375 4.130178299339729e-06
2.05039990234375 9.116623032565282e-07
2.05139990234375 1.0165423175206453e-06
2.05239990234375 3.145799626228858e-06
2.05339990234375 2.733992663568838e-06
2.05439990234375 5.3741546440394314e-06
2.05539990234375 3.0392106798655156e-06
2.05639990234375 4.5690034136531136e-11
2.05739990234375 3.670939714880306e-06
2.05839990234375 4.582478305149766e-11
2.05939990234375 3.027312229643177e-06
2.06039990234375 6.353393770603354e-06
2.06139990234375 4.578323779294422e-11
2.06239990234375 2.229510494957109e-06
2.06339990234375 2.64731708329366e-06
2.06439990234375 7.910399787114402e-07
2.06539990234375 3.3555640083466e-06
2.06639990234375 8.14817074831329e-06
2.06739990234375 1.918894419803718e-06
2.06839990234375 4.581157830677296e-11
2.06939990234375 6.426874770727216e-06
2.07039990234375 9.507714490220275e-07
2.07139990234375 2.1929991289888655e-06
2.07239990234375 1.590497757560602e-07
2.07339990234375 4.860767561084392e-06
2.07439990234375 4.6302709270038867e-11
2.07539990234375 3.925812550108514e-06
2.07639990234375 4.6319050580472136e-11
2.07739990234375 3.8215493833018645e-07
2.07839990234375 4.612332837208189e-11
2.07939990234375 4.361500360105892e-06
2.08039990234375 2.6011731334626185e-06
2.08139990234375 1.3886540488039174e-06
2.08239990234375 1.5902647142264623e-06
2.08339990234375 4.6575819305202956e-11
2.08439990234375 4.260413711586366e-06
2.08539990234375 1.6390568214052037e-06
2.08639990234375 7.196210776800277e-06
2.08739990234375 5.397018034671267e-07
2.08839990234375 2.6486833040613546e-06
2.08939990234375 2.090833693102031e-06
2.09039990234375 7.324788921670543e-07
2.09139990234375 2.8209988732836347e-06
2.09239990234375 3.4319851064928558e-06
2.09339990234375 9.443757386815893e-07
2.09439990234375 4.646102933088284e-11
2.09539990234375 6.142688923539347e-06
2.09639990234375 4.6404213227716714e-11
2.09739990234375 3.3237192918086385e-06
2.09839990234375 7.1165526848453665e-06
2.09939990234375 4.6545939933871006e-11
2.10039990234375 1.1118414801652758e-06
2.10139990234375 4.703869918413612e-06
2.10239990234375 9.637794911118483e-08
2.10339990234375 7.671106405446752e-06
2.10439990234375 4.2859601659163437e-07
2.10539990234375 3.989374865370227e-06
2.10639990234375 4.6538907864474184e-11
2.10739990234375 4.304216541588295e-06
2.10839990234375 4.6587180805208296e-11
2.10939990234375 6.798007278060091e-06
2.11039990234375 4.76855021441859e-06
2.11139990234375 7.230075517121866e-06
2.11239990234375 4.650376237008259e-11
2.11339990234375 4.3950331127574054e-07
2.11439990234375 1.2175590019434827e-05
2.11539990234375 4.6600566770918744e-11
2.11639990234375 4.661018004258445e-11
2.11739990234375 6.523184482314065e-07
2.11839990234375 8.366371188645297e-06
2.11939990234375 4.299613784849035e-06
2.12039990234375 4.135794685853249e-09
2.12139990234375 4.68859758236776e-11
2.12239990234375 8.742245067603259e-06
2.12339990234375 7.726576888997183e-06
2.12439990234375 1.2507025073359185e-06
2.12539990234375 7.321551321183817e-07
2.12639990234375 5.7876515262728295e-06
2.12739990234375 4.696151647621561e-11
2.12839990234375 6.977925714759012e-07
2.12939990234375 2.472014744483925e-06
2.13039990234375 4.120308631216237e-06
2.13139990234375 1.0128066213969361e-05
2.13239990234375 4.695162852665235e-11
2.13339990234375 1.1938813442593255e-06
2.13439990234375 1.6102436928491827e-06
2.13539990234375 1.468442968123849e-06
2.13639990234375 4.674508424305035e-11
2.13739990234375 1.510070645448122e-05
2.13839990234375 8.823746754583634e-06
2.13939990234375 1.9460172122498885e-06
2.14039990234375 4.803477940188264e-06
2.14139990234375 9.531934493387663e-06
2.14239990234375 7.775355172435143e-06
2.14339990234375 2.6148539956802986e-07
2.14439990234375 4.6242292386194425e-11
2.14539990234375 9.382965428790478e-06
2.14639990234375 7.389770155321637e-06
2.14739990234375 5.171024806789272e-06
2.14839990234375 3.5388286548728017e-07
2.14939990234375 2.128098979915635e-06
2.15039990234375 4.624262756872313e-11
2.15139990234375 1.9856398730701765e-06
2.15239990234375 6.12962620674296e-06
2.15339990234375 4.638271444772138e-06
2.15439990234375 2.281927982659534e-05
2.15539990234375 4.593391539179237e-11
2.15639990234375 4.524291677151675e-07
2.15739990234375 5.59845083155103e-06
2.15839990234375 2.972236043677207e-06
2.15939990234375 4.8716474787254724e-06
2.16039990234375 5.163067777508203e-06
2.16139990234375 1.4412962358902378e-06
2.16239990234375 8.554483662325219e-07
2.16339990234375 2.820664507856535e-06
2.16439990234375 1.8096701565565624e-06
2.16539990234375 8.916856234003433e-06
2.16639990234375 4.5373436520188245e-11
2.16739990234375 6.850958778541629e-06
2.16839990234375 8.082615329567682e-07
2.16939990234375 5.071958322447286e-06
2.17039990234375 1.947569127747354e-07
2.17139990234375 4.5160070189844914e-11
2.17239990234375 1.327139076970839e-06
2.17339990234375 9.403680602289397e-06
2.17439990234375 7.001293040867957e-07
2.17539990234375 4.4975664947245356e-11
2.17639990234375 3.95214370721362e-06
2.17739990234375 3.565196573319871e-06
2.17839990234375 4.2572184127557964e-06
2.17939990234375 2.422182084486184e-06
2.18039990234375 2.99679822748829e-06
2.18139990234375 1.1785673204821276e-06
2.18239990234375 4.349562206622883e-06
2.18339990234375 9.666155167184205e-06
2.18439990234375 1.8399270459199497e-06
2.18539990234375 4.304825294677101e-11
2.18639990234375 1.5408267514413354e-06
2.18739990234375 7.928340920548769e-06
2.18839990234375 6.997191314396381e-06
2.18939990234375 1.09704043589491e-07
2.19039990234375 1.408502112560119e-06
2.19139990234375 7.270440459816374e-07
2.19239990234375 4.139543772965102e-11
2.19339990234375 5.9296174248118595e-06
2.19439990234375 3.7577114551091e-06
2.19539990234375 6.005252713851237e-06
2.19639990234375 6.854058337137755e-06
2.19739990234375 6.89950021485896e-06
2.19839990234375 3.967691302464582e-11
2.19939990234375 9.858626135684512e-07
2.20039990234375 3.905988608114797e-11
2.20139990234375 6.204832817677487e-06
2.20239990234375 4.816480572478182e-06
2.20339990234375 7.353651623700311e-06
2.20439990234375 4.3433067068068285e-06
2.20539990234375 1.8207057420632523e-06
2.20639990234375 3.7215548747858616e-11
2.20739990234375 1.8631526004179587e-06
2.20839990234375 7.356401253156742e-06
2.20939990234375 7.596728396217386e-06
2.21039990234375 1.4873367219619593e-07
2.21139990234375 1.2812850839405563e-06
2.21239990234375 9.196440917879226e-08
2.21339990234375 3.5820930983185116e-06
2.21439990234375 3.618602825277182e-11
2.21539990234375 3.612970639261974e-11
2.21639990234375 3.9219020717818394e-06
2.21739990234375 3.9633584233346535e-07
2.21839990234375 7.646892786899825e-07
2.21939990234375 1.310697855913542e-06
2.22039990234375 1.1670234154449995e-05
2.22139990234375 5.449366062018046e-06
2.22239990234375 2.377123862326778e-06
2.22339990234375 3.696538797538074e-11
2.22439990234375 3.7101867580391644e-11
2.22539990234375 2.4006866576181396e-06
2.22639990234375 9.954974766300934e-06
2.22739990234375 6.85784321300996e-07
2.22839990234375 1.0958455351897318e-06
2.22939990234375 3.740984502059532e-11
2.23039990234375 6.871093790665622e-06
2.23139990234375 1.0965033479707904e-05
2.23239990234375 2.33731978468335e-07
2.23339990234375 3.7681738124277206e-11
2.23439990234375 5.090711270372706e-06
2.23539990234375 2.1080906179024737e-06
2.23639990234375 3.791631143612825e-11
2.23739990234375 2.1964682793566884e-06
2.23839990234375 1.3932592892836302e-05
2.23939990234375 1.3341300873446566e-05
2.24039990234375 3.81823243899589e-11
2.24139990234375 1.2771319827636097e-05
2.24239990234375 9.746566251143805e-06
2.24339990234375 5.053413075003478e-06
2.24439990234375 3.813065635398254e-11
2.24539990234375 5.280432901308427e-06
2.24639990234375 1.1404305391029371e-05
2.24739990234375 2.7114959751944924e-06
2.24839990234375 3.820995851502227e-11
2.24939990234375 7.175217134908527e-06
2.25039990234375 6.155092512282027e-06
2.25139990234375 3.0356888706916715e-06
2.25239990234375 7.957130658198093e-06
2.25339990234375 1.2315203427632668e-05
2.25439990234375 3.826856851434609e-11
2.25539990234375 1.1825611582814649e-05
2.25639990234375 1.5474393065792217e-05
2.25739990234375 1.3887355296787838e-06
2.25839990234375 6.340377415105754e-07
2.25939990234375 1.1052831954572347e-05
2.26039990234375 3.8399603544752324e-11
2.26139990234375 1.3799814596012087e-05
2.26239990234375 3.0894484184888415e-06
2.26339990234375 8.24092371418392e-06
2.26439990234375 1.3492694671121518e-05
2.26539990234375 1.1000741807832215e-05
2.26639990234375 4.215135926102326e-06
2.26739990234375 2.0336903272853593e-06
2.26839990234375 1.910718402101732e-05
2.26939990234375 3.893382009310743e-11
2.27039990234375 6.167133221036801e-06
2.27139990234375 4.770019411516459e-06
2.27239990234375 2.958548851408337e-06
2.27339990234375 1.2640872765924934e-05
2.27439990234375 1.611318324284366e-06
2.27539990234375 1.095275694458287e-06
2.27639990234375 1.5067243128356496e-05
2.27739990234375 1.7461578409674917e-05
2.27839990234375 4.300523808287535e-06
2.27939990234375 2.2686589639681183e-06
2.28039990234375 1.0565020196757672e-05
2.28139990234375 6.377321645415448e-06
2.28239990234375 1.0154200000610147e-06
2.28339990234375 2.036812606714463e-06
2.28439990234375 4.095771223226442e-11
2.28539990234375 9.300950751888676e-07
2.28639990234375 1.2279636194450087e-06
2.28739990234375 1.8852857854819285e-06
2.28839990234375 9.335209979140243e-07
2.28939990234375 4.546988944797923e-07
2.29039990234375 3.977264328057618e-06
2.29139990234375 7.748646904975074e-06
2.29239990234375 2.135935937253297e-06
2.29339990234375 4.287513375972743e-07
2.29439990234375 4.174199116038389e-11
2.29539990234375 6.523184019129882e-06
2.29639990234375 1.2062635982456013e-06
2.29739990234375 2.4656446593747164e-06
2.29839990234375 3.1284407089028213e-06
2.29939990234375 5.76630663741303e-06
2.30039990234375 2.5165930672800063e-06
2.30139990234375 4.723294514720401e-06
2.30239990234375 5.751334449539507e-06
2.30339990234375 1.6915817976181674e-06
2.30439990234375 8.390900774409832e-07
2.30539990234375 4.4017751830790956e-07
2.30639990234375 1.86293602792096e-06
2.30739990234375 3.579171751413975e-06
2.30839990234375 5.449552000348159e-06
2.30939990234375 3.446587162711147e-07
2.31039990234375 6.192605547293761e-06
2.31139990234375 4.264456737819718e-06
2.31239990234375 2.449532498934414e-06
2.31339990234375 4.065691781956299e-11
2.31439990234375 1.085545874882964e-06
2.31539990234375 5.888501014770777e-06
2.31639990234375 3.319371587460988e-06
2.31739990234375 2.532696558814235e-06
2.31839990234375 3.81973186410235e-11
2.31939990234375 3.848005639988411e-06
2.32039990234375 5.143479899136294e-06
2.32139990234375 3.577651912197027e-11
2.32239990234375 2.1449404898418756e-06
2.32339990234375 7.308703690396307e-07
2.32439990234375 5.522251774286719e-07
2.32539990234375 1.6230447819151391e-06
2.32639990234375 2.418200475879311e-06
2.32739990234375 1.8933583824603677e-06
2.32839990234375 1.3141081016093084e-06
2.32939990234375 2.12227121255041e-06
2.33039990234375 1.8434552466745185e-06
2.33139990234375 6.302473754455983e-07
2.33239990234375 2.420488668371267e-07
2.33339990234375 1.8620649149987123e-06
2.33439990234375 1.265974065080124e-06
2.33539990234375 3.2026885268705575e-07
2.33639990234375 5.551188183617292e-07
2.33739990234375 1.937017580973242e-06
2.33839990234375 2.8865280936969654e-06
2.33939990234375 4.788802703085888e-07
2.34039990234375 1.8576509845703675e-06
2.34139990234375 8.453589180702896e-07
2.34239990234375 2.0507858680065415e-06
2.34339990234375 1.597256699185854e-11
2.34439990234375 1.351834225833372e-06
2.34539990234375 1.0825111521783007e-06
2.34639990234375 5.170152993642158e-07
2.34739990234375 4.2103381001553745e-08
2.34839990234375 1.2817705402411696e-06
2.34939990234375 1.9884723996847936e-06
2.35039990234375 1.2907845274763138e-06
2.35139990234375 5.238794968557557e-07
2.35239990234375 1.5639248468602785e-06
2.35339990234375 1.2344016700133942e-06
2.35439990234375 1.6311473388801781e-06
2.35539990234375 3.031809882984973e-07
2.35639990234375 1.5841495926255147e-06
2.35739990234375 4.6009001741487033e-07
2.35839990234375 1.3748412628348254e-06
2.35939990234375 5.261104534927316e-07
2.36039990234375 1.06850902942639e-06
2.36139990234375 8.57743137648925e-07
2.36239990234375 1.0655933058827423e-06
2.36339990234375 9.578045828597809e-07
2.36439990234375 6.342635896712322e-07
2.36539990234375 8.128454180264061e-07
2.36639990234375 1.9071355088966716e-07
2.36739990234375 4.554390433632343e-07
2.36839990234375 2.413469741575389e-07
2.36939990234375 2.1294834819809782e-07
2.37039990234375 5.177067624389513e-07
2.37139990234375 1.6057219237425717e-07
2.37239990234375 5.443181397481689e-07
2.37339990234375 2.4512098704964454e-12
2.37439990234375 3.264600318676557e-07
2.37539990234375 1.6705223958087635e-07
2.37639990234375 2.0462729144342187e-07
2.37739990234375 2.751128161997913e-07
2.37839990234375 2.084437590799206e-07
2.37939990234375 3.4058316968270104e-07
2.38039990234375 8.44086730944466e-08
2.38139990234375 2.27602873723193e-07
2.38239990234375 1.2420435916433267e-07
2.38339990234375 6.951291606110745e-08
2.38439990234375 4.868159675819979e-08
2.38539990234375 2.465096030802569e-07
2.38639990234375 1.3952636796967173e-07
2.38739990234375 7.617750648686031e-08
2.38839990234375 3.583213178455485e-08
2.38939990234375 6.354509646240674e-13
2.39039990234375 1.4862487393165937e-08
2.39139990234375 3.5376997344973853e-09
2.39239990234375 7.900123011018434e-09
2.39339990234375 2.6553068169720387e-08
2.39439990234375 1.0451191788199735e-08
2.39539990234375 6.10406395245721e-08
2.39639990234375 9.994042505880179e-10
2.39739990234375 5.156548061223436e-08
2.39839990234375 4.960912009579544e-08
2.39939990234375 1.2243886229419518e-08
2.40039990234375 7.575359920650444e-09
2.40139990234375 4.118508240633142e-09
2.40239990234375 1.4383250866965857e-08
2.40339990234375 3.317100817280332e-08
2.40439990234375 5.227670364467235e-09
2.40539990234375 1.5620719758265093e-08
2.40639990234375 4.484413714515843e-09
2.40739990234375 6.407881150794235e-09
2.40839990234375 9.894382562296944e-09
2.40939990234375 1.2996292403777572e-08
2.41039990234375 2.5903381450932835e-09
2.41139990234375 1.866965986525885e-09
2.41239990234375 9.197838190545395e-09
2.41339990234375 1.4965563083228987e-09
2.41439990234375 1.6563591961818875e-09
2.41539990234375 1.7968706166204172e-09
2.41639990234375 1.9667778372573e-09
2.41739990234375 2.0554206003949532e-09
2.41839990234375 2.9565428597000996e-09
2.41939990234375 3.842875774066753e-09
2.42039990234375 1.5416318573764226e-09
2.42139990234375 1.4159801771868508e-09
2.42239990234375 3.411458594204445e-11
2.42339990234375 8.816798709273018e-10
2.42439990234375 1.6100745922427875e-09
2.42539990234375 3.094611032855025e-10
2.42639990234375 5.324245932985723e-10
2.42739990234375 1.1779768512515147e-09
2.42839990234375 8.208945183997702e-10
2.42939990234375 1.084913775504293e-09
2.43039990234375 5.768031067457868e-10
2.43139990234375 1.966663253558965e-10
2.43239990234375 9.643133828968176e-10
2.43339990234375 2.604170547305783e-15
2.43439990234375 1.4335373694954114e-10
2.43539990234375 3.132048091113595e-10
2.43639990234375 3.6868189248983686e-10
2.43739990234375 4.678850336598657e-11
2.43839990234375 8.653216221467244e-11
2.43939990234375 3.44740628431168e-10
2.44039990234375 1.7013348801438062e-10
2.44139990234375 1.1977272925031187e-10
2.44239990234375 5.277975070273159e-11
2.44339990234375 1.9443032170489122e-11
2.44439990234375 8.98028285022942e-11
2.44539990234375 8.693940467017676e-11
2.44639990234375 1.535673137839917e-11
2.44739990234375 7.682797597389807e-11
2.44839990234375 8.360140506207588e-11
2.44939990234375 1.8843611583209543e-11
2.45039990234375 2.8191881921572142e-11
2.45139990234375 4.288424245024679e-11
2.45239990234375 5.52745327501177e-12
2.45339990234375 2.066814631611414e-13
2.45439990234375 3.852881321665128e-11
2.45539990234375 6.828257671576887e-11
2.45639990234375 3.0202190547431284e-11
2.45739990234375 1.426880602814925e-11
2.45839990234375 3.628618108606958e-11
2.45939990234375 1.020665822592296e-11
2.46039990234375 1.1895940810900345e-16
2.46139990234375 6.2501027563542954e-12
2.46239990234375 2.7944193029993178e-11
2.46339990234375 2.0384771554824684e-11
2.46439990234375 1.224964312646727e-11
2.46539990234375 2.0600251314696613e-11
2.46639990234375 2.8500643882826143e-11
2.46739990234375 7.229951390884061e-17
2.46839990234375 6.092890475983369e-12
2.46939990234375 9.65243694451467e-12
2.47039990234375 8.89981815944564e-12
2.47139990234375 5.616658299717775e-12
2.47239990234375 1.8252378290758425e-13
2.47339990234375 1.1446806383269803e-11
2.47439990234375 6.35246284321227e-13
2.47539990234375 5.076213177315389e-12
2.47639990234375 1.7618896489510838e-12
2.47739990234375 3.3021159576649834e-13
2.47839990234375 7.979628181184757e-12
2.47939990234375 5.202587865282733e-13
2.48039990234375 6.634517960651217e-12
2.48139990234375 1.8532434272489817e-17
2.48239990234375 1.103062489101296e-12
2.48339990234375 1.4751704923142013e-17
2.48439990234375 4.423838917022038e-12
2.48539990234375 1.217634752817237e-17
2.48639990234375 1.0972747140963191e-13
2.48739990234375 3.690611827571737e-12
2.48839990234375 8.712314692451213e-13
2.48939990234375 2.12589091771671e-12
2.49039990234375 7.152831199575881e-18
2.49139990234375 3.1023028256893854e-12
2.49239990234375 5.7119227109497486e-18
2.49339990234375 2.6044407749428324e-13
2.49439990234375 1.4417946616564651e-12
2.49539990234375 7.911743908746331e-14
2.49639990234375 1.0222579322257035e-12
2.49739990234375 1.816259794617336e-13
2.49839990234375 6.075564294679994e-13
2.49939990234375 1.8096889337212455e-13
2.50039990234375 8.271870294520705e-13
2.50139990234375 2.0530837467639814e-18
2.50239990234375 1.8318302355678275e-18
2.50339990234375 5.641068915835066e-13
2.50439990234375 4.968899077420059e-13
2.50539990234375 1.3001215704511658e-18
2.50639990234375 7.873164630288385e-13
2.50739990234375 2.1235235870548628e-14
2.50839990234375 9.329038508428455e-19
2.50939990234375 3.6792972845442607e-13
2.51039990234375 1.5700586109471833e-13
2.51139990234375 1.4002329665497708e-13
2.51239990234375 2.3702244317110537e-14
2.51339990234375 2.2984585840716683e-13
2.51439990234375 3.790427883886454e-14
2.51539990234375 7.02317011250388e-14
2.51639990234375 3.849651011195103e-19
2.51739990234375 1.904529877881501e-14
2.51839990234375 3.0964710227823663e-19
2.51939990234375 2.7743237238484073e-19
2.52039990234375 2.4865994595380703e-19
2.52139990234375 1.0495625897685998e-14
2.52239990234375 7.93259353963092e-14
2.52339990234375 1.7852796011372076e-14
2.52439990234375 4.441315121430182e-15
2.52539990234375 1.4361385123508858e-14
2.52639990234375 9.234206977032e-15
2.52739990234375 1.1701899230198704e-19
2.52839990234375 3.605621500441083e-14
2.52939990234375 6.180351338838624e-14
2.53039990234375 3.946983481197277e-14
2.53139990234375 5.677214043187954e-14
2.53239990234375 2.0809510494916998e-14
2.53339990234375 7.190531664773633e-14
2.53439990234375 2.974052607321068e-14
2.53539990234375 1.6695073511310196e-14
2.53639990234375 2.3533551860208436e-14
2.53739990234375 9.050181267441246e-15
2.53839990234375 1.0439876372011107e-14
2.53939990234375 8.757727040973604e-15
2.54039990234375 9.115193307839683e-15
2.54139990234375 2.7208827182303424e-20
2.54239990234375 2.4530391713850955e-20
2.54339990234375 7.232166678200868e-15
2.54439990234375 3.9833068424336645e-15
2.54539990234375 1.2660133014796667e-14
2.54639990234375 2.0238145029770495e-15
2.54739990234375 9.230104813027843e-15
2.54839990234375 7.51809639342657e-15
2.54939990234375 5.852239860580298e-15
2.55039990234375 2.6419148428937563e-15
2.55139990234375 9.523369294561338e-15
2.55239990234375 1.0164515500417089e-16
2.55339990234375 6.1846201109573504e-15
2.55439990234375 4.93595648129269e-15
2.55539990234375 8.920802837051443e-15
2.55639990234375 6.730862719767785e-15
2.55739990234375 6.627493732695875e-15
2.55839990234375 6.702527382633037e-15
2.55939990234375 6.777207171842321e-15
2.56039990234375 5.061577561396456e-15
2.56139990234375 3.956469359023871e-15
2.56239990234375 3.46842667251914e-15
2.56339990234375 5.082580473527877e-15
2.56439990234375 3.84781353087036e-15
2.56539990234375 1.5591075395191978e-15
2.56639990234375 1.0929075641716693e-15
2.56739990234375 1.391479422324622e-15
2.56839990234375 3.746758358259743e-15
2.56939990234375 1.206797880360648e-15
2.57039990234375 8.080471864735448e-16
2.57139990234375 2.4292646935999978e-15
2.57239990234375 1.7310212455548077e-15
2.57339990234375 9.782837997667495e-16
2.57439990234375 1.3408945554873138e-15
2.57539990234375 3.4454705236646156e-16
2.57639990234375 1.0499090238171698e-15
2.57739990234375 9.644862781608981e-16
2.57839990234375 6.101965674742459e-16
2.57939990234375 5.826465651531192e-16
2.58039990234375 7.809301749917234e-16
2.58139990234375 5.515488285413182e-16
2.58239990234375 2.31017681642323e-16
2.58339990234375 6.474360358835934e-16
2.58439990234375 2.441807677374502e-16
2.58539990234375 3.753480653466784e-16
2.58639990234375 1.7083198089809526e-16
2.58739990234375 3.416060164606369e-16
2.58839990234375 3.05665210389885e-16
2.58939990234375 1.4480778009206932e-16
2.59039990234375 4.0529550255695837e-17
2.59139990234375 2.0767910375690733e-16
2.59239990234375 8.629139350375128e-17
2.59339990234375 1.8313985589251935e-16
2.59439990234375 3.4218160343072923e-17
2.59539990234375 1.2571186918077395e-16
2.59639990234375 1.0328437310885632e-16
2.59739990234375 3.040198660254844e-17
2.59839990234375 5.2540378209131164e-17
2.59939990234375 5.71327183331421e-17
2.60039990234375 3.8878105144458094e-17
