Wavelength_microns Throughput
0.5504000244140625 5.822276155965049e-13
0.5514000244140626 2.221664129929439e-13
0.5524000244140626 7.472102312168428e-13
0.5534000244140626 6.587308335391491e-16
0.5544000244140626 6.453245059197003e-13
0.5554000244140626 3.912589916605949e-13
0.5564000244140626 1.2471736035723674e-12
0.5574000244140624 1.7278289250075041e-12
0.5584000244140624 4.2800646162286426e-13
0.5594000244140624 8.561706849808829e-13
0.5604000244140624 1.4261706908150022e-12
0.5614000244140624 7.57847999673435e-13
0.5624000244140624 5.299032990958863e-16
0.5634000244140625 1.2106981035794094e-12
0.5644000244140625 1.7138302618214269e-12
0.5654000244140625 1.0924609070686658e-12
0.5664000244140625 4.13065348844192e-13
0.5674000244140625 5.105645019264211e-13
0.5684000244140625 3.3793279188378e-13
0.5694000244140625 2.7568535248416136e-13
0.5704000244140625 2.011443769529879e-12
0.5714000244140625 8.335863536398981e-14
0.5724000244140625 9.840961210611805e-16
0.5734000244140625 4.864738439556693e-13
0.5744000244140625 1.2094124404130931e-15
0.5754000244140625 1.3299463492074445e-13
0.5764000244140625 1.6076301963284929e-15
0.5774000244140625 1.2292512224542745e-13
0.5784000244140625 2.240737307959863e-12
0.5794000244140625 5.3634423085216024e-14
0.5804000244140625 2.7845015983234707e-12
0.5814000244140625 1.8034292536832336e-13
0.5824000244140625 7.444682714720766e-13
0.5834000244140625 6.541404417323822e-15
0.5844000244140625 5.170636874637207e-12
0.5854000244140625 4.852756283939282e-12
0.5864000244140625 5.682307641256615e-11
0.5874000244140625 4.327202835995359e-14
0.5884000244140625 3.565500361468903e-14
0.5894000244140625 2.1800960750746166e-14
0.5904000244140625 1.1603462516173295e-14
0.5914000244140625 6.880975727101768e-15
0.5924000244140625 1.1244260444336383e-13
0.5934000244140625 4.5282454756748045e-12
0.5944000244140625 3.3330440722848187e-15
0.5954000244140625 2.1636993975829514e-12
0.5964000244140625 1.0524039049550008e-12
0.5974000244140625 3.166879000018987e-15
0.5984000244140625 7.708187735152353e-13
0.5994000244140625 3.510779548886056e-15
0.6004000244140625 7.621479384764753e-13
0.6014000244140625 4.365212086136464e-15
0.6024000244140625 1.2743434381875797e-12
0.6034000244140625 2.1942746388011046e-12
0.6044000244140625 7.596655245389985e-15
0.6054000244140625 8.806667779654772e-15
0.6064000244140625 1.0025045598816743e-14
0.6074000244140625 1.0856496715356744e-14
0.6084000244140625 1.0927838507153115e-14
0.6094000244140625 1.0398560205801e-14
0.6104000244140625 9.461917080489287e-15
0.6114000244140625 8.253961966440837e-15
0.6124000244140625 7.0113859503161286e-15
0.6134000244140625 1.0999134851433296e-12
0.6144000244140625 5.227193533900842e-15
0.6154000244140625 4.721151416043562e-15
0.6164000244140625 4.351092575990206e-15
0.6174000244140625 7.50527013327212e-13
0.6184000244140625 4.050822214932656e-15
0.6194000244140625 3.783377658964084e-15
0.6204000244140625 8.785062028355607e-13
0.6214000244140625 3.6233964118157925e-15
0.6224000244140625 3.989420364134129e-15
0.6234000244140625 4.358523388065138e-15
0.6244000244140625 5.00357007507891e-15
0.6254000244140625 6.064908001127914e-15
0.6264000244140625 7.697311720463646e-15
0.6274000244140625 1.0409581990720564e-14
0.6284000244140625 1.496185711393958e-14
0.6294000244140625 2.2191807951076842e-14
0.6304000244140625 3.228163380952416e-14
0.6314000244140625 4.25831782360417e-14
0.6324000244140625 1.8565631764203818e-13
0.6334000244140625 4.538750496383359e-14
0.6344000244140625 3.744210701969362e-14
0.6354000244140625 2.910807211216756e-14
0.6364000244140625 2.3181893436330836e-14
0.6374000244140625 1.9887566907379646e-14
0.6384000244140625 1.841788926946808e-14
0.6394000244140625 1.8471277723088696e-14
0.6404000244140625 1.990130034696483e-14
0.6414000244140625 4.3037628799824067e-13
0.6424000244140625 2.5261658708964775e-14
0.6434000244140625 2.9203998091808237e-12
0.6444000244140625 2.9726969842225824e-14
0.6454000244140625 2.891232660305917e-14
0.6464000244140625 1.3231892814612416e-12
0.6474000244140625 2.0855570513993166e-14
0.6484000244140625 1.6427511714760757e-14
0.6494000244140625 1.3166549735205435e-14
0.6504000244140625 1.076237583680612e-14
0.6514000244140625 9.025023373203627e-15
0.6524000244140625 8.129048602989284e-15
0.6534000244140625 2.6068691340901916e-12
0.6544000244140625 7.966873189718455e-15
0.6554000244140625 2.3395368494972912e-12
0.6564000244140625 9.390290733416032e-15
0.6574000244140625 1.1054305857928838e-14
0.6584000244140625 1.3163002063829502e-14
0.6594000244140625 8.952126781373255e-12
0.6604000244140625 8.717962615689522e-12
0.6614000244140625 1.3694217332883011e-11
0.6624000244140625 1.0108877839925504e-11
0.6634000244140625 2.004705681889457e-14
0.6644000244140625 1.7836185490235475e-14
0.6654000244140625 7.27472083967866e-12
0.6664000244140625 1.3399108173629992e-14
0.6674000244140625 1.1857454315569182e-14
0.6684000244140625 1.1116571705314549e-14
0.6694000244140625 4.953499992200055e-12
0.6704000244140625 1.0751139375290609e-14
0.6714000244140625 5.831643886748722e-13
0.6724000244140625 1.876167502588203e-12
0.6734000244140625 4.813859884975135e-12
0.6744000244140625 3.0304002069476768e-12
0.6754000244140625 1.351724472345699e-11
0.6764000244140626 2.1902961055700194e-14
0.6774000244140626 2.2999525341883147e-14
0.6784000244140626 2.2913743037957373e-14
0.6794000244140626 4.4773061860142445e-12
0.6804000244140626 1.8591496168906232e-14
0.6814000244140626 1.553900744494519e-14
0.6824000244140624 2.985480747158946e-12
0.6834000244140624 5.401716297919229e-12
0.6844000244140624 1.3034714055253537e-11
0.6854000244140624 7.0564005991686415e-12
0.6864000244140624 3.13632737479748e-12
0.6874000244140624 7.999806179385772e-12
0.6884000244140625 3.94691154894596e-12
0.6894000244140625 8.39744449733896e-12
0.6904000244140625 2.4468306146950415e-11
0.6914000244140625 1.2552100485851161e-12
0.6924000244140625 1.4955354282619722e-14
0.6934000244140625 1.4170852852921906e-11
0.6944000244140625 2.9228380194153714e-11
0.6954000244140625 1.8272463827342226e-13
0.6964000244140625 1.0017159100795773e-11
0.6974000244140625 1.1604182855561553e-12
0.6984000244140625 7.01779972492503e-12
0.6994000244140625 5.548839410426939e-12
0.7004000244140625 2.533409235012579e-12
0.7014000244140625 1.7059107487586277e-12
0.7024000244140625 6.137471435397722e-12
0.7034000244140625 1.0083640003076068e-11
0.7044000244140625 3.4529188068261775e-12
0.7054000244140625 9.482799817233143e-15
0.7064000244140625 1.117247538140625e-14
0.7074000244140625 1.0555323316576997e-11
0.7084000244140625 1.4428802111665404e-12
0.7094000244140625 3.8595440736194176e-11
0.7104000244140625 1.9162719631507582e-11
0.7114000244140625 2.140287692491487e-11
0.7124000244140625 3.4110712945924796e-11
0.7134000244140625 5.4267089147686026e-11
0.7144000244140625 3.186283848407297e-10
0.7154000244140625 1.0276416718674812e-10
0.7164000244140625 1.4206365756195584e-11
0.7174000244140625 1.1385145076085537e-10
0.7184000244140625 1.2153255367742433e-10
0.7194000244140625 7.988486954477373e-11
0.7204000244140625 2.1397409239644594e-11
0.7214000244140625 7.206190119267637e-11
0.7224000244140625 3.1809919762833544e-11
0.7234000244140625 1.05376339599975e-11
0.7244000244140625 5.831708407826768e-11
0.7254000244140625 1.1703837521617712e-11
0.7264000244140625 1.53141395908081e-11
0.7274000244140625 6.4371260655398926e-12
0.7284000244140625 1.7535145762541543e-12
0.7294000244140625 5.8915306546858926e-12
0.7304000244140625 1.35340031082756e-11
0.7314000244140625 3.9919581065569e-12
0.7324000244140625 2.9869906032951054e-12
0.7334000244140625 8.992312679393168e-12
0.7344000244140625 4.4936813263756904e-15
0.7354000244140625 6.469664215517088e-12
0.7364000244140625 1.108337102275917e-11
0.7374000244140625 1.2694654659585213e-11
0.7384000244140625 1.5211276160529744e-12
0.7394000244140625 1.5307511729712155e-11
0.7404000244140625 8.136796700139131e-15
0.7414000244140625 3.731917008091451e-11
0.7424000244140625 1.4331168209233956e-14
0.7434000244140625 2.935554318100372e-11
0.7444000244140625 4.7296015050510945e-11
0.7454000244140625 4.578303255081106e-11
0.7464000244140625 3.052471954555183e-11
0.7474000244140625 4.0593408854172e-10
0.7484000244140625 1.4904237161585565e-10
0.7494000244140625 2.3881324015848215e-10
0.7504000244140625 1.861977370510896e-11
0.7514000244140625 5.140336463170749e-11
0.7524000244140625 1.4534100057122608e-10
0.7534000244140625 6.829021421288174e-10
0.7544000244140625 7.857644849007063e-11
0.7554000244140625 6.370034696084423e-10
0.7564000244140625 6.374954702600259e-10
0.7574000244140625 9.198581680951396e-11
0.7584000244140625 4.6423283141404285e-11
0.7594000244140625 4.427332494443387e-12
0.7604000244140625 4.5509063645376675e-11
0.7614000244140625 4.110416249646266e-12
0.7624000244140625 5.488699718103941e-12
0.7634000244140625 2.8350216625280343e-15
0.7644000244140625 1.6216303927714973e-12
0.7654000244140625 6.42415235019417e-13
0.7664000244140625 5.368223721015047e-13
0.7674000244140625 9.506640661645455e-12
0.7684000244140625 3.17299656105942e-13
0.7694000244140625 8.838723617368873e-16
0.7704000244140625 1.029161382717562e-13
0.7714000244140625 1.204870177764617e-12
0.7724000244140625 1.6811860825426848e-12
0.7734000244140625 1.584480643042946e-12
0.7744000244140625 1.8415491241073468e-12
0.7754000244140625 2.1828029360804696e-13
0.7764000244140625 2.664425457188826e-12
0.7774000244140625 1.0816816446987537e-15
0.7784000244140625 1.8389464842892557e-13
0.7794000244140625 1.727937406048553e-12
0.7804000244140625 1.3001328049554739e-12
0.7814000244140625 2.2974468045540564e-12
0.7824000244140625 2.0517851218359858e-12
0.7834000244140625 1.4717890187978446e-15
0.7844000244140625 3.4761868975981205e-12
0.7854000244140625 4.0953739426799035e-13
0.7864000244140625 1.200592152593798e-15
0.7874000244140625 1.8197682134297755e-12
0.7884000244140625 1.6584999331625041e-13
0.7894000244140625 1.59589443264828e-11
0.7904000244140625 1.2794364293218015e-11
0.7914000244140625 1.155083180614929e-11
0.7924000244140625 1.9623356686393155e-11
0.7934000244140625 1.2292005594636418e-11
0.7944000244140625 3.8532203959608345e-11
0.7954000244140625 8.660836025180952e-12
0.7964000244140625 0.0
0.7974000244140625 3.207442172714779e-11
0.7984000244140625 5.139883763285264e-14
0.7994000244140625 5.576651758224348e-10
0.8004000244140625 1.0512988667751442e-10
0.8014000244140626 1.5772928926837383e-13
0.8024000244140626 3.955527737485295e-10
0.8034000244140626 3.967742672032047e-10
0.8044000244140626 2.7570301095885185e-10
0.8054000244140626 1.0554031067145926e-11
0.8064000244140626 1.2086940210654905e-10
0.8074000244140624 1.331224015216188e-10
0.8084000244140624 4.2984422656771053e-10
0.8094000244140624 4.0315689586315705e-12
0.8104000244140624 9.022461583264906e-14
0.8114000244140624 2.0021574568708535e-10
0.8124000244140624 1.1390647045200625e-13
0.8134000244140625 1.9780713052113156e-10
0.8144000244140625 1.0400863196970271e-10
0.8154000244140625 1.3138133343024824e-13
0.8164000244140625 7.085661705030757e-11
0.8174000244140625 1.140153791898612e-13
0.8184000244140625 1.486818368299341e-11
0.8194000244140625 6.580110223416264e-11
0.8204000244140625 3.1594708847319813e-10
0.8214000244140625 1.8484908418372917e-13
0.8224000244140625 1.2284250129284208e-10
0.8234000244140625 2.285512189261037e-11
0.8244000244140625 0.0
0.8254000244140625 6.498506082989297e-14
0.8264000244140625 1.434918141176194e-13
0.8274000244140625 1.2616849141257047e-13
0.8284000244140625 4.357073897286585e-14
0.8294000244140625 8.562697212743107e-12
0.8304000244140625 1.2374487149908455e-10
0.8314000244140625 1.7097266987137862e-10
0.8324000244140625 1.431137727504514e-10
0.8334000244140625 4.5302050443913425e-11
0.8344000244140625 9.600653683200975e-14
0.8354000244140625 1.2561445592824542e-10
0.8364000244140625 3.6917042024525614e-10
0.8374000244140625 1.5689836097884643e-10
0.8384000244140625 1.2193650488671398e-10
0.8394000244140625 1.0683352485719081e-13
0.8404000244140625 8.642845981940604e-14
0.8414000244140625 8.22032195441179e-14
0.8424000244140625 3.3260505673005223e-10
0.8434000244140625 4.085115044609338e-10
0.8444000244140625 1.4428603047285322e-10
0.8454000244140625 1.527147857393095e-11
0.8464000244140625 8.970643134839313e-14
0.8474000244140625 3.3457132774699053e-10
0.8484000244140625 1.0627353408492368e-13
0.8494000244140625 8.325080340986201e-14
0.8504000244140625 5.5011734640076215e-11
0.8514000244140625 1.0440766737239885e-13
0.8524000244140625 1.0662666109989168e-10
0.8534000244140625 1.2340531240373403e-13
0.8544000244140625 3.228894274924893e-10
0.8554000244140625 7.439530026589365e-14
0.8564000244140625 7.827893307173779e-11
0.8574000244140625 5.1528018779469194e-14
0.8584000244140625 2.6264649037743294e-10
0.8594000244140625 1.6465448170721948e-10
0.8604000244140625 2.9145800734173006e-10
0.8614000244140625 4.971377794334825e-10
0.8624000244140625 6.349575164209804e-14
0.8634000244140625 3.584835560470214e-10
0.8644000244140625 9.495779046953464e-14
0.8654000244140625 1.0277545042329009e-13
0.8664000244140625 4.21050285308044e-10
0.8674000244140625 6.784102702066264e-14
0.8684000244140625 1.2847915753541195e-09
0.8694000244140625 1.104369499196444e-13
0.8704000244140625 1.1232427932671996e-13
0.8714000244140625 6.018898670779366e-10
0.8724000244140625 1.8802653534535134e-10
0.8734000244140625 1.3648846509473182e-09
0.8744000244140625 9.454641003646166e-14
0.8754000244140625 9.805589420071556e-14
0.8764000244140625 1.0061057987778072e-09
0.8774000244140625 1.0435937664475208e-13
0.8784000244140625 8.537286949436037e-10
0.8794000244140625 9.258634698207759e-14
0.8804000244140625 1.4700731458266168e-09
0.8814000244140625 7.446736615013302e-14
0.8824000244140625 2.7802098979629716e-09
0.8834000244140625 7.386857572674596e-14
0.8844000244140625 6.404501608015788e-14
0.8854000244140625 2.6141159070783805e-09
0.8864000244140625 6.955943292557469e-14
0.8874000244140625 2.252458324054302e-10
0.8884000244140625 6.379835836752868e-14
0.8894000244140625 6.28124876810439e-14
0.8904000244140625 7.683309530102888e-14
0.8914000244140625 9.580310855359568e-10
0.8924000244140625 3.382394754964506e-09
0.8934000244140625 4.231514512644586e-10
0.8944000244140625 3.552825354654836e-09
0.8954000244140625 3.5925741915604125e-09
0.8964000244140625 9.45157107887983e-14
0.8974000244140625 4.9466239795733344e-09
0.8984000244140625 7.1877119594039835e-09
0.8994000244140625 9.187494080798672e-14
0.9004000244140625 9.497844083747495e-11
0.9014000244140625 6.918757974866108e-11
0.9024000244140625 3.0208732005836823e-10
0.9034000244140625 6.969700407154629e-12
0.9044000244140625 1.5245881902600814e-10
0.9054000244140625 9.017984789999033e-11
0.9064000244140625 1.1084377540580529e-10
0.9074000244140625 1.6348479208353125e-10
0.9084000244140625 5.420614352496142e-12
0.9094000244140625 6.07291461482378e-11
0.9104000244140625 7.24985157231332e-14
0.9114000244140625 4.6929511084838457e-11
0.9124000244140625 2.9396989800838946e-11
0.9134000244140625 6.231754451804275e-11
0.9144000244140625 9.263811246407256e-11
0.9154000244140625 1.011575508295125e-10
0.9164000244140625 5.880573935645397e-11
0.9174000244140625 1.1774924836065236e-10
0.9184000244140625 1.1213638432191968e-10
0.9194000244140625 1.544140913195613e-10
0.9204000244140625 2.0755404610282824e-10
0.9214000244140625 1.7202806722695654e-10
0.9224000244140625 2.596534493939676e-10
0.9234000244140625 2.034028987812225e-10
0.9244000244140625 3.3465979945598647e-10
0.9254000244140625 2.9666251299941046e-10
0.9264000244140626 2.0625416138130635e-10
0.9274000244140626 1.6439226957983996e-10
0.9284000244140626 2.2832493704264035e-10
0.9294000244140626 1.5420782312908031e-10
0.9304000244140626 2.3881366469437885e-10
0.9314000244140626 1.7867901927930964e-10
0.9324000244140624 2.1326891631139284e-10
0.9334000244140624 5.979649661907579e-10
0.9344000244140624 3.8562192574576505e-10
0.9354000244140624 4.322844826183181e-10
0.9364000244140624 6.383469253947576e-10
0.9374000244140624 8.852272361259203e-10
0.9384000244140625 6.415841786942334e-10
0.9394000244140625 1.0743553853308553e-09
0.9404000244140625 1.3200904810764478e-09
0.9414000244140625 1.4152878490734224e-09
0.9424000244140625 1.5976791273482679e-09
0.9434000244140625 1.852788197016565e-09
0.9444000244140625 1.8705542682095635e-09
0.9454000244140625 2.0301046666493955e-09
0.9464000244140625 1.712964876275749e-09
0.9474000244140625 1.5156309103281678e-09
0.9484000244140625 1.2914809700371466e-09
0.9494000244140625 6.388402204882144e-10
0.9504000244140625 6.883801002154738e-10
0.9514000244140625 6.463237765858019e-10
0.9524000244140625 1.1815391138573427e-10
0.9534000244140625 2.6879272817867503e-10
0.9544000244140625 2.1915781064284428e-10
0.9554000244140625 1.1206220373974514e-10
0.9564000244140625 3.532069765798242e-10
0.9574000244140625 7.466425900207051e-11
0.9584000244140625 6.39113627645241e-11
0.9594000244140625 1.352947310119116e-10
0.9604000244140625 4.419226621871353e-10
0.9614000244140625 6.619415321343665e-10
0.9624000244140625 5.530328411547477e-10
0.9634000244140625 8.271327528242459e-10
0.9644000244140625 1.237025941809329e-09
0.9654000244140625 1.2691621081853827e-09
0.9664000244140625 1.3202475416508698e-09
0.9674000244140625 1.9244208786459385e-09
0.9684000244140625 1.5882296440175369e-09
0.9694000244140625 1.6616879069908897e-09
0.9704000244140625 7.445515276413555e-10
0.9714000244140625 1.508514795445605e-09
0.9724000244140625 1.6111481015763794e-09
0.9734000244140625 1.3843242599263211e-09
0.9744000244140625 1.1791919751624425e-09
0.9754000244140625 1.8712084868549566e-09
0.9764000244140625 2.2696085694719254e-09
0.9774000244140625 1.2222291199084262e-09
0.9784000244140625 2.0953673332876354e-09
0.9794000244140625 2.6721549105410194e-09
0.9804000244140625 5.184404452851103e-09
0.9814000244140625 4.720037795695463e-09
0.9824000244140625 6.9306105219350846e-09
0.9834000244140625 3.946706546469416e-09
0.9844000244140625 6.034828987655541e-09
0.9854000244140625 6.9676731125999864e-09
0.9864000244140625 4.734857984365088e-09
0.9874000244140625 7.3560181037617575e-09
0.9884000244140625 1.3304445211428237e-08
0.9894000244140625 1.615208423148451e-08
0.9904000244140625 1.6882689473045716e-08
0.9914000244140625 4.9562624289159685e-09
0.9924000244140625 2.3371157284567937e-08
0.9934000244140625 2.2986898339805226e-08
0.9944000244140625 4.0373492222630856e-08
0.9954000244140625 5.0803463188572715e-08
0.9964000244140625 6.284946067055726e-08
0.9974000244140625 7.890054481883214e-08
0.9984000244140625 6.336052207331858e-08
0.9994000244140625 1.1168535954634937e-07
1.0004000244140625 8.887772969117954e-08
1.0014000244140624 2.361238773790638e-07
1.0024000244140625 8.207481507381751e-08
1.0034000244140624 3.713854647159191e-08
1.0044000244140625 3.915196256429665e-08
1.0054000244140624 2.1630359012847205e-11
1.0064000244140625 1.895764903039881e-07
1.0074000244140624 3.86406287248229e-07
1.0084000244140625 2.3738810668188267e-11
1.0094000244140624 5.446106181009319e-07
1.0104000244140625 2.4992419615381824e-11
1.0114000244140624 3.722158192659631e-07
1.0124000244140625 9.383617365962812e-08
1.0134000244140624 8.396161162687557e-07
1.0144000244140625 9.093675951780854e-08
1.0154000244140624 2.502844080575401e-07
1.0164000244140625 1.6307980678949105e-08
1.0174000244140624 2.534361011596389e-08
1.0184000244140625 9.691267519127697e-08
1.0194000244140624 2.869380354709202e-11
1.0204000244140625 1.0295321981435227e-07
1.0214000244140624 4.998203291915862e-07
1.0224000244140625 2.9477031157056275e-11
1.0234000244140624 1.920934347074527e-07
1.0244000244140625 2.971238895466283e-11
1.0254000244140624 2.488448438923508e-07
1.0264000244140625 9.926111526705407e-08
1.0274000244140624 4.9215603038282387e-08
1.0284000244140625 7.07663914856468e-07
1.0294000244140624 3.030548677807875e-11
1.0304000244140625 3.0408613861115014e-11
1.0314000244140624 4.680114634117395e-07
1.0324000244140625 3.072613185211367e-08
1.0334000244140624 3.06791012829992e-11
1.0344000244140625 3.076707042138851e-11
1.0354000244140624 3.085020137912259e-11
1.0364000244140625 1.0655427450590287e-07
1.0374000244140624 3.106816140086723e-11
1.0384000244140625 3.112245871127621e-11
1.0394000244140624 1.0827299427411967e-07
1.0404000244140625 2.275966271723613e-08
1.0414000244140624 1.1512760900538728e-06
1.0424000244140625 3.118675598041403e-11
1.0434000244140624 3.130340100534696e-11
1.0444000244140625 6.031116889865404e-07
1.0454000244140624 1.5807489113720666e-08
1.0464000244140625 3.2852927241033934e-07
1.0474000244140624 2.151351618551323e-07
1.0484000244140625 3.1556663704383284e-11
1.0494000244140624 4.914649183701531e-07
1.0504000244140625 3.1788070911595554e-07
1.0514000244140624 3.156597910178661e-11
1.0524000244140626 4.7589444417996246e-07
1.0534000244140624 1.5105506173614427e-07
1.0544000244140626 2.4488130510206655e-07
1.0554000244140624 1.6969190208734058e-07
1.0564000244140626 3.429009109954144e-08
1.0574000244140624 7.627781158454538e-09
1.0584000244140626 1.1732800310881636e-06
1.0594000244140624 3.163128579690172e-11
1.0604000244140626 2.430685962336357e-08
1.0614000244140624 7.867680515871912e-08
1.0624000244140626 3.893916055386258e-07
1.0634000244140625 1.912737369011856e-07
1.0644000244140626 7.159139812489423e-07
1.0654000244140625 1.2760981895974605e-07
1.0664000244140626 3.6787437247524144e-08
1.0674000244140625 9.757526580204635e-07
1.0684000244140626 5.243547023882562e-08
1.0694000244140625 3.1922229529410655e-11
1.0704000244140626 4.7593126293168343e-07
1.0714000244140625 3.9857274059840007e-07
1.0724000244140626 3.18622484010553e-11
1.0734000244140625 2.899944350635853e-07
1.0744000244140626 5.666873681719346e-09
1.0754000244140625 6.025030118061658e-07
1.0764000244140626 5.273452183220908e-09
1.0774000244140625 1.1903149433527039e-07
1.0784000244140626 3.2568240699719204e-11
1.0794000244140625 3.2710691294796495e-11
1.0804000244140626 2.9129232735232625e-07
1.0814000244140625 3.6494008073080754e-07
1.0824000244140626 1.794139268301024e-07
1.0834000244140625 3.1973728434176607e-07
1.0844000244140626 9.073596857723084e-08
1.0854000244140625 1.2806736760953712e-07
1.0864000244140626 3.3336081371617673e-11
1.0874000244140625 3.521520652727082e-07
1.0884000244140626 1.9409130838771882e-07
1.0894000244140625 1.6467073736627365e-07
1.0904000244140626 2.2677361396215617e-07
1.0914000244140625 7.784807353098854e-09
1.0924000244140626 3.377519345857258e-11
1.0934000244140625 5.228767449361552e-07
1.0944000244140626 2.306539560471045e-07
1.0954000244140625 2.169049151371984e-07
1.0964000244140626 6.736422241470863e-07
1.0974000244140625 2.4117454772493733e-08
1.0984000244140626 7.249196283618735e-07
1.0994000244140625 5.532661662637254e-07
1.1004000244140626 3.01194039014632e-07
1.1014000244140625 9.000513585950392e-07
1.1024000244140626 8.091719976531156e-08
1.1034000244140625 1.2250182137852003e-07
1.1044000244140626 1.0605097432556947e-07
1.1054000244140625 7.8319004509393e-07
1.1064000244140626 4.1926943317435986e-07
1.1074000244140625 8.347999459790342e-07
1.1084000244140626 3.7601741625164496e-07
1.1094000244140625 1.3577985816733089e-07
1.1104000244140626 1.125070865502343e-07
1.1114000244140625 2.8691329983548765e-07
1.1124000244140626 3.4496125438830336e-11
1.1134000244140625 6.112404865817744e-08
1.1144000244140626 5.117600739364628e-07
1.1154000244140625 2.5536911761429716e-07
1.1164000244140626 3.460150835773878e-11
1.1174000244140625 6.41511333886455e-08
1.1184000244140626 1.7189123161488152e-07
1.1194000244140625 6.820135390828603e-07
1.1204000244140624 3.457042391757513e-11
1.1214000244140625 1.414991186180625e-06
1.1224000244140624 1.6216434568464903e-07
1.1234000244140625 2.2778224938311284e-07
1.1244000244140624 6.275790196307537e-08
1.1254000244140625 1.92796048058792e-07
1.1264000244140624 4.334809950051226e-07
1.1274000244140625 6.932465158837076e-07
1.1284000244140624 3.089202541765088e-07
1.1294000244140625 3.1275681637407494e-07
1.1304000244140624 4.970998556285495e-07
1.1314000244140625 5.411978617714252e-07
1.1324000244140624 4.6367474050873695e-07
1.1334000244140625 7.857358428255681e-08
1.1344000244140624 4.001021455765323e-08
1.1354000244140625 9.615059364451602e-07
1.1364000244140624 3.469778667900819e-11
1.1374000244140625 1.1131808823391769e-06
1.1384000244140624 4.7399375212067337e-07
1.1394000244140625 8.123343892340311e-07
1.1404000244140624 2.0034841541760258e-07
1.1414000244140625 4.861876608541455e-07
1.1424000244140624 3.531628176258457e-11
1.1434000244140625 3.899334914494986e-07
1.1444000244140624 1.0939761663804255e-06
1.1454000244140625 3.0301032627725334e-07
1.1464000244140624 1.0920402313972e-07
1.1474000244140625 1.8287174574819328e-07
1.1484000244140624 1.7948337065169432e-08
1.1494000244140625 5.099181154017797e-07
1.1504000244140624 2.3801857618522496e-07
1.1514000244140625 4.932980514601264e-07
1.1524000244140624 6.320732061032398e-07
1.1534000244140625 6.108937272282904e-09
1.1544000244140624 2.1937469864342632e-07
1.1554000244140625 1.4045383224804645e-07
1.1564000244140624 5.181975558989059e-07
1.1574000244140625 3.6254081444100186e-11
1.1584000244140624 6.452774322482391e-07
1.1594000244140625 6.689721404433781e-07
1.1604000244140624 9.436366869825967e-07
1.1614000244140625 2.502363228091996e-07
1.1624000244140624 8.002535657589881e-07
1.1634000244140625 6.460367071920079e-07
1.1644000244140624 2.720142015937627e-07
1.1654000244140625 1.277408790276887e-07
1.1664000244140624 9.679649683737415e-07
1.1674000244140625 2.3692240124472755e-07
1.1684000244140624 1.655693602626019e-07
1.1694000244140625 1.8907123026648422e-06
1.1704000244140624 3.65292528131858e-11
1.1714000244140625 3.6208118268852886e-07
1.1724000244140624 7.8957292947225e-07
1.1734000244140625 1.9376368061753796e-07
1.1744000244140624 8.95847298629115e-08
1.1754000244140625 2.8378879868524527e-07
1.1764000244140624 1.424159674859423e-07
1.1774000244140626 1.0019098836844911e-07
1.1784000244140624 2.649110569991148e-07
1.1794000244140626 4.227166405783461e-07
1.1804000244140624 6.15767684570209e-07
1.1814000244140626 9.025930294680335e-07
1.1824000244140624 7.332103889416364e-07
1.1834000244140626 1.5606355116159456e-07
1.1844000244140624 4.2291683318219316e-07
1.1854000244140626 2.07448119454645e-07
1.1864000244140624 6.356960227111465e-07
1.1874000244140626 2.561144517321464e-07
1.1884000244140625 6.522931328269855e-08
1.1894000244140626 5.031188476766177e-07
1.1904000244140625 1.161038751938006e-07
1.1914000244140626 1.165659209589646e-06
1.1924000244140625 2.471982881576585e-11
1.1934000244140626 2.3730586811124123e-11
1.1944000244140625 5.906460306761922e-07
1.1954000244140626 1.281211309505302e-07
1.1964000244140625 3.0705009403543976e-07
1.1974000244140626 4.501828699647298e-07
1.1984000244140625 1.7756798944051085e-07
1.1994000244140626 3.240243169080755e-07
1.2004000244140625 4.7201881874625843e-07
1.2014000244140626 2.1741031055185925e-11
1.2024000244140625 3.9461794130437257e-07
1.2034000244140626 1.5617571640094115e-07
1.2044000244140625 1.438518749800579e-07
1.2054000244140626 2.340330356829784e-07
1.2064000244140625 2.5805027197681592e-11
1.2074000244140626 7.178566894796282e-07
1.2084000244140625 2.925213952742728e-07
1.2094000244140626 2.009009719921216e-07
1.2104000244140625 1.6542072832580974e-07
1.2114000244140626 4.987668558320446e-07
1.2124000244140625 4.5072849683819814e-07
1.2134000244140626 2.7519743670656115e-07
1.2144000244140625 4.3631939901054505e-08
1.2154000244140626 5.98070500033766e-08
1.2164000244140625 4.972860381150842e-07
1.2174000244140626 3.185386241987193e-07
1.2184000244140625 5.5701338601368086e-08
1.2194000244140626 9.379069460562397e-07
1.2204000244140625 3.717782890036664e-11
1.2214000244140626 4.7605054082049057e-07
1.2224000244140625 2.0301882098191385e-07
1.2234000244140626 7.047251822136767e-07
1.2244000244140625 1.4485795122310474e-07
1.2254000244140626 3.770594082595541e-11
1.2264000244140625 1.3119234712804127e-07
1.2274000244140626 9.800203460973036e-07
1.2284000244140625 8.187245235798297e-09
1.2294000244140626 4.221652057174665e-07
1.2304000244140625 6.652300161543305e-07
1.2314000244140626 6.060573909336853e-07
1.2324000244140625 3.779308851252251e-11
1.2334000244140626 4.609302694328956e-07
1.2344000244140625 5.038716903336252e-07
1.2354000244140626 3.7879763530983296e-11
1.2364000244140625 1.9958130461382104e-07
1.2374000244140626 1.3143352281581327e-06
1.2384000244140625 4.484770909417662e-07
1.2394000244140626 1.370116644358135e-07
1.2404000244140625 1.0545400549924874e-06
1.2414000244140626 4.223866641220924e-07
1.2424000244140625 1.0722844898627392e-07
1.2434000244140626 4.7304639149260657e-07
1.2444000244140625 5.137050449631177e-07
1.2454000244140624 7.884139876095928e-07
1.2464000244140625 5.836318844417224e-07
1.2474000244140624 5.82560079120813e-07
1.2484000244140625 3.8112886553420255e-11
1.2494000244140624 4.4106379298619077e-07
1.2504000244140625 2.5477923976921783e-07
1.2514000244140624 5.8173764529143745e-08
1.2524000244140625 4.945860678465526e-07
1.2534000244140624 6.582898680725301e-08
1.2544000244140625 1.1350861080025681e-06
1.2554000244140624 1.5883256083018755e-07
1.2564000244140625 9.011757086772251e-07
1.2574000244140624 4.599079494012286e-07
1.2584000244140625 1.6766302795217457e-08
1.2594000244140624 7.045144603958061e-08
1.2604000244140625 8.182339129450815e-07
1.2614000244140624 3.959559932679208e-07
1.2624000244140625 3.4553096992194207e-07
1.2634000244140624 6.623603245437493e-07
1.2644000244140625 8.83066306975679e-07
1.2654000244140624 3.8420375869065586e-11
1.2664000244140625 6.326713637946876e-07
1.2674000244140624 4.7634107430335704e-07
1.2684000244140625 9.984730133296066e-08
1.2694000244140624 1.1319547090103504e-06
1.2704000244140625 7.90730637368529e-07
1.2714000244140624 9.071673849811462e-08
1.2724000244140625 5.547642026335405e-07
1.2734000244140624 1.1735510583457016e-07
1.2744000244140625 6.461733727650364e-07
1.2754000244140624 4.976440815256304e-08
1.2764000244140625 4.6410326568383846e-07
1.2774000244140624 8.94971922070241e-08
1.2784000244140625 1.2971516117133501e-07
1.2794000244140624 1.5108241334597125e-06
1.2804000244140625 2.2183150037088646e-07
1.2814000244140624 9.974080507552183e-08
1.2824000244140625 9.929541106350274e-07
1.2834000244140624 7.957677513745476e-07
1.2844000244140625 5.506790547244751e-07
1.2854000244140624 1.5992138182405405e-07
1.2864000244140625 1.2141168937034928e-06
1.2874000244140624 2.03443060747794e-07
1.2884000244140625 3.8155936430710424e-07
1.2894000244140624 7.654847147602175e-07
1.2904000244140625 1.325798272654838e-07
1.2914000244140624 4.91370252560862e-07
1.2924000244140625 1.3799942876494988e-07
1.2934000244140624 1.3170562832515205e-07
1.2944000244140625 3.9083299776428e-07
1.2954000244140624 4.897884592522405e-07
1.2964000244140625 4.5068860443561426e-07
1.2974000244140624 3.8144595457747885e-07
1.2984000244140625 3.8632287155742834e-11
1.2994000244140624 7.016284539057317e-07
1.3004000244140625 6.686987950431124e-07
1.3014000244140624 1.4594358357768806e-07
1.3024000244140626 3.862100474893752e-11
1.3034000244140624 3.401560390074073e-07
1.3044000244140626 3.8573382868100245e-11
1.3054000244140624 2.689966636287423e-07
1.3064000244140626 1.9859890482896524e-07
1.3074000244140624 2.463775642453693e-08
1.3084000244140626 5.154359660168505e-07
1.3094000244140624 7.197494919683662e-07
1.3104000244140626 1.9084639140322144e-08
1.3114000244140624 6.165626218176769e-07
1.3124000244140626 3.666961521293285e-09
1.3134000244140625 7.161883672603669e-08
1.3144000244140626 8.795384593234147e-07
1.3154000244140625 1.5952259352746176e-07
1.3164000244140626 3.917973434950839e-11
1.3174000244140625 2.416558999563073e-07
1.3184000244140626 1.436326718703312e-07
1.3194000244140625 5.560957605031061e-07
1.3204000244140626 1.4691120781370055e-07
1.3214000244140625 1.2908188007033847e-07
1.3224000244140626 3.833924852553119e-07
1.3234000244140625 4.040148393856531e-07
1.3244000244140626 6.183275354272814e-07
1.3254000244140625 1.0619940428009093e-07
1.3264000244140626 6.265364636842279e-07
1.3274000244140625 2.662862884708538e-07
1.3284000244140626 4.6600731894431806e-07
1.3294000244140625 3.814926338742334e-07
1.3304000244140626 5.631012974004328e-08
1.3314000244140625 5.022446153054597e-07
1.3324000244140626 9.283594210975685e-07
1.3334000244140625 4.9422419672096406e-08
1.3344000244140626 8.860931078295628e-07
1.3354000244140625 8.207659092897948e-07
1.3364000244140626 2.448517070943885e-07
1.3374000244140625 1.0106864331851033e-08
1.3384000244140626 7.21696012816357e-07
1.3394000244140625 4.850663237326851e-07
1.3404000244140626 7.160523401076121e-08
1.3414000244140625 6.075552712215345e-08
1.3424000244140626 1.4869601472652802e-08
1.3434000244140625 6.002815555704303e-07
1.3444000244140626 2.9166785932134316e-07
1.3454000244140625 1.2466024633422238e-06
1.3464000244140626 1.6844389930577823e-07
1.3474000244140625 4.6936578350019464e-07
1.3484000244140626 8.41563050994531e-07
1.3494000244140625 3.3146353236939274e-07
1.3504000244140626 2.9504724657796594e-07
1.3514000244140625 5.127950820110487e-07
1.3524000244140626 1.6385238732835995e-06
1.3534000244140625 3.999126821560566e-11
1.3544000244140626 5.988490730920116e-07
1.3554000244140625 8.705806833740688e-07
1.3564000244140626 5.411607082015415e-07
1.3574000244140625 3.9655148827408555e-07
1.3584000244140626 5.716856437144952e-07
1.3594000244140625 1.3843629657820321e-06
1.3604000244140626 9.530173567337565e-07
1.3614000244140625 9.804820661238374e-07
1.3624000244140626 2.656167779573347e-07
1.3634000244140625 5.950288533329076e-07
1.3644000244140626 8.63070635140727e-07
1.3654000244140625 1.242070484545455e-06
1.3664000244140626 7.609131395399683e-07
1.3674000244140625 1.4344428716309023e-06
1.3684000244140626 1.2912257681807925e-07
1.3694000244140625 6.251012075023638e-07
1.3704000244140624 1.457201820647672e-06
1.3714000244140625 3.9836075275376896e-11
1.3724000244140624 5.133916619008013e-07
1.3734000244140625 1.3428043085747282e-06
1.3744000244140624 6.565914038047019e-07
1.3754000244140625 1.2331384941045186e-06
1.3764000244140624 4.0629241178846245e-07
1.3774000244140625 8.225376391185942e-07
1.3784000244140624 7.241114072168225e-07
1.3794000244140625 1.0158256843364443e-06
1.3804000244140624 1.5551693495129634e-06
1.3814000244140625 3.3775656692315274e-07
1.3824000244140624 7.770798264707943e-07
1.3834000244140625 1.4102761691126335e-06
1.3844000244140624 4.914008126458257e-07
1.3854000244140625 7.410690290992049e-07
1.3864000244140624 1.7802990831530052e-06
1.3874000244140625 1.70811906382141e-07
1.3884000244140624 4.621300869946543e-07
1.3894000244140625 2.407394292289302e-07
1.3904000244140624 2.70671205953212e-07
1.3914000244140625 6.862863624182732e-07
1.3924000244140624 8.465602267248721e-07
1.3934000244140625 4.594435569619957e-07
1.3944000244140624 4.2247479504870066e-07
1.3954000244140625 3.636734552530184e-07
1.3964000244140624 7.221590773828163e-07
1.3974000244140625 5.8327597774683e-07
1.3984000244140624 5.880703354874324e-07
1.3994000244140625 3.9152628330599974e-11
1.4004000244140624 9.607468045716688e-07
1.4014000244140625 1.0858411637238244e-06
1.4024000244140624 1.79863910100566e-06
1.4034000244140625 1.4685547858207587e-07
1.4044000244140624 2.8358217355885084e-07
1.4054000244140625 1.7160883358769945e-06
1.4064000244140624 1.4345014235517678e-06
1.4074000244140625 3.9496656619116404e-11
1.4084000244140624 3.9126182393005236e-07
1.4094000244140625 1.108460356630304e-06
1.4104000244140624 1.4230758369801437e-06
1.4114000244140625 9.501871285788634e-08
1.4124000244140624 1.15938775621517e-06
1.4134000244140625 3.323364042180389e-07
1.4144000244140624 5.294857072561365e-07
1.4154000244140625 1.1071536213785796e-06
1.4164000244140624 1.5978323673433748e-06
1.4174000244140625 4.030147689397894e-11
1.4184000244140624 1.1094040876703048e-06
1.4194000244140625 1.3065464464165215e-06
1.4204000244140624 9.364079959977149e-07
1.4214000244140625 3.872254523232186e-07
1.4224000244140624 6.550719980530275e-07
1.4234000244140625 4.000342309532846e-11
1.4244000244140624 3.8526505722328e-07
1.4254000244140625 2.0999065081559457e-07
1.4264000244140624 5.659397588064308e-07
1.4274000244140626 8.763636040009663e-07
1.4284000244140624 7.6894164059871e-07
1.4294000244140626 4.6474704570353503e-07
1.4304000244140624 5.082485516285409e-07
1.4314000244140626 1.296926224159942e-06
1.4324000244140624 6.031726507003912e-07
1.4334000244140626 9.032065227256397e-07
1.4344000244140624 2.514383524259484e-07
1.4354000244140626 1.0951338484692815e-06
1.4364000244140624 9.884474514884022e-07
1.4374000244140626 2.763489793604901e-07
1.4384000244140625 8.753333628619233e-07
1.4394000244140626 6.564340723157487e-07
1.4404000244140625 1.4927693570342489e-07
1.4414000244140626 7.166373063063582e-07
1.4424000244140625 8.025229724623421e-07
1.4434000244140626 1.714169256083715e-07
1.4444000244140625 2.6642815990225137e-07
1.4454000244140626 1.7698558625714017e-07
1.4464000244140625 5.9599538193671293e-08
1.4474000244140626 1.4842874777709094e-07
1.4484000244140625 6.040514312811737e-07
1.4494000244140626 4.620504341975899e-07
1.4504000244140625 2.2638204351155593e-07
1.4514000244140626 4.3315284335616716e-07
1.4524000244140625 3.795863395012571e-07
1.4534000244140626 3.571042476723413e-07
1.4544000244140625 3.9940990822813206e-07
1.4554000244140626 2.3289884936454758e-07
1.4564000244140625 4.2931986837472095e-07
1.4574000244140626 8.067242199060566e-07
1.4584000244140625 2.4040391453699126e-11
1.4594000244140626 1.1803558560453435e-07
1.4604000244140625 7.006408913902432e-07
1.4614000244140626 8.923377164319234e-08
1.4624000244140625 6.646138061630788e-07
1.4634000244140626 1.0637269806006955e-07
1.4644000244140625 5.168604158298642e-07
1.4654000244140626 9.198345363202925e-07
1.4664000244140625 1.7625346019942135e-07
1.4674000244140626 9.659163676001295e-08
1.4684000244140625 6.633433143586082e-07
1.4694000244140626 2.716578508421537e-07
1.4704000244140625 4.143346272739278e-07
1.4714000244140626 7.0740519961629e-07
1.4724000244140625 9.640528044376573e-08
1.4734000244140626 1.0931055778588213e-06
1.4744000244140625 5.149856482077418e-07
1.4754000244140626 7.643541504602952e-07
1.4764000244140625 2.836970618004928e-07
1.4774000244140626 1.599821948651868e-06
1.4784000244140625 1.2890776323161566e-06
1.4794000244140626 2.0997834984572417e-07
1.4804000244140625 3.309734034324197e-07
1.4814000244140626 1.474255986995013e-06
1.4824000244140625 1.0172132746990676e-06
1.4834000244140626 7.615941532944712e-07
1.4844000244140625 6.391966331261782e-07
1.4854000244140626 3.735412405710107e-07
1.4864000244140625 1.3561787654653461e-06
1.4874000244140626 1.193106416525033e-06
1.4884000244140625 1.8666100540905645e-07
1.4894000244140626 1.0470948597079965e-06
1.4904000244140625 7.466405463548767e-07
1.4914000244140626 1.2890159901803414e-06
1.4924000244140625 8.058209492259678e-07
1.4934000244140626 4.681402204941664e-07
1.4944000244140625 7.624744558722873e-07
1.4954000244140624 1.6382271884708813e-06
1.4964000244140625 3.4344625825419533e-07
1.4974000244140624 1.4464809654615098e-07
1.4984000244140625 1.2102666650126532e-06
1.4994000244140624 7.847988888564234e-07
1.5004000244140625 5.829928946598822e-07
1.5014000244140624 7.480068360635886e-07
1.5024000244140625 1.2009087367290615e-06
1.5034000244140624 1.4715951934743802e-07
1.5044000244140625 9.946550251120008e-07
1.5054000244140624 1.7132638942111243e-07
1.5064000244140625 2.6557120997302667e-07
1.5074000244140624 4.393578220126498e-07
1.5084000244140625 5.680049675698744e-07
1.5094000244140624 9.991138133398848e-07
1.5104000244140625 1.4784436388980493e-06
1.5114000244140624 4.374959791303028e-07
1.5124000244140625 2.663120449292043e-07
1.5134000244140624 1.7290733155043008e-07
1.5144000244140625 8.82426247973512e-07
1.5154000244140624 3.739665558194172e-07
1.5164000244140625 1.535076758381879e-06
1.5174000244140624 2.0762576745783506e-07
1.5184000244140625 4.689598340224155e-07
1.5194000244140624 3.473345222211142e-07
1.5204000244140625 6.096459467534248e-07
1.5214000244140624 1.1851644017082166e-06
1.5224000244140625 9.454739311668501e-07
1.5234000244140624 4.472127687664804e-07
1.5244000244140625 5.218931696332548e-07
1.5254000244140624 7.614239722029614e-07
1.5264000244140625 1.2969837152121002e-06
1.5274000244140624 4.148908739602159e-07
1.5284000244140625 1.381016589450142e-06
1.5294000244140624 1.5665498504556382e-06
1.5304000244140625 4.561163967728212e-07
1.5314000244140624 4.9371781199836036e-08
1.5324000244140625 1.186624521615543e-06
1.5334000244140624 1.117273008555181e-07
1.5344000244140625 1.8629450294656487e-06
1.5354000244140624 8.598676130673149e-07
1.5364000244140625 6.565829880195395e-07
1.5374000244140624 8.423468991710137e-07
1.5384000244140625 9.855965005315445e-07
1.5394000244140624 3.7522869739593543e-07
1.5404000244140625 1.2682371350116585e-07
1.5414000244140624 9.60447841991041e-07
1.5424000244140625 2.0872603275470093e-06
1.5434000244140624 2.221551449109255e-06
1.5444000244140625 1.2104597899098494e-06
1.5454000244140624 1.468121266299156e-06
1.5464000244140625 1.0110577927907429e-06
1.5474000244140624 1.1294829684275132e-06
1.5484000244140625 1.476275274056616e-06
1.5494000244140624 1.587232993089279e-06
1.5504000244140625 3.482960193169768e-07
1.5514000244140624 1.9451235619553545e-07
1.5524000244140626 1.5199049612230877e-06
1.5534000244140624 4.3925099748206925e-11
1.5544000244140626 4.767797783594686e-07
1.5554000244140624 1.1186586616080342e-06
1.5564000244140626 8.21236023886045e-07
1.5574000244140624 7.237787885028265e-08
1.5584000244140626 1.450832858688285e-06
1.5594000244140624 1.1488258159437004e-06
1.5604000244140626 5.471637619887774e-07
1.5614000244140624 1.6986400254402667e-06
1.5624000244140626 1.0854401997873987e-06
1.5634000244140625 1.220860082742888e-06
1.5644000244140626 4.4187588369921905e-11
1.5654000244140625 3.525894961491446e-07
1.5664000244140626 3.60390940631976e-06
1.5674000244140625 1.990032681588834e-07
1.5684000244140626 5.596423193893733e-08
1.5694000244140625 1.764434213277746e-06
1.5704000244140626 1.2893619980215581e-06
1.5714000244140625 1.152062700361707e-06
1.5724000244140626 1.040048061184499e-06
1.5734000244140625 6.400487693093869e-07
1.5744000244140626 5.386573092780635e-07
1.5754000244140625 1.249952030549124e-06
1.5764000244140626 2.0309497840242998e-06
1.5774000244140625 1.0149276290388417e-06
1.5784000244140626 7.458513019971083e-07
1.5794000244140625 1.6799596215908908e-06
1.5804000244140626 4.2945702154177167e-07
1.5814000244140625 1.823969563960785e-06
1.5824000244140626 9.444530069757468e-07
1.5834000244140625 4.3760745912330866e-11
1.5844000244140626 1.5849729394132899e-06
1.5854000244140625 3.567585683815762e-07
1.5864000244140626 6.20480693153147e-07
1.5874000244140625 1.334621108430159e-06
1.5884000244140626 1.5959737337122276e-06
1.5894000244140625 1.2008322879854196e-06
1.5904000244140626 1.4516575775676558e-06
1.5914000244140625 1.9631241069921927e-06
1.5924000244140626 2.3584571149539857e-06
1.5934000244140625 2.2396673020161424e-06
1.5944000244140626 3.373614954335497e-06
1.5954000244140625 5.914976724230071e-06
1.5964000244140626 6.102351520456932e-06
1.5974000244140625 7.776738866187605e-06
1.5984000244140626 9.400267919952154e-06
1.5994000244140625 1.3082246275560367e-05
1.6004000244140626 1.4948021365611015e-05
1.6014000244140625 1.649675944700248e-05
1.6024000244140626 2.195706783336618e-05
1.6034000244140625 2.777263724363297e-05
1.6044000244140626 3.2735449622156e-05
1.6054000244140625 4.0303904634077016e-05
1.6064000244140626 5.097764403001356e-05
1.6074000244140625 6.600989095143743e-05
1.6084000244140626 8.42912950030735e-05
1.6094000244140625 0.00011432994620002321
1.6104000244140626 0.00015467668636842563
1.6114000244140625 0.000239587498595545
1.6124000244140626 0.0003270068474036656
1.6134000244140625 0.0005269583487808177
1.6144000244140626 0.0008637293753017097
1.6154000244140625 0.0015313393203388532
1.6164000244140626 0.002541776361451253
1.6174000244140625 0.004245061284131195
1.6184000244140626 0.007289490752080475
1.6194000244140625 0.009740285765673115
1.6204000244140624 0.012830495012158992
1.6214000244140625 0.015054527703462354
1.6224000244140624 0.01848916028652041
1.6234000244140625 0.020962205417089604
1.6244000244140624 0.01970284257721361
1.6254000244140625 0.024089676256771265
1.6264000244140624 0.028135377819870043
1.6274000244140625 0.03480018358217089
1.6284000244140624 0.03624394170611426
1.6294000244140625 0.04610568909366348
1.6304000244140624 0.0579503806109733
1.6314000244140625 0.06866611673488443
1.6324000244140624 0.08814631061895037
1.6334000244140625 0.11469814309602552
1.6344000244140624 0.15403402483085338
1.6354000244140625 0.2057236897447159
1.6364000244140624 0.2640254380373917
1.6374000244140625 0.3309372112485495
1.6384000244140624 0.36777186443549015
1.6394000244140625 0.39556958761401123
1.6404000244140624 0.4220933349076525
1.6414000244140625 0.42274701396578934
1.6424000244140624 0.41897638467782505
1.6434000244140625 0.41955976344644874
1.6444000244140624 0.42254176307172187
1.6454000244140625 0.42852917454339334
1.6464000244140624 0.42149574025713704
1.6474000244140625 0.4136851203272667
1.6484000244140624 0.4122545662533126
1.6494000244140625 0.37936581586599505
1.6504000244140624 0.36080294526556583
1.6514000244140625 0.3201910365801814
1.6524000244140624 0.27719571287804967
1.6534000244140625 0.2179651635697164
1.6544000244140624 0.17385230272117003
1.6554000244140625 0.13941789381067596
1.6564000244140624 0.10592109146096298
1.6574000244140625 0.08590925738324598
1.6584000244140624 0.06950973351256844
1.6594000244140625 0.05903231718788126
1.6604000244140624 0.05208489397047502
1.6614000244140625 0.04507474514436307
1.6624000244140624 0.03574314310218356
1.6634000244140625 0.030405266484084106
1.6644000244140624 0.03061406822995847
1.6654000244140625 0.025552722384979788
1.6664000244140624 0.02193057306887884
1.6674000244140625 0.018664389148776064
1.6684000244140624 0.01405727982528481
1.6694000244140625 0.011348952276331028
1.6704000244140624 0.007710201389294689
1.6714000244140625 0.0054887586305916326
1.6724000244140624 0.003339984668694814
1.6734000244140625 0.002095125193988492
1.6744000244140624 0.0012903037930361832
1.6754000244140625 0.0007253417136766459
1.6764000244140624 0.0004923461118400027
1.6774000244140626 0.0003134588261014195
1.6784000244140624 0.000236224095912236
1.6794000244140626 0.00016098006206390468
1.6804000244140624 0.00012357574827810754
1.6814000244140626 9.262885158105262e-05
1.6824000244140624 7.372014508643205e-05
1.6834000244140626 5.943935220155685e-05
1.6844000244140624 4.553194764445895e-05
1.6854000244140626 3.8537113389977814e-05
1.6864000244140624 2.98212540705449e-05
1.6874000244140626 2.450380036355437e-05
1.6884000244140625 1.977605451786508e-05
1.6894000244140626 1.6001534397793356e-05
1.6904000244140625 1.0410232770309252e-05
1.6914000244140626 9.423563090618476e-06
1.6924000244140625 1.0847846612153502e-05
1.6934000244140626 5.110092514285257e-06
1.6944000244140625 5.510009408849747e-06
1.6954000244140626 4.295848052542886e-06
1.6964000244140625 4.9958085290823185e-06
1.6974000244140626 5.86708547414458e-08
1.6984000244140625 2.9698674600964773e-06
1.6994000244140626 1.0704544856443931e-06
1.7004000244140625 2.5651896331548884e-06
1.7014000244140626 7.156042483444585e-07
1.7024000244140625 1.3553785108573851e-06
1.7034000244140626 2.1407319617744633e-06
1.7044000244140625 3.6138388667035093e-06
1.7054000244140626 3.0111449051387804e-06
1.7064000244140625 5.508358730757135e-07
1.7074000244140626 1.45022872789789e-06
1.7084000244140625 1.0035044624186449e-06
1.7094000244140626 1.246576086379972e-06
1.7104000244140625 9.493936678337297e-07
1.7114000244140626 8.658033387084505e-07
1.7124000244140625 3.108362995306336e-06
1.7134000244140626 1.47074061609468e-06
1.7144000244140625 3.6619979003117416e-07
1.7154000244140626 2.2610705641616526e-06
1.7164000244140625 2.9322940990398827e-06
1.7174000244140626 4.693398445430273e-07
1.7184000244140625 2.3997287730927198e-06
1.7194000244140626 7.811464873545321e-07
1.7204000244140625 1.265237425445055e-06
1.7214000244140626 6.104017462571968e-07
1.7224000244140625 6.636412600040903e-07
1.7234000244140626 1.2780778337684895e-06
1.7244000244140625 3.657189075029891e-06
1.7254000244140626 6.320750450782008e-07
1.7264000244140625 1.0601038455774436e-06
1.7274000244140626 4.4868523803041585e-11
1.7284000244140625 9.99467538114048e-07
1.7294000244140626 1.8719931419168168e-06
1.7304000244140625 9.734197064473475e-07
1.7314000244140626 4.905627856321273e-07
1.7324000244140625 2.701984611609278e-06
1.7334000244140626 9.243654427937633e-07
1.7344000244140625 2.930711243230606e-06
1.7354000244140626 2.007340329190466e-06
1.7364000244140625 5.413731785807317e-07
1.7374000244140626 1.3362273693890351e-06
1.7384000244140625 2.2804629517030591e-07
1.7394000244140626 5.414210341991944e-07
1.7404000244140625 1.247289521975957e-07
1.7414000244140626 1.339601285775705e-06
1.7424000244140625 4.8440496756562155e-09
1.7434000244140626 8.581701048887186e-07
1.7444000244140625 1.8409992417651104e-06
1.7454000244140624 8.86485790366347e-07
1.7464000244140625 1.7702379311694698e-06
1.7474000244140624 1.6010577684918888e-07
1.7484000244140625 8.479186873313e-07
1.7494000244140624 4.853552809140904e-07
1.7504000244140625 1.4988447736653038e-06
1.7514000244140624 2.301706831092799e-06
1.7524000244140625 8.625850918802239e-07
1.7534000244140624 1.680869819579012e-06
1.7544000244140625 3.415881029018815e-07
1.7554000244140624 1.9149139012098986e-06
1.7564000244140625 3.512697485248939e-07
1.7574000244140624 2.3225886474008863e-06
1.7584000244140625 4.5046085311996e-11
1.7594000244140624 2.3922198086601834e-06
1.7604000244140625 3.3693835937834995e-07
1.7614000244140624 1.2679491787995405e-06
1.7624000244140625 9.488821969685026e-07
1.7634000244140624 4.995759023511199e-07
1.7644000244140625 5.58853075421923e-07
1.7654000244140624 1.207321710313004e-06
1.7664000244140625 7.020817207881396e-08
1.7674000244140624 1.9529723985219512e-06
1.7684000244140625 3.035234273794255e-06
1.7694000244140624 7.892776769536933e-07
1.7704000244140625 2.27415559483794e-07
1.7714000244140624 1.1852282270220632e-06
1.7724000244140625 2.5966276844123495e-06
1.7734000244140624 1.2047576982218832e-06
1.7744000244140625 9.339063492009247e-09
1.7754000244140624 9.68360348400362e-07
1.7764000244140625 4.479681057859653e-06
1.7774000244140624 1.0776082996320977e-06
1.7784000244140625 1.4192147123041068e-06
1.7794000244140624 1.7254584466973915e-06
1.7804000244140625 1.2804179708241874e-06
1.7814000244140624 4.4996675831504557e-11
1.7824000244140625 4.51297761864425e-11
1.7834000244140624 3.214549858264962e-06
1.7844000244140625 4.648053648641945e-06
1.7854000244140624 2.0437089083716375e-06
1.7864000244140625 1.0392371729127084e-06
1.7874000244140624 2.536604706053744e-06
1.7884000244140625 4.5200727933386845e-11
1.7894000244140624 8.976796731509925e-07
1.7904000244140625 1.8543811975244032e-06
1.7914000244140624 1.7961417851307854e-06
1.7924000244140625 4.521151885779415e-11
1.7934000244140624 1.74673525731337e-06
1.7944000244140625 2.643177411719429e-06
1.7954000244140624 4.02471934892422e-06
1.7964000244140625 4.0111516309597615e-07
1.7974000244140624 4.420115270667088e-06
1.7984000244140625 2.2619495561013624e-06
1.7994000244140624 1.007789754853824e-06
1.8004000244140625 4.688816563178247e-06
1.8014000244140624 7.780912370653046e-07
1.8024000244140626 2.979134302524092e-06
1.8034000244140624 1.5879683366047944e-06
1.8044000244140626 1.4179381942750533e-06
1.8054000244140624 2.94699945063016e-06
1.8064000244140626 8.287990282932684e-07
1.8074000244140624 2.6357871795923174e-06
1.8084000244140626 1.5830352740373922e-06
1.8094000244140624 1.8057691141486042e-06
1.8104000244140626 1.7816431056871502e-06
1.8114000244140624 2.3063757733895455e-06
1.8124000244140626 1.684616567047639e-06
1.8134000244140625 6.100410897018739e-07
1.8144000244140626 1.981986000770322e-06
1.8154000244140625 3.750171377454167e-06
1.8164000244140626 1.1207429312144712e-06
1.8174000244140625 1.2747568809027022e-06
1.8184000244140626 4.122737808079846e-06
1.8194000244140625 7.666627846652965e-07
1.8204000244140626 1.0997640703599606e-06
1.8214000244140625 7.791823695007644e-09
1.8224000244140626 4.554222895328592e-11
1.8234000244140625 1.5659751076993779e-06
1.8244000244140626 2.278393974468823e-06
1.8254000244140625 6.072120784352427e-07
1.8264000244140626 3.6442527243784806e-06
1.8274000244140625 8.02390030233664e-06
1.8284000244140626 4.536706104565526e-11
1.8294000244140625 4.462808673988254e-06
1.8304000244140626 4.5437311491607396e-11
1.8314000244140625 2.3179204595998802e-06
1.8324000244140626 2.091513503241274e-06
1.8334000244140625 1.3166398341625667e-06
1.8344000244140626 7.439588199979308e-07
1.8354000244140625 4.548265764088227e-11
1.8364000244140626 2.2883745034540337e-06
1.8374000244140625 2.1679214010132324e-06
1.8384000244140626 4.5647179352545604e-11
1.8394000244140625 2.0977417149478754e-06
1.8404000244140626 9.051370757893756e-08
1.8414000244140625 4.620770519016166e-06
1.8424000244140626 2.087928645508823e-06
1.8434000244140625 2.376698940386058e-06
1.8444000244140626 1.1104717356535288e-06
1.8454000244140625 4.557443291288552e-11
1.8464000244140626 2.5509657301739206e-06
1.8474000244140625 2.7326850519146408e-06
1.8484000244140626 1.7572126395633704e-06
1.8494000244140625 1.175235258713923e-06
1.8504000244140626 2.328808098146768e-06
1.8514000244140625 1.3728902585857597e-06
1.8524000244140626 2.194603309093445e-06
1.8534000244140625 2.2183518292350316e-06
1.8544000244140626 7.211552399952329e-06
1.8554000244140625 4.571800930292631e-11
1.8564000244140626 2.54559725962771e-06
1.8574000244140625 2.414865115257283e-07
1.8584000244140626 5.236540949752014e-06
1.8594000244140625 1.9231900059540726e-06
1.8604000244140626 2.359874361825594e-06
1.8614000244140625 7.3118200436524e-07
1.8624000244140626 3.3243171015018126e-06
1.8634000244140625 9.845195254014458e-07
1.8644000244140626 2.688946697008069e-06
1.8654000244140625 6.855443494202192e-07
1.8664000244140626 8.902722184577334e-07
1.8674000244140625 4.149299726571502e-06
1.8684000244140626 3.8079101316972174e-06
1.8694000244140625 9.582654983093836e-07
1.8704000244140624 2.553056443473312e-06
1.8714000244140625 4.729770801445851e-06
1.8724000244140624 3.5649240666661078e-06
1.8734000244140625 4.5826723628078323e-11
1.8744000244140624 8.273757519379642e-07
1.8754000244140625 4.266099201825056e-07
1.8764000244140624 4.986953000518877e-06
1.8774000244140625 2.3535317445224596e-06
1.8784000244140624 3.881514470919077e-06
1.8794000244140625 4.599054354332916e-11
1.8804000244140624 5.018123093112793e-06
1.8814000244140625 1.3608793963721314e-06
1.8824000244140624 1.8623078902861474e-06
1.8834000244140625 3.357562726974396e-06
1.8844000244140624 6.282999216666262e-07
1.8854000244140625 1.5092646317853954e-06
1.8864000244140624 1.4565157648519904e-06
1.8874000244140625 2.1468084617845554e-06
1.8884000244140624 4.575842571141307e-11
1.8894000244140625 4.2296292893209145e-06
1.8904000244140624 4.560215201295631e-11
1.8914000244140625 1.573736832103017e-06
1.8924000244140624 4.7418894757005426e-07
1.8934000244140625 1.0545315657503537e-06
1.8944000244140624 1.6573045771566757e-07
1.8954000244140625 2.1073994499117636e-06
1.8964000244140624 2.1674021935248936e-06
1.8974000244140625 1.0740138124044044e-06
1.8984000244140624 2.2881180708865727e-06
1.8994000244140625 2.2639013692759826e-06
1.9004000244140624 3.9762842989798564e-07
1.9014000244140625 2.143651742861494e-06
1.9024000244140624 4.5706437185170204e-11
1.9034000244140625 8.286431225936335e-07
1.9044000244140624 2.5071398804766076e-07
1.9054000244140625 4.444990019334341e-06
1.9064000244140624 1.6477614174321097e-06
1.9074000244140625 4.5590696726486975e-11
1.9084000244140624 3.8058829358064015e-06
1.9094000244140625 4.5735803552590346e-11
1.9104000244140624 4.0897550707466707e-07
1.9114000244140625 1.647991070388061e-06
1.9124000244140624 1.009392889861274e-07
1.9134000244140625 8.570908900032517e-07
1.9144000244140624 1.1337524393336912e-06
1.9154000244140625 1.8941493019830027e-06
1.9164000244140624 6.036694500115578e-09
1.9174000244140625 1.8033392759404056e-06
1.9184000244140624 4.5810117973904305e-11
1.9194000244140625 6.588788639961817e-07
1.9204000244140624 1.0601600562092346e-07
1.9214000244140625 2.492162744452455e-06
1.9224000244140624 7.182487535117776e-07
1.9234000244140625 3.892748809706841e-06
1.9244000244140624 4.564274127489713e-11
1.9254000244140625 4.55733675961795e-11
1.9264000244140624 1.6189015207271645e-06
1.9274000244140626 1.5375416746524488e-07
1.9284000244140624 1.9514768422297098e-06
1.9294000244140626 4.5717916186374775e-11
1.9304000244140624 1.6350939247278954e-06
1.9314000244140626 4.981826065523307e-07
1.9324000244140624 2.0693513663895124e-06
1.9334000244140626 6.341064252431367e-07
1.9344000244140624 1.2091364303913862e-06
1.9354000244140626 1.1089330320601902e-06
1.9364000244140624 1.5977594267740094e-06
1.9374000244140626 1.021640814472715e-07
1.9384000244140625 7.782878749639066e-08
1.9394000244140626 3.593974660178153e-06
1.9404000244140625 3.482557449721292e-07
1.9414000244140626 4.5575894333153674e-11
1.9424000244140625 4.065635134545761e-07
1.9434000244140626 5.053870748453738e-07
1.9444000244140625 1.780846447973699e-06
1.9454000244140626 4.604221030935909e-11
1.9464000244140625 8.465621174679668e-07
1.9474000244140626 4.91296124272559e-09
1.9484000244140625 4.5894517138632775e-11
1.9494000244140626 5.195192124036725e-07
1.9504000244140625 1.0950879153133484e-06
1.9514000244140626 1.0364711259099782e-06
1.9524000244140625 6.908262797491439e-07
1.9534000244140626 1.827134093526453e-06
1.9544000244140625 4.6065948359325134e-11
1.9554000244140626 4.605929016221019e-11
1.9564000244140625 7.759874148048265e-06
1.9574000244140626 2.704962407023015e-06
1.9584000244140625 6.00252889396316e-09
1.9594000244140626 2.5552328773989697e-06
1.9604000244140625 3.3322772528025486e-07
1.9614000244140626 8.572851209997175e-07
1.9624000244140625 3.4530236709136067e-06
1.9634000244140626 2.8907990397891505e-06
1.9644000244140625 1.7088228421902894e-07
1.9654000244140626 2.0879768489960185e-06
1.9664000244140625 1.1840283676715155e-06
1.9674000244140626 9.767406267263338e-07
1.9684000244140625 4.891481426932462e-07
1.9694000244140626 4.620270003600791e-11
1.9704000244140625 3.2974232887089566e-06
1.9714000244140626 6.570344184285586e-07
1.9724000244140625 1.593205981332949e-07
1.9734000244140626 2.1537876376682514e-06
1.9744000244140625 4.715348020833036e-06
1.9754000244140626 5.335648530101994e-07
1.9764000244140625 6.737402661749046e-06
1.9774000244140626 1.0161067454902916e-06
1.9784000244140625 1.9538774596270743e-06
1.9794000244140626 5.833739836789437e-06
1.9804000244140625 4.624290109181082e-11
1.9814000244140626 4.62188829799571e-11
1.9824000244140625 3.668098725051278e-06
1.9834000244140626 4.042907213710444e-07
1.9844000244140625 1.2559537268908336e-07
1.9854000244140626 1.3634430637186232e-06
1.9864000244140625 4.607475077645458e-07
1.9874000244140626 3.0416975073951726e-06
1.9884000244140625 3.289202516380245e-06
1.9894000244140626 2.5305502276810064e-06
1.9904000244140625 4.634060681999532e-11
1.9914000244140626 3.072459078221273e-06
1.9924000244140625 4.634171574261268e-11
1.9934000244140626 1.0028809749063036e-06
1.9944000244140625 1.7899594018909027e-06
1.9954000244140624 6.845280345401188e-07
1.9964000244140625 7.226478540354394e-07
1.9974000244140624 4.229518601349356e-06
1.9984000244140625 2.791003781271556e-06
1.9994000244140624 2.1538325679350377e-06
2.0004000244140623 4.611359114246738e-06
2.0014000244140626 3.0233373905069605e-06
2.0024000244140625 1.3798299760583136e-06
2.0034000244140624 4.562612113647441e-06
2.0044000244140623 1.1824112669887713e-06
2.0054000244140626 6.825362954245238e-06
2.0064000244140625 1.339239053237387e-06
2.0074000244140624 5.108825487728823e-07
2.0084000244140623 1.450141571816293e-06
2.0094000244140626 2.395420290972408e-07
2.0104000244140625 3.1342843600324547e-06
2.0114000244140624 2.4030069190235504e-06
2.0124000244140623 4.605991101975883e-11
2.0134000244140626 3.211169873729328e-06
2.0144000244140625 1.8285379458355276e-07
2.0154000244140624 6.440601833571909e-08
2.0164000244140623 7.211509123567062e-06
2.0174000244140626 5.320336660226372e-06
2.0184000244140625 1.3502367752019116e-06
2.0194000244140624 1.0237406064656665e-06
2.0204000244140623 6.584710867621311e-06
2.0214000244140626 2.1454271402350055e-06
2.0224000244140625 3.0412257531755073e-06
2.0234000244140624 4.424660463527943e-06
2.0244000244140623 1.0342159415179281e-06
2.0254000244140626 2.7043697836968494e-06
2.0264000244140625 5.359706875887157e-06
2.0274000244140624 3.2464255527562152e-06
2.0284000244140623 2.2496177346770353e-06
2.0294000244140626 2.068102570234914e-07
2.0304000244140625 4.136353748688268e-06
2.0314000244140624 5.57109364998924e-06
2.0324000244140623 1.6599769435097807e-06
2.0334000244140626 1.4447159794154616e-06
2.0344000244140625 1.7658591953957848e-06
2.0354000244140624 1.1509145547033238e-06
2.0364000244140623 8.585457413021224e-06
2.0374000244140626 4.97694451389038e-07
2.0384000244140625 2.427672721605289e-06
2.0394000244140624 1.11752604124165e-06
2.0404000244140623 4.2652304566905567e-07
2.0414000244140627 1.5368894079355905e-06
2.0424000244140625 2.5551449599772296e-06
2.0434000244140624 2.4121591302500553e-06
2.0444000244140623 1.6304332745701469e-06
2.0454000244140627 2.8700479886529346e-06
2.0464000244140625 1.0992139419387472e-06
2.0474000244140624 7.64144297094975e-08
2.04839990234375 4.399147838207597e-07
2.04939990234375 1.1202510502621584e-06
2.05039990234375 2.874341382353806e-06
2.05139990234375 1.2989821825951848e-06
2.05239990234375 2.307412272567097e-06
2.05339990234375 5.182355941241483e-07
2.05439990234375 7.517553685547985e-06
2.05539990234375 9.157544722209975e-07
2.05639990234375 2.5348748408970747e-06
2.05739990234375 5.252318805200735e-06
2.05839990234375 2.3840539785582214e-07
2.05939990234375 2.995796024602772e-06
2.06039990234375 3.6525836549752727e-06
2.06139990234375 7.082377060633489e-08
2.06239990234375 4.5833179118863196e-11
2.06339990234375 5.342755897026021e-06
2.06439990234375 7.685854136136961e-06
2.06539990234375 1.9511008672784067e-06
2.06639990234375 4.583973983663308e-11
2.06739990234375 2.7163364231023815e-06
2.06839990234375 6.485650918272458e-06
2.06939990234375 2.1300116718406497e-06
2.07039990234375 1.0214367254770038e-06
2.07139990234375 1.5165921849652426e-06
2.07239990234375 4.621674868664641e-11
2.07339990234375 3.6657019352678393e-06
2.07439990234375 5.471115645149587e-07
2.07539990234375 6.7959238064936455e-06
2.07639990234375 4.01355483683643e-07
2.07739990234375 3.0599425441816897e-06
2.07839990234375 4.6448875068844764e-06
2.07939990234375 2.723287163185489e-07
2.08039990234375 7.387203966583531e-06
2.08139990234375 4.647872054006563e-11
2.08239990234375 1.4874125281980777e-06
2.08339990234375 8.152202473830461e-06
2.08439990234375 4.658252780685402e-11
2.08539990234375 2.8058661961760718e-06
2.08639990234375 1.1749605282027464e-05
2.08739990234375 2.571188694626669e-06
2.08839990234375 2.2691033299211984e-07
2.08939990234375 3.756255509013899e-06
2.09039990234375 2.1811245445455344e-06
2.09139990234375 4.632438980524042e-11
2.09239990234375 5.61396681391716e-07
2.09339990234375 1.0354715541770564e-06
2.09439990234375 3.164378179695729e-06
2.09539990234375 4.6378383951589594e-11
2.09639990234375 1.3321935054992749e-06
2.09739990234375 4.2492990958724283e-07
2.09839990234375 1.7503756124809396e-06
2.09939990234375 9.332563276693067e-07
2.10039990234375 4.1942440395356465e-06
2.10139990234375 1.650757045450506e-08
2.10239990234375 1.4900362875149272e-06
2.10339990234375 1.0176392944692597e-06
2.10439990234375 1.7173071778620822e-07
2.10539990234375 1.355842411147869e-06
2.10639990234375 4.6538907864474184e-11
2.10739990234375 5.687551688942741e-07
2.10839990234375 1.8146446574600357e-06
2.10939990234375 2.3656163374639336e-06
2.11039990234375 4.6644911968140446e-11
2.11139990234375 6.578276895776212e-07
2.11239990234375 7.35004386406888e-07
2.11339990234375 3.8340500337291715e-06
2.11439990234375 2.963619906448989e-06
2.11539990234375 4.5887127875613894e-08
2.11639990234375 2.6256642369790087e-06
2.11739990234375 1.2617937196251191e-06
2.11839990234375 4.668786806682825e-11
2.11939990234375 3.847961364329507e-07
2.12039990234375 2.3440704583421623e-06
2.12139990234375 1.8186258472497804e-06
2.12239990234375 5.097438960624468e-06
2.12339990234375 4.6819091728782986e-11
2.12439990234375 4.683965747881944e-11
2.12539990234375 5.240667838385534e-06
2.12639990234375 7.457888150883172e-07
2.12739990234375 5.858407249430034e-07
2.12839990234375 4.067518179484192e-06
2.12939990234375 5.613765043572894e-06
2.13039990234375 4.696306257348448e-11
2.13139990234375 4.700429009332416e-11
2.13239990234375 8.512574217275043e-07
2.13339990234375 5.415665264835938e-07
2.13439990234375 6.473904392376443e-06
2.13539990234375 1.2560837724779846e-06
2.13639990234375 3.3714145823769697e-06
2.13739990234375 3.140286993512031e-07
2.13839990234375 1.0900358769810078e-06
2.13939990234375 3.655133946476915e-06
2.14039990234375 4.5146528799121686e-07
2.14139990234375 6.6743316494419756e-06
2.14239990234375 1.1244442548313112e-06
2.14339990234375 5.519680203839484e-07
2.14439990234375 3.4344564848102603e-06
2.14539990234375 4.617410979552536e-11
2.14639990234375 8.295934012592149e-07
2.14739990234375 1.1464531298059907e-06
2.14839990234375 4.625452143571699e-11
2.14939990234375 4.912258047621126e-06
2.15039990234375 2.874360435614096e-06
2.15139990234375 1.9609189512620385e-06
2.15239990234375 2.004028201846599e-06
2.15339990234375 1.117065264663526e-06
2.15439990234375 8.856336786680371e-08
2.15539990234375 4.593391539179237e-11
2.15639990234375 1.7883552288802962e-07
2.15739990234375 4.582227987302529e-11
2.15839990234375 2.9856883511865152e-06
2.15939990234375 2.919455205681423e-06
2.16039990234375 5.594442657814604e-06
2.16139990234375 4.5814224763925126e-11
2.16239990234375 4.033202625296749e-06
2.16339990234375 4.030676051043694e-06
2.16439990234375 1.2133393200925822e-06
2.16539990234375 4.5461992971143466e-11
2.16639990234375 7.6089498186988236e-06
2.16739990234375 2.9328497054916246e-06
2.16839990234375 2.4682333271325664e-06
2.16939990234375 4.5259471342549255e-11
2.17039990234375 4.5174431706096004e-11
2.17139990234375 1.164998897374087e-06
2.17239990234375 3.088322270414386e-06
2.17339990234375 1.6519503676619383e-06
2.17439990234375 2.475309463027569e-07
2.17539990234375 4.447592230282649e-06
2.17639990234375 3.9081338276930743e-07
2.17739990234375 1.2843898799762982e-06
2.17839990234375 4.433313920231103e-11
2.17939990234375 1.221575410943422e-06
2.18039990234375 4.3984717475288715e-11
2.18139990234375 3.538307469664557e-06
2.18239990234375 4.692548192482755e-06
2.18339990234375 8.085496459415318e-07
2.18439990234375 4.288606442793543e-06
2.18539990234375 1.8803167726503723e-06
2.18639990234375 2.6532414932801853e-06
2.18739990234375 4.253360646467561e-11
2.18839990234375 2.3513100739280765e-06
2.18939990234375 1.9536410291064973e-06
2.19039990234375 2.921273367608011e-06
2.19139990234375 4.839562419717597e-06
2.19239990234375 4.939509373101532e-07
2.19339990234375 1.6775604972540552e-06
2.19439990234375 1.3129373921943734e-06
2.19539990234375 3.1473900596743955e-06
2.19639990234375 5.840753293996958e-07
2.19739990234375 2.0163092372932204e-06
2.19839990234375 1.2529378157216771e-06
2.19939990234375 3.3304075131812506e-06
2.20039990234375 4.645305484891733e-06
2.20139990234375 3.593663558998613e-06
2.20239990234375 3.5313750735181384e-06
2.20339990234375 3.7900505551611214e-11
2.20439990234375 5.642378998277568e-07
2.20539990234375 9.125065631920561e-07
2.20639990234375 4.768128111473438e-06
2.20739990234375 2.074997868927088e-06
2.20839990234375 5.857536203036123e-07
2.20939990234375 3.963189648316559e-06
2.21039990234375 1.505053622447675e-06
2.21139990234375 2.463974281838442e-06
2.21239990234375 3.627788583058555e-11
2.21339990234375 3.6257158246986476e-11
2.21439990234375 2.898040607645108e-06
2.21539990234375 6.57851019881966e-06
2.21639990234375 4.618838418237297e-06
2.21739990234375 6.449879728216183e-09
2.21839990234375 2.9874807238284603e-06
2.21939990234375 5.111303697267729e-06
2.22039990234375 3.501832833672449e-08
2.22139990234375 4.791962690326145e-07
2.22239990234375 2.5144904813348464e-06
2.22339990234375 5.126909431612313e-06
2.22439990234375 3.5189614589618443e-06
2.22539990234375 9.947473665765244e-06
2.22639990234375 3.717749101864639e-11
2.22739990234375 1.18923713253013e-06
2.22839990234375 4.8592536696024985e-06
2.22939990234375 4.146880099260985e-06
2.23039990234375 1.2984422782566152e-06
2.23139990234375 1.3331858501860947e-06
2.23239990234375 8.281383508900829e-06
2.23339990234375 3.0953901565779275e-06
2.23439990234375 1.3439804814004005e-06
2.23539990234375 2.065653431689909e-06
2.23639990234375 3.7532765645591995e-06
2.23739990234375 2.271639245881535e-06
2.23839990234375 1.0956488733148464e-05
2.23939990234375 3.810457492650956e-11
2.24039990234375 1.4940254944088189e-05
2.24139990234375 9.875820246060082e-06
2.24239990234375 7.627658117874334e-06
2.24339990234375 8.923733792763417e-06
2.24439990234375 6.57706661508595e-07
2.24539990234375 4.352667415829035e-06
2.24639990234375 1.2790855650161448e-05
2.24739990234375 8.552021739033576e-06
2.24839990234375 1.1324964649020736e-06
2.24939990234375 2.5440556763608916e-06
2.25039990234375 2.919874189648833e-06
2.25139990234375 2.631809721101291e-06
2.25239990234375 1.3424926270327521e-06
2.25339990234375 2.6378325062226802e-06
2.25439990234375 1.7547850947339353e-05
2.25539990234375 1.4490881027900791e-05
2.25639990234375 3.839096827480843e-11
2.25739990234375 1.461794319656299e-05
2.25839990234375 1.3583454627181117e-06
2.25939990234375 7.310064086043283e-06
2.26039990234375 5.290303181153439e-06
2.26139990234375 7.989950656825219e-06
2.26239990234375 8.329375320396831e-06
2.26339990234375 2.9633587923257607e-06
2.26439990234375 7.517884834780181e-06
2.26539990234375 8.91723373199492e-06
2.26639990234375 3.855109724255867e-11
2.26739990234375 1.4229948575077872e-05
2.26839990234375 3.059765338136968e-07
2.26939990234375 2.08484609523322e-06
2.27039990234375 4.911849282687955e-06
2.27139990234375 5.786760589017571e-06
2.27239990234375 2.4441488970906345e-06
2.27339990234375 4.77651600177328e-06
2.27439990234375 7.73437280818541e-06
2.27539990234375 5.0916348875332425e-06
2.27639990234375 2.039649617285642e-06
2.27739990234375 3.144057864764869e-07
2.27839990234375 9.216843742299362e-07
2.27939990234375 1.1735581827238222e-05
2.28039990234375 4.032895366988159e-11
2.28139990234375 5.899766013451583e-07
2.28239990234375 7.3365288509215805e-06
2.28339990234375 2.14285917104477e-06
2.28439990234375 6.750075362769596e-06
2.28539990234375 2.085124507310468e-06
2.28639990234375 2.4910404780404793e-06
2.28739990234375 1.5809745171177062e-08
2.28839990234375 1.263648773958326e-05
2.28939990234375 5.777254058471583e-07
2.29039990234375 9.68004679682705e-07
2.29139990234375 1.858626853751751e-06
2.29239990234375 7.779573490235703e-07
2.29339990234375 3.4807722758888456e-06
2.29439990234375 1.1412527944814125e-06
2.29539990234375 3.4591133084620514e-06
2.29639990234375 2.585916098106349e-07
2.29739990234375 1.057024240647134e-06
2.29839990234375 1.0075884258367277e-06
2.29939990234375 3.918314405781858e-06
2.30039990234375 3.83567082283471e-06
2.30139990234375 2.378260851732554e-06
2.30239990234375 1.7622504503631403e-06
2.30339990234375 1.733293467530302e-07
2.30439990234375 2.175825393293763e-06
2.30539990234375 6.55751631632128e-07
2.30639990234375 4.706113492236413e-07
2.30739990234375 1.2534092680177848e-06
2.30839990234375 1.106401019489133e-06
2.30939990234375 8.395098386661105e-07
2.31039990234375 8.619712945640611e-07
2.31139990234375 2.1102434611744652e-06
2.31239990234375 2.2552235412072137e-06
2.31339990234375 7.022744801502177e-07
2.31439990234375 2.3440268544306893e-06
2.31539990234375 3.0922686643271524e-07
2.31639990234375 1.6783150304974816e-07
2.31739990234375 1.8834996823352207e-06
2.31839990234375 1.9713980256291585e-06
2.31939990234375 2.1999315945502868e-06
2.32039990234375 4.695342095471772e-07
2.32139990234375 1.2368253834947477e-06
2.32239990234375 3.492844303534661e-11
2.32339990234375 3.397253729236824e-11
2.32439990234375 9.252679671024781e-07
2.32539990234375 3.1810589552378975e-11
2.32639990234375 9.471210376034307e-07
2.32739990234375 1.6985585656753628e-07
2.32839990234375 2.8709033707514456e-11
2.32939990234375 1.370955462611921e-07
2.33039990234375 2.6575338428903362e-11
2.33139990234375 2.6413641553913155e-07
2.33239990234375 4.344431947088245e-08
2.33339990234375 1.9491473020008922e-07
2.33439990234375 2.243865331181949e-11
2.33539990234375 3.8148165411446884e-07
2.33639990234375 8.538417926019392e-08
2.33739990234375 3.0791713270520934e-07
2.33839990234375 1.2117321791437653e-06
2.33939990234375 3.5895959602749806e-08
2.34039990234375 1.722632507690556e-11
2.34139990234375 8.136206388996652e-08
2.34239990234375 3.6241439531994243e-07
2.34339990234375 1.909775454757116e-07
2.34439990234375 7.149550091196578e-07
2.34539990234375 7.877388930401999e-07
2.34639990234375 1.3837580755472482e-07
2.34739990234375 1.320949250884803e-06
2.34839990234375 1.5366507295829563e-11
2.34939990234375 3.3427735291524507e-07
2.35039990234375 4.1069607109645125e-07
2.35139990234375 5.080331000741576e-07
2.35239990234375 3.121484296703464e-07
2.35339990234375 1.0816767685122904e-06
2.35439990234375 1.1132688119744971e-07
2.35539990234375 3.2586162033647064e-07
2.35639990234375 5.950597630594064e-08
2.35739990234375 1.1645050774544784e-07
2.35839990234375 7.068162802063114e-07
2.35939990234375 1.7108042976868265e-07
2.36039990234375 2.7607452612957636e-07
2.36139990234375 5.01789266128271e-07
2.36239990234375 7.3107627968732e-07
2.36339990234375 7.895457041396543e-08
2.36439990234375 3.477002739733647e-07
2.36539990234375 7.782915070217857e-12
2.36639990234375 1.3234827076500296e-07
2.36739990234375 2.1048940744305773e-07
2.36839990234375 3.056161214608839e-08
2.36939990234375 1.7734395555459779e-07
2.37039990234375 1.2417979492275098e-07
2.37139990234375 4.891147721464631e-08
2.37239990234375 1.1281985419801089e-07
2.37339990234375 5.8526612349547e-08
2.37439990234375 8.213618685856729e-08
2.37539990234375 1.087498116704097e-07
2.37639990234375 6.04196588994428e-08
2.37739990234375 7.570512288852641e-08
2.37839990234375 9.044867132522376e-08
2.37939990234375 3.092311402654497e-08
2.38039990234375 9.213762985637925e-08
2.38139990234375 1.4891638604857644e-07
2.38239990234375 7.71634942745584e-08
2.38339990234375 9.781460889115528e-08
2.38439990234375 3.240345661396372e-08
2.38539990234375 9.053810439944087e-09
2.38639990234375 2.5860824922401882e-08
2.38739990234375 3.9976994158513765e-08
2.38839990234375 7.08758878220066e-13
2.38939990234375 3.082585794505957e-08
2.39039990234375 3.2488341221986556e-08
2.39139990234375 9.873324703448788e-09
2.39239990234375 1.2523973227940268e-08
2.39339990234375 1.312325261977095e-08
2.39439990234375 6.401870910673073e-09
2.39539990234375 3.4146496609389734e-08
2.39639990234375 1.3805785914939263e-08
2.39739990234375 2.655729653207617e-13
2.39839990234375 1.766142073856963e-08
2.39939990234375 2.3787076312113868e-08
2.40039990234375 4.726224810361248e-09
2.40139990234375 1.3369893363630034e-08
2.40239990234375 1.4248324988925053e-08
2.40339990234375 3.821182758132165e-09
2.40439990234375 1.622572830219465e-08
2.40539990234375 3.7378901329077435e-09
2.40639990234375 3.421788847681381e-09
2.40739990234375 8.826284292905886e-09
2.40839990234375 7.366840305235625e-14
2.40939990234375 6.695383063812149e-09
2.41039990234375 6.5130475362618994e-09
2.41139990234375 1.0122542462565575e-09
2.41239990234375 3.4019127821389657e-09
2.41339990234375 6.873722045370538e-09
2.41439990234375 5.901420344926e-09
2.41539990234375 1.8493476792335746e-09
2.41639990234375 3.968031116382272e-10
2.41739990234375 1.2454341592274787e-09
2.41839990234375 3.915448035324765e-11
2.41939990234375 1.2833114410149636e-09
2.42039990234375 2.069774763216741e-09
2.42139990234375 3.514111684177877e-10
2.42239990234375 7.407943236389469e-11
2.42339990234375 1.2101624365708001e-09
2.42439990234375 2.054069150245427e-10
2.42539990234375 5.69893717709723e-10
2.42639990234375 1.0826667379385403e-09
2.42739990234375 2.4480089746145916e-10
2.42839990234375 7.160139473479541e-10
2.42939990234375 7.377404761855693e-10
2.43039990234375 1.8296673263662262e-10
2.43139990234375 8.681733417938733e-10
2.43239990234375 1.2179084182919678e-10
2.43339990234375 2.7756915387181784e-10
2.43439990234375 1.0380912648129472e-10
2.43539990234375 2.7956174004965225e-10
2.43639990234375 1.5649963746362847e-10
2.43739990234375 2.676689417340091e-10
2.43839990234375 1.9263601242774419e-10
2.43939990234375 1.1044086918306485e-10
2.44039990234375 9.476613665944468e-12
2.44139990234375 1.54199184959276e-10
2.44239990234375 9.057394040782583e-11
2.44339990234375 3.383722804129614e-11
2.44439990234375 4.849012097546119e-16
2.44539990234375 1.2024478867401234e-10
2.44639990234375 3.406468652511909e-16
2.44739990234375 5.782238850331081e-11
2.44839990234375 1.980067687124065e-11
2.44939990234375 3.8799695611894763e-11
2.45039990234375 8.515584262117739e-12
2.45139990234375 2.1134651729549792e-11
2.45239990234375 5.505976173473844e-13
2.45339990234375 1.401240912513311e-11
2.45439990234375 1.4826000676176944e-11
2.45539990234375 2.6682546108561818e-11
2.45639990234375 1.1678677733620594e-11
2.45739990234375 1.1148169464927025e-11
2.45839990234375 5.295294306797009e-12
2.45939990234375 4.9215641993633867e-11
2.46039990234375 1.1895940810900345e-16
2.46139990234375 5.339297736476641e-11
2.46239990234375 1.3902135059665764e-11
2.46339990234375 2.4050413664773977e-11
2.46439990234375 1.383704034626229e-11
2.46539990234375 8.407519966857116e-17
2.46639990234375 1.8030410231011323e-11
2.46739990234375 7.229951390884061e-17
2.46839990234375 4.838224281170589e-12
2.46939990234375 8.991359682074843e-12
2.47039990234375 2.1229768224807472e-12
2.47139990234375 1.0864723479452719e-11
2.47239990234375 9.919229907512609e-12
2.47339990234375 4.0760842358725105e-17
2.47439990234375 1.2077910027702927e-11
2.47539990234375 3.3678496286742626e-17
2.47639990234375 5.700136023982409e-12
2.47739990234375 4.580298333761003e-12
2.47839990234375 8.211204827563573e-12
2.47939990234375 1.3193006928319992e-12
2.48039990234375 1.2119672892364644e-11
2.48139990234375 2.5113714909664163e-13
2.48239990234375 1.5926096054364695e-12
2.48339990234375 4.669927853643866e-12
2.48439990234375 7.010053861394466e-13
2.48539990234375 6.916121533028513e-13
2.48639990234375 3.1454101242998927e-12
2.48739990234375 3.004235949981919e-12
2.48839990234375 8.777387826120334e-18
2.48939990234375 4.3056189088488286e-12
2.49039990234375 1.7777598945429258e-12
2.49139990234375 8.180110318600118e-13
2.49239990234375 2.43018877437594e-12
2.49339990234375 1.0771353572916217e-12
2.49439990234375 1.0873060008185904e-13
2.49539990234375 1.2478810089312192e-12
2.49639990234375 8.515660548972406e-13
2.49739990234375 2.6070148342896103e-13
2.49839990234375 2.973398701590388e-13
2.49939990234375 5.536347976989595e-13
2.50039990234375 3.382957143759146e-13
2.50139990234375 9.819924201827452e-13
2.50239990234375 2.0960674824988355e-13
2.50339990234375 5.004516851698318e-13
2.50439990234375 9.112079904427698e-14
2.50539990234375 4.54476270163707e-13
2.50639990234375 4.730069363682773e-13
2.50739990234375 1.7692552264782638e-13
2.50839990234375 2.858454455116297e-13
2.50939990234375 7.153500528440774e-14
2.51039990234375 4.3779390116110054e-13
2.51139990234375 1.5814540796063995e-14
2.51239990234375 7.107272424599308e-14
2.51339990234375 1.9088135584862014e-13
2.51439990234375 6.719252122059093e-14
2.51539990234375 1.5290284175344708e-13
2.51639990234375 3.765906970973748e-14
2.51739990234375 1.5404088326861137e-13
2.51839990234375 4.3661318400580024e-14
2.51939990234375 6.389023288660506e-14
2.52039990234375 1.449535826266096e-13
2.52139990234375 5.0807956214568603e-14
2.52239990234375 4.371448606734854e-14
2.52339990234375 2.2421687105388907e-14
2.52439990234375 6.40716094088304e-14
2.52539990234375 1.4485039071736658e-19
2.52639990234375 4.204213518183583e-14
2.52739990234375 5.505020777247557e-15
2.52839990234375 4.128466511052189e-14
2.52939990234375 2.6446927648294558e-14
2.53039990234375 2.2661117562917538e-14
2.53139990234375 1.5651726210749975e-14
2.53239990234375 2.4532440641262565e-14
2.53339990234375 4.8338938202186736e-14
2.53439990234375 5.62747282706844e-20
2.53539990234375 9.816505921118195e-16
2.53639990234375 1.4708236214174234e-14
2.53739990234375 1.237958666648607e-14
2.53839990234375 1.2018704218881997e-14
2.53939990234375 4.276895567223367e-15
2.54039990234375 7.305003189278544e-15
2.54139990234375 2.3891173218874745e-15
2.54239990234375 9.690684013210393e-15
2.54339990234375 2.2103403480171333e-20
2.54439990234375 6.203384769862305e-15
2.54539990234375 1.9628831308470495e-15
2.54639990234375 1.9848807938790396e-15
2.54739990234375 6.325009927440195e-15
2.54839990234375 1.5798473203756085e-15
2.54939990234375 5.35738356370338e-15
2.55039990234375 1.0607313210222371e-20
2.55139990234375 8.375099128999007e-17
2.55239990234375 8.065351442717102e-15
2.55339990234375 1.414539667815481e-15
2.55439990234375 6.751981626935006e-21
2.55539990234375 3.8113520470888906e-15
2.55639990234375 4.158752750267904e-16
2.55739990234375 8.381048434800944e-17
2.55839990234375 3.980226083270478e-15
2.55939990234375 2.388075484450126e-16
2.56039990234375 1.2242500507008289e-15
2.56139990234375 2.7447191932764962e-15
2.56239990234375 1.0548829498142747e-15
2.56339990234375 5.354242387421186e-16
2.56439990234375 7.638048377719023e-16
2.56539990234375 3.9917853006243783e-16
2.56639990234375 2.416553586496156e-16
2.56739990234375 1.3515296410112473e-15
2.56839990234375 8.121630513499078e-16
2.56939990234375 1.938403642475176e-16
2.57039990234375 6.520474941520736e-16
2.57139990234375 3.019951206157711e-16
2.57239990234375 6.692088765239652e-16
2.57339990234375 7.962294796372477e-16
2.57439990234375 5.616337704718263e-16
2.57539990234375 4.923526261948356e-16
2.57639990234375 8.118922599283354e-16
2.57739990234375 4.733167761883245e-22
2.57839990234375 2.1159629028539058e-16
2.57939990234375 1.9775938842301325e-16
2.58039990234375 2.930567386212803e-16
2.58139990234375 1.8407446545672084e-16
2.58239990234375 2.5977718949867335e-22
2.58339990234375 3.7695095343245377e-16
2.58439990234375 2.9480172897536623e-17
2.58539990234375 2.845801452639972e-17
2.58639990234375 9.284868804279109e-17
2.58739990234375 5.81807125793584e-17
2.58839990234375 1.1224679571207813e-17
2.58939990234375 4.291773512210592e-17
2.59039990234375 7.860468201164451e-17
2.59139990234375 3.7801851726202133e-17
2.59239990234375 8.232129653572765e-18
2.59339990234375 1.17707300279733e-17
2.59439990234375 2.0860933693987967e-17
2.59539990234375 3.3919860975046524e-18
2.59639990234375 3.8182878887047675e-18
2.59739990234375 4.568555108047566e-17
2.59839990234375 1.677021757626188e-17
2.59939990234375 1.7189027921421611e-23
2.60039990234375 8.83186927677761e-18
