Wavelength_microns Throughput
0.5505 7.142731093821819e-13
0.5515 8.039009573274753e-13
0.5525 9.671295934624183e-11
0.5535 2.797987081708555e-10
0.5545 1.0656751165045065e-12
0.5555 1.1335013684890235e-12
0.5565 5.216867721883317e-10
0.5575 1.0443445863102772e-09
0.5585 7.56071237270937e-10
0.5595 6.79358531813415e-10
0.5605 2.7582405554998324e-10
0.5615 1.1769996193376985e-10
0.5625 2.347260738176434e-10
0.5635 1.1887465935361799e-12
0.5645 1.4672313826348682e-12
0.5655 1.7937096561719032e-12
0.5665 2.096601041789142e-12
0.5675 4.42452708758117e-10
0.5685 2.566194686988565e-12
0.5695 2.737522327549273e-12
0.5705 7.870697815612373e-10
0.5715 4.377939231347566e-09
0.5725 2.498492579379798e-09
0.5735 4.674731988886582e-09
0.5745 5.479014175534694e-09
0.5755 4.624919314694245e-09
0.5765 4.581349393960601e-09
0.5775 2.55756345828983e-12
0.5785 2.403677633039466e-12
0.5795 2.3321404437748597e-12
0.5805 2.429785328235523e-12
0.5815 1.1993462402647977e-09
0.5825 1.9439799198703583e-09
0.5835 5.846376020397717e-10
0.5845 4.396769030119592e-12
0.5855 1.1999403556500547e-09
0.5865 4.278859790951472e-09
0.5875 1.2025309188629646e-08
0.5885 1.0436764847972754e-09
0.5895 6.956457381469533e-09
0.5905 3.764424038652063e-09
0.5915 3.845790055685732e-09
0.5925 4.890071450259252e-09
0.5935 8.821833549915148e-12
0.5945 9.125155661808651e-12
0.5955 3.417109507392523e-09
0.5965 9.543852119647143e-12
0.5975 7.965743470667433e-10
0.5985 1.2400254645079191e-08
0.5995 9.945409743430672e-12
0.6005 1.858750339739073e-08
0.6015 1.9786167103522987e-09
0.6025 7.737930590918899e-09
0.6035 5.751465272084423e-09
0.6045 2.7939093862939863e-09
0.6055 5.913442279038918e-09
0.6065 9.3501845850623e-09
0.6075 1.498944643032923e-08
0.6085 3.4919445271576316e-09
0.6095 2.43379444278198e-09
0.6105 1.2096281641997253e-11
0.6115 1.0894500754423747e-08
0.6125 2.505166542893022e-09
0.6135 1.3679029226693132e-08
0.6145 1.0094568623905182e-08
0.6155 1.218028142537496e-08
0.6165 1.1639707795739906e-08
0.6175 1.980974638048085e-08
0.6185 2.5716984615740277e-08
0.6195 1.1734186279849057e-08
0.6205 2.072640616130138e-08
0.6215 1.3289320518570321e-08
0.6225 1.6367660529077047e-08
0.6235 3.250641210029253e-08
0.6245 4.065294030282272e-08
0.6255 3.819415686708816e-09
0.6265 2.4048501036583153e-08
0.6275 3.517855343875919e-08
0.6285 3.696070719738431e-08
0.6295 1.505958982156371e-11
0.6305 1.5967276364309425e-08
0.6315 5.112028363602412e-08
0.6325 2.4217631492142293e-08
0.6335 4.70002942993685e-08
0.6345 4.343549620644933e-08
0.6355 7.677290395718925e-08
0.6365 4.944726326171183e-08
0.6375 8.488773629248101e-08
0.6385 5.7238634514541364e-08
0.6395 1.1433523233889254e-07
0.6405 8.178526215778858e-08
0.6415 7.988879428450696e-08
0.6425 7.104813293015697e-08
0.6435 1.257205461104911e-07
0.6445 1.379649096509593e-07
0.6455 1.7462239299182712e-07
0.6465 2.0866528855855714e-07
0.6475 2.2351857658918593e-07
0.6485 2.3126553345831862e-07
0.6495 3.2498160555780755e-07
0.6505 3.0142731790809013e-07
0.6515 3.927785083268431e-07
0.6525 2.929836752434241e-07
0.6535 3.763946673896406e-07
0.6545 4.1102333848495333e-07
0.6555 4.486209246682327e-07
0.6565 5.096897036666509e-07
0.6575 5.039257704172918e-07
0.6585 5.800473385598396e-07
0.6595 5.521650509081967e-07
0.6605 5.634198238761203e-07
0.6615 5.712336464376909e-07
0.6625 5.482154019532527e-07
0.6635 5.623327941514986e-07
0.6645 6.002113812213062e-07
0.6655 6.896546553813179e-07
0.6665 8.272965465704427e-07
0.6675 8.716143860726495e-07
0.6685 9.664796262699252e-07
0.6695 1.033711922801741e-06
0.6705 1.0012645236957563e-06
0.6715 1.0632580552825751e-06
0.6725 1.0706210086859221e-06
0.6735 1.0985011722474805e-06
0.6745 9.866673437750758e-07
0.6755 8.825985722928971e-07
0.6765 7.009742588848116e-07
0.6775 6.53587972080105e-07
0.6785 5.107043973232191e-07
0.6795 4.137042646911097e-07
0.6805 3.2481500712384555e-07
0.6815 1.9663038832564384e-07
0.6825 1.643390528497457e-07
0.6835 1.6116797242502402e-07
0.6845 8.379323097257185e-08
0.6855 1.0856030131649568e-07
0.6865 1.2036522264103805e-07
0.6875 9.335659155591064e-08
0.6885 1.4413103186900055e-07
0.6895 1.517736059174781e-07
0.6905 2.71015229021025e-07
0.6915 3.3384892837578216e-07
0.6925 2.919687665325629e-07
0.6935 3.274467752815276e-07
0.6945 2.1865973744968751e-07
0.6955 2.2041449477641514e-07
0.6965 1.955984991762749e-07
0.6975 2.1297545759636525e-07
0.6985 2.438939976430834e-07
0.6995 2.976326388442617e-07
0.7005 2.7569256489625317e-07
0.7015 1.9597716745861935e-07
0.7025 2.3295805773212616e-07
0.7035 2.870070626407542e-07
0.7045 3.4079101800260585e-07
0.7055 4.3714822534888677e-07
0.7065 4.640433189078615e-07
0.7075 5.410593543847825e-07
0.7085 4.383850590662631e-07
0.7095 4.367665441823366e-07
0.7105 2.978456585755628e-07
0.7115 2.937909096408687e-07
0.7125 1.9500526556733973e-07
0.7135 1.8810600804793532e-07
0.7145 1.6986447539665165e-07
0.7155 1.2002296244987723e-07
0.7165 1.1902679772316219e-07
0.7175 1.5396122741828553e-07
0.7185 1.4550319192456593e-07
0.7195 1.6679794954830566e-07
0.7205 2.723775370977416e-07
0.7215 2.9022806366007397e-07
0.7225 1.6703154006859496e-07
0.7235 1.5240549421341457e-07
0.7245 7.25841421464495e-08
0.7255 8.709058614293432e-08
0.7265 1.6761585451403933e-08
0.7275 2.070291776247909e-09
0.7285 7.801975799665986e-09
0.7295 3.055513870206681e-08
0.7305 9.698737143000157e-08
0.7315 4.1652496036745825e-08
0.7325 2.409502521316667e-11
0.7335 4.1805453268890594e-08
0.7345 3.441623741669074e-08
0.7355 1.2400368681682215e-08
0.7365 3.305984921377955e-08
0.7375 8.757693460189163e-09
0.7385 6.20164084867516e-08
0.7395 2.8533803495102152e-09
0.7405 2.4800718018576194e-11
0.7415 1.8071449333176794e-08
0.7425 4.372965346962296e-08
0.7435 1.4627560072711582e-08
0.7445 3.690279969934134e-08
0.7455 3.0434421558618816e-08
0.7465 2.5303825044771687e-11
0.7475 2.1208540766356438e-08
0.7485 1.7821461633787492e-08
0.7495 3.0472036081887845e-08
0.7505 1.1163056505703058e-07
0.7515 8.724592922769769e-09
0.7525 9.907097114960207e-08
0.7535 3.3895417803750626e-08
0.7545 3.343085818733462e-08
0.7555 2.5937257048361922e-11
0.7565 2.5988591894989748e-11
0.7575 1.5777398118032282e-08
0.7585 9.257863978975507e-08
0.7595 1.2719504098104577e-08
0.7605 3.8705407471148235e-08
0.7615 1.870124668619889e-08
0.7625 5.45833213197509e-08
0.7635 4.590795141864547e-08
0.7645 6.8907641224415e-08
0.7655 7.83144410620579e-08
0.7665 6.025762932594601e-08
0.7675 2.6588066633889235e-11
0.7685 3.410996382535447e-08
0.7695 6.921491559212803e-08
0.7705 4.774441959421814e-09
0.7715 8.589994018465915e-09
0.7725 5.6321404113024154e-08
0.7735 5.89340561170163e-08
0.7745 4.379363142411573e-08
0.7755 5.792019253672876e-08
0.7765 2.8447508246669583e-08
0.7775 8.962833975091422e-08
0.7785 2.719812414254088e-11
0.7795 2.1007388144335157e-08
0.7805 5.3327196774232174e-08
0.7815 4.9941969524585753e-08
0.7825 1.382384016160767e-07
0.7835 1.986768590061396e-07
0.7845 3.1079974567936757e-07
0.7855 1.2659120390348485e-07
0.7865 2.2923768410384753e-07
0.7875 1.4369285283719933e-07
0.7885 1.282954808644357e-07
0.7895 1.0712457661930988e-07
0.7905 9.716408205929632e-08
0.7915 1.3497179268360033e-07
0.7925 3.1211209217104276e-08
0.7935 1.5919521915754857e-07
0.7945 6.266463450924471e-08
0.7955 1.9879890685266342e-07
0.7965 5.66073268238344e-08
0.7975 7.191970917168678e-08
0.7985 2.415392813933093e-07
0.7995 3.0092552842206135e-09
0.8005 4.753642673654044e-08
0.8015 2.6850595876982523e-08
0.8025 5.403333905904649e-08
0.8035 6.860225531218039e-08
0.8045 7.071658516600795e-08
0.8055 3.9547304673513e-08
0.8065 6.551137900285213e-08
0.8075 2.071225440095139e-08
0.8085 5.3597278625678406e-08
0.8095 3.9695256544040455e-08
0.8105 3.001945958515655e-08
0.8115 5.171423313717006e-08
0.8125 2.743450881971607e-08
0.8135 6.41893247818344e-08
0.8145 1.0436669615580296e-08
0.8155 7.280672033933879e-08
0.8165 4.927520076127555e-08
0.8175 7.00146977556588e-08
0.8185 1.0466539448482336e-07
0.8195 4.855991237004325e-08
0.8205 4.580994463537803e-08
0.8215 5.739121250918509e-08
0.8225 8.476898110018373e-08
0.8235 5.1558099715969845e-08
0.8245 9.641914731307729e-08
0.8255 9.877515081961683e-08
0.8265 3.767550052600375e-08
0.8275 5.2357662598960604e-08
0.8285 6.650377276197704e-08
0.8295 9.312276584369888e-09
0.8305 3.476741450934996e-08
0.8315 7.497081664214006e-08
0.8325 7.496440600045226e-08
0.8335 6.318832436862795e-08
0.8345 5.8660312076853196e-08
0.8355 6.740838109604403e-08
0.8365 1.1029071553527251e-07
0.8375 1.2601667170468489e-07
0.8385 1.498169853819924e-07
0.8395 8.831168778722229e-08
0.8405 6.434578124131521e-08
0.8415 1.2465970918165567e-07
0.8425 1.385987952936046e-07
0.8435 9.833409947584191e-08
0.8445 3.860799782118043e-08
0.8455 7.99926484431533e-08
0.8465 1.0948949090978336e-07
0.8475 1.0266853605404191e-07
0.8485 1.3454974959158082e-07
0.8495 7.391160299739002e-08
0.8505 1.1625874741934497e-07
0.8515 1.4821172956799986e-07
0.8525 9.62783295791837e-08
0.8535 1.1294873311224756e-07
0.8545 1.305737739580119e-07
0.8555 9.596757936341498e-08
0.8565 5.191372451140775e-08
0.8575 1.7718608350861998e-07
0.8585 1.5084486900116906e-07
0.8595 1.4374733942128058e-07
0.8605 1.1166220703968907e-07
0.8615 6.120746823733726e-09
0.8625 1.1502146686643952e-07
0.8635 2.106294442346429e-07
0.8645 1.8239252536404365e-07
0.8655 1.5131570843308782e-07
0.8665 9.303169282582466e-08
0.8675 8.04948461119454e-08
0.8685 5.304118296167201e-08
0.8695 7.818940090612168e-08
0.8705 3.0709967639960085e-11
0.8715 7.330806897332868e-08
0.8725 3.080394225555168e-11
0.8735 3.0819364670501565e-11
0.8745 3.0836781383821585e-11
0.8755 8.465411906480741e-08
0.8765 3.088175589555886e-11
0.8775 1.0428740768771519e-07
0.8785 2.8919420158559406e-07
0.8795 3.464013472599275e-07
0.8805 3.095520518201062e-11
0.8815 3.0946475983159826e-11
0.8825 3.5669772790886966e-07
0.8835 8.409444137871662e-08
0.8845 7.677098306018174e-08
0.8855 2.9120905657550504e-07
0.8865 3.041710263940551e-07
0.8875 2.4225731850464774e-07
0.8885 6.56383625337451e-07
0.8895 4.3841134975829004e-07
0.8905 8.258863966345681e-09
0.8915 6.355464500082758e-07
0.8925 3.138201887120768e-11
0.8935 8.858897827714147e-07
0.8945 3.1414573472709946e-11
0.8955 3.138628728989521e-11
0.8965 7.938049367230676e-07
0.8975 3.131805416594783e-11
0.8985 1.4379041456565561e-06
0.8995 3.1455774035703174e-11
0.9005 1.303556784061431e-07
0.9015 3.914007067959394e-08
0.9025 1.1383218491050961e-07
0.9035 2.0102571543362233e-08
0.9045 7.355523111103432e-08
0.9055 3.039196365518691e-08
0.9065 8.502627364445477e-08
0.9075 1.3584021280674272e-07
0.9085 1.3695367048078738e-07
0.9095 9.56709701049884e-08
0.9105 5.947450171961731e-08
0.9115 9.70752807058925e-08
0.9125 1.1882669018347582e-07
0.9135 1.8235698590659313e-08
0.9145 1.1245256875709581e-07
0.9155 1.8817499497882421e-07
0.9165 8.163298147146656e-08
0.9175 1.308561079686921e-07
0.9185 8.294777926380758e-08
0.9195 1.3160797670884885e-07
0.9205 1.1706699644074813e-07
0.9215 7.111827982806825e-08
0.9225 1.58366056465884e-07
0.9235 1.1525905769751132e-07
0.9245 1.2189432999588914e-07
0.9255 1.7128112420177435e-07
0.9265 1.1875654357710845e-07
0.9275 1.6040861667600093e-07
0.9285 1.4774107837165963e-07
0.9295 7.729577264189908e-08
0.9305 1.810653628574191e-07
0.9315 2.4277901557985486e-07
0.9325 2.446614115720182e-07
0.9335 1.2599730795139412e-07
0.9345 2.1401133372457262e-07
0.9355 2.4742617938710046e-07
0.9365 1.476853108691864e-07
0.9375 2.1475444833290354e-07
0.9385 2.2616084644634606e-07
0.9395 2.4167142359515366e-07
0.9405 1.9871645316186473e-07
0.9415 2.470450681038622e-07
0.9425 1.6018922286304655e-07
0.9435 1.8105530299955498e-07
0.9445 1.5179133148707827e-07
0.9455 2.16595220622569e-07
0.9465 2.067623703458464e-07
0.9475 1.5749800404720429e-07
0.9485 1.1526853407345253e-07
0.9495 2.2914187876491684e-07
0.9505 2.3841157470178108e-07
0.9515 2.327516045496051e-07
0.9525 1.4849418960789316e-07
0.9535 2.545412977116211e-07
0.9545 2.244956579372704e-07
0.9555 2.522610220889541e-07
0.9565 3.0682709766870404e-07
0.9575 2.328297375889351e-07
0.9585 2.3180491542795364e-07
0.9595 2.5439060561702445e-07
0.9605 3.37094359089413e-07
0.9615 2.7054974174562305e-07
0.9625 2.0118678820561578e-07
0.9635 2.2511122887916418e-07
0.9645 2.4174720579884877e-07
0.9655 1.3958346442497808e-07
0.9665 2.1654412074026918e-07
0.9675 2.054212833609934e-07
0.9685 2.6509029137558383e-07
0.9695 2.279760079355719e-07
0.9705 1.845651948522322e-07
0.9715 3.16088131484191e-07
0.9725 2.722565298257246e-07
0.9735 2.4743933269506243e-07
0.9745 2.789505258381665e-07
0.9755 3.1606187617102105e-07
0.9765 2.1979754913320279e-07
0.9775 2.224187492635749e-07
0.9785 2.749735510321127e-07
0.9795 2.2798391651990268e-07
0.9805 1.7758506585549762e-07
0.9815 1.1306824521337807e-07
0.9825 2.1588294670011854e-07
0.9835 1.9264513836564532e-07
0.9845 2.246048929718857e-07
0.9855 1.3908649882443277e-07
0.9865 1.596692046189628e-07
0.9875 1.9181998893703628e-07
0.9885 2.241699082551404e-07
0.9895 2.913463956462788e-07
0.9905 1.4280591823077286e-07
0.9915 2.4116051952035415e-07
0.9925 2.9597894109140767e-07
0.9935 2.4772800094259177e-07
0.9945 1.9696843576068406e-07
0.9955 2.1453560880801222e-07
0.9965 2.2978742007706047e-07
0.9975 2.5824240540460266e-07
0.9985 2.557289801811241e-07
0.9995 2.3511875414605996e-07
1.0005 2.461312257094741e-07
1.0015 5.430021348112576e-07
1.0025 2.6236806193854596e-07
1.0035 2.2208080631598456e-07
1.0045 3.8766940714319526e-07
1.0055 2.120116760720784e-08
1.0065 1.5458838952878258e-08
1.0075 1.0836074913884316e-07
1.0085 9.948433832061726e-07
1.0095 3.720036007066889e-07
1.0105 2.777857434086267e-07
1.0115 1.214516517604329e-07
1.0125 8.866376339312139e-07
1.0135 1.313047509953142e-06
1.0145 8.061254725185723e-07
1.0155 3.269526615027654e-11
1.0165 3.2673505664437896e-11
1.0175 2.585011038773124e-07
1.0185 1.0098482640654905e-06
1.0195 3.266617491634848e-11
1.0205 1.0611763018709519e-06
1.0215 2.506672479185173e-07
1.0225 2.662545704708896e-07
1.0235 3.1216059207683057e-06
1.0245 8.086175790069318e-07
1.0255 1.3575321153365866e-07
1.0265 1.5860707891153608e-06
1.0275 3.668343916484169e-07
1.0285 1.3874228043366344e-06
1.0295 3.293307543630726e-11
1.0305 3.381283637364084e-07
1.0315 5.438303506413137e-07
1.0325 2.342307683666785e-06
1.0335 3.3271474187565705e-08
1.0345 3.5149995894390503e-07
1.0355 4.5575103662499256e-07
1.0365 2.3864784783904766e-07
1.0375 5.761783033111012e-07
1.0385 8.604239699199979e-07
1.0395 3.3624758300934824e-11
1.0405 3.986249776384144e-07
1.0415 3.371012675334789e-11
1.0425 1.727856905659114e-07
1.0435 9.577315196305127e-07
1.0445 2.7001894226448e-07
1.0455 5.486634995343792e-07
1.0465 7.102150880731753e-07
1.0475 1.2228874945951378e-06
1.0485 1.1083205701057842e-06
1.0495 3.98611425699158e-07
1.0505 6.122430472384886e-07
1.0515 7.458861118418878e-07
1.0525 4.446184008878299e-07
1.0535 1.0335775593932492e-07
1.0545 1.138381470698105e-06
1.0555 1.3040716521697069e-06
1.0565 3.2279431589466593e-07
1.0575 4.800983319010967e-07
1.0585 1.2952408859800657e-06
1.0595 1.2665709803178235e-06
1.0605 1.701111287928141e-07
1.0615 4.0661438790566255e-07
1.0625 7.071852479221233e-07
1.0635 2.4681602392915405e-06
1.0645 4.7605976494975934e-07
1.0655 2.8061756292716e-07
1.0665 6.190382224377996e-07
1.0675 1.110664402385101e-06
1.0685 5.83702476830868e-07
1.0695 1.437785612163266e-06
1.0705 2.304925713998428e-06
1.0715 6.901505827615899e-07
1.0725 1.732008981788868e-07
1.0735 9.675476247718778e-07
1.0745 2.7175835200437736e-07
1.0755 1.2399490205753994e-06
1.0765 1.4643221976461577e-06
1.0775 1.0793200342484767e-06
1.0785 3.4726208852604107e-11
1.0795 2.781397777805538e-07
1.0805 1.2829295594119272e-06
1.0815 1.4093643879652896e-06
1.0825 5.586208297042709e-08
1.0835 6.496543172808352e-07
1.0845 7.96581011966195e-07
1.0855 5.290557472090256e-07
1.0865 1.0031959499691103e-06
1.0875 6.116791992721472e-07
1.0885 1.0401285477365188e-06
1.0895 5.259732998731807e-07
1.0905 2.0568195240689516e-07
1.0915 1.1937071363588965e-06
1.0925 6.332311024302763e-07
1.0935 7.120696084894817e-08
1.0945 3.1685644244406375e-07
1.0955 9.85616388805775e-07
1.0965 7.807732053925645e-07
1.0975 1.6559466887348282e-06
1.0985 4.2670148380418955e-07
1.0995 6.663157302991806e-08
1.1005 1.1280782975055726e-06
1.1015 1.149667643870978e-06
1.1025 4.809248941335044e-07
1.1035 6.829638040852363e-08
1.1045 9.05600299474395e-07
1.1055 1.6833749132964728e-06
1.1065 5.539441596819542e-07
1.1075 1.0680725853060243e-06
1.1085 1.7233656533857531e-06
1.1095 5.027832111573845e-07
1.1105 1.0045352445314535e-06
1.1115 7.726381374240326e-07
1.1125 2.886919569716612e-07
1.1135 1.149318144765593e-06
1.1145 7.644525268472567e-07
1.1155 8.79280007358545e-07
1.1165 3.475816297039765e-07
1.1175 2.101283071256762e-06
1.1185 1.9256195073386964e-07
1.1195 4.6014096514771894e-07
1.1205 3.170025594910871e-07
1.1215 3.351423165439168e-07
1.1225 6.802923066949775e-07
1.1235 1.3966995279943097e-06
1.1245 7.507542713371894e-07
1.1255 4.688299402025072e-07
1.1265 1.4099671351552026e-06
1.1275 2.0099772552757653e-07
1.1285 2.7805320584431663e-07
1.1295 4.850572145342235e-07
1.1305 2.6469722296032134e-07
1.1315 5.287783872033998e-07
1.1325 6.047285437936375e-07
1.1335 7.631037825612103e-07
1.1345 4.791334954039936e-07
1.1355 3.666698295849323e-11
1.1365 1.0278371164472602e-06
1.1375 3.112446651754875e-07
1.1385 6.976995941387197e-07
1.1395 2.2773950600302235e-07
1.1405 1.1113586220802345e-06
1.1415 3.116644545700846e-07
1.1425 1.6404277922309471e-06
1.1435 9.445747618822929e-08
1.1445 8.34218640464811e-07
1.1455 1.1808347217560666e-08
1.1465 3.7617377025668034e-11
1.1475 1.8938363297503854e-07
1.1485 1.0138540982258513e-06
1.1495 1.3169170721769515e-07
1.1505 3.786752048693746e-11
1.1515 6.068115488940045e-07
1.1525 8.306760647577063e-07
1.1535 9.575202166663096e-07
1.1545 1.1244187326361223e-06
1.1555 9.399591188026897e-08
1.1565 7.916744748898983e-07
1.1575 6.092944223207742e-07
1.1585 3.680836549912228e-07
1.1595 2.662587392631786e-07
1.1605 7.20028106474962e-07
1.1615 5.154862148026916e-07
1.1625 1.9601386670885374e-08
1.1635 2.56417169722531e-07
1.1645 3.839677447608071e-11
1.1655 3.406317864503729e-07
1.1665 8.595393658108963e-07
1.1675 4.95291652977181e-07
1.1685 7.193852731950002e-07
1.1695 1.1220551877533327e-06
1.1705 2.529075001289804e-07
1.1715 8.002145775343749e-07
1.1725 1.0950337483580975e-06
1.1735 9.911731040588457e-07
1.1745 4.2118107020089015e-07
1.1755 5.842907096551712e-07
1.1765 3.6549699257937864e-08
1.1775 7.775540671928736e-08
1.1785 7.872609169433464e-07
1.1795 6.449468530697562e-07
1.1805 1.0141372684481256e-06
1.1815 3.865278078240024e-11
1.1825 1.9281963192634306e-07
1.1835 1.1028132044160417e-06
1.1845 6.2469184356591e-07
1.1855 6.310005805001171e-07
1.1865 2.990094712273932e-07
1.1875 5.650859824783943e-07
1.1885 2.1866352011041377e-07
1.1895 3.4008294395203654e-07
1.1905 6.650480958077653e-08
1.1915 5.90839728916032e-07
1.1925 5.312002260901942e-07
1.1935 3.727177164427575e-07
1.1945 1.841101917434565e-07
1.1955 5.510139327341767e-07
1.1965 3.473933994810081e-07
1.1975 3.840119344331099e-11
1.1985 3.0067339339383213e-07
1.1995 1.5828494594905245e-06
1.2005 8.563282981697878e-07
1.2015 3.847144119449253e-11
1.2025 2.6445754291474704e-07
1.2035 1.1412615846230417e-07
1.2045 2.568912473127273e-07
1.2055 8.526712824732736e-07
1.2065 9.71991439475958e-07
1.2075 6.070649273280763e-07
1.2085 6.078030263426483e-07
1.2095 5.379748060166843e-07
1.2105 1.5069962716508854e-06
1.2115 1.5618430416503096e-07
1.2125 7.385542349976536e-07
1.2135 8.001588472168723e-07
1.2145 2.4069121386288737e-07
1.2155 8.550583053473464e-07
1.2165 1.9915436864024385e-07
1.2175 9.436292569107424e-07
1.2185 2.882636006529541e-07
1.2195 7.100868487704922e-08
1.2205 2.485627128132737e-07
1.2215 6.382340632474736e-07
1.2225 2.1611413598479689e-07
1.2235 3.154814868975963e-07
1.2245 2.1609993139079082e-07
1.2255 3.955664484176957e-11
1.2265 2.112805693409206e-06
1.2275 1.2964611317670916e-07
1.2285 2.1823867794795755e-07
1.2295 3.9667600102944535e-11
1.2305 9.200514774109233e-07
1.2315 3.43602687282862e-07
1.2325 8.625745286943457e-07
1.2335 3.974659012924614e-11
1.2345 1.0146711143378033e-06
1.2355 5.900125524071694e-07
1.2365 7.237375660425112e-07
1.2375 4.236256813422077e-07
1.2385 5.7898417890048626e-08
1.2395 4.453952519356247e-07
1.2405 1.1512707224363086e-06
1.2415 1.929612718969484e-07
1.2425 6.507098342526847e-07
1.2435 1.8888270243976218e-07
1.2445 6.594915247413916e-07
1.2455 4.206736714453511e-07
1.2465 2.916017446025154e-08
1.2475 9.086851378583827e-07
1.2485 8.332298637630268e-07
1.2495 3.320800032489741e-07
1.2505 2.1634935199831208e-07
1.2515 5.50172424417649e-07
1.2525 3.470397179679782e-07
1.2535 1.2228672713257305e-07
1.2545 3.738666790082693e-07
1.2555 4.3649447334464144e-07
1.2565 1.1931110368916244e-06
1.2575 3.046452594427877e-07
1.2585 4.0182820744042734e-11
1.2595 1.7122388838923069e-06
1.2605 3.09171881678513e-07
1.2615 4.022404339533208e-11
1.2625 1.436669275444968e-06
1.2635 2.391090347605794e-07
1.2645 7.349711425758883e-07
1.2655 3.049222069902119e-07
1.2665 4.0990674186198867e-07
1.2675 1.053709068892925e-06
1.2685 1.53615854965249e-07
1.2695 1.2161676106627621e-06
1.2705 2.772840030117756e-07
1.2715 4.02561371391349e-11
1.2725 1.6641316213462186e-07
1.2735 4.026028577106697e-11
1.2745 4.4839048785334226e-07
1.2755 1.337644420433614e-06
1.2765 1.1420473412810637e-07
1.2775 4.865478814486464e-07
1.2785 3.440105273585057e-07
1.2795 4.877427470022313e-07
1.2805 5.146842157434434e-07
1.2815 3.7379570680725084e-07
1.2825 3.1059163763548275e-07
1.2835 4.056163746492911e-08
1.2845 1.4225669820971232e-06
1.2855 4.799161559150197e-07
1.2865 9.570031228927342e-08
1.2875 5.835264896866666e-07
1.2885 2.477027054439526e-07
1.2895 1.5205391539175789e-06
1.2905 1.681672443133682e-07
1.2915 7.203443552340701e-07
1.2925 2.9242172448762546e-07
1.2935 5.461043315950363e-07
1.2945 1.2502793407209173e-06
1.2955 1.2206709553576936e-07
1.2965 8.924172373189843e-07
1.2975 1.841444958764933e-06
1.2985 1.663030613966492e-07
1.2995 5.402539029117686e-07
1.3005 7.363200163261515e-07
1.3015 7.517859043379704e-07
1.3025 1.3642992987007158e-06
1.3035 6.278349911683808e-07
1.3045 9.55505902375724e-07
1.3055 4.3731806711208965e-07
1.3065 6.644321815024477e-07
1.3075 2.264787930706463e-07
1.3085 1.275125983711588e-06
1.3095 1.934030074069903e-06
1.3105 6.929936503168835e-08
1.3115 6.59869036848865e-07
1.3125 1.2218510721529314e-07
1.3135 8.090007522674774e-07
1.3145 8.778610076850054e-07
1.3155 2.3949989577551635e-07
1.3165 1.0847827958708009e-07
1.3175 9.398731389919126e-07
1.3185 1.2933539273519249e-06
1.3195 1.2335102406085604e-06
1.3205 9.53727090546121e-07
1.3215 7.89399899302731e-07
1.3225 1.3087577584538379e-06
1.3235 1.255373551991814e-06
1.3245 1.0262831267203935e-06
1.3255 1.0639673416156546e-06
1.3265 4.1265061348322714e-11
1.3275 2.073622098635991e-06
1.3285 5.160139153843643e-07
1.3295 9.039861290230992e-07
1.3305 1.2371478762177324e-06
1.3315 6.411074508346116e-07
1.3325 6.920728645395116e-07
1.3335 9.654802948536754e-07
1.3345 3.6541034724840663e-07
1.3355 1.4161454340903692e-07
1.3365 4.274144599067189e-07
1.3375 7.788284523957058e-07
1.3385 9.679883849306189e-07
1.3395 1.5725155417598018e-06
1.3405 1.3495807833962035e-06
1.3415 1.1869104672844724e-06
1.3425 1.2858081505832251e-06
1.3435 1.051458467435212e-06
1.3445 6.900863311113393e-07
1.3455 6.0140431262559e-07
1.3465 1.0476446422250237e-06
1.3475 1.835825594717793e-07
1.3485 1.088014385668701e-06
1.3495 3.4957334942518624e-07
1.3505 2.1468247208102972e-07
1.3515 1.833212995549576e-06
1.3525 4.924338487174377e-07
1.3535 6.343965898105292e-07
1.3545 5.263411612461088e-07
1.3555 7.432319089152104e-07
1.3565 6.838438888718539e-07
1.3575 1.066043142209673e-06
1.3585 4.122689718243171e-07
1.3595 9.05635566245591e-07
1.3605 1.2353773024119385e-06
1.3615 2.8271481315437177e-07
1.3625 9.403131482933836e-07
1.3635 5.409890901472361e-07
1.3645 8.431516538793786e-08
1.3655 1.1346409700366976e-06
1.3665 2.0601358864896858e-07
1.3675 4.841820346865203e-07
1.3685 7.326345300195867e-07
1.3695 4.423939971445453e-07
1.3705 8.509113727064259e-07
1.3715 5.6434597702290775e-08
1.3725 5.391728965252557e-07
1.3735 4.2820479468641153e-07
1.3745 7.438181849980047e-08
1.3755 2.503094039449174e-07
1.3765 6.375034380572495e-07
1.3775 2.2762592607435786e-06
1.3785 1.8129135384846469e-07
1.3795 3.0135384060129703e-07
1.3805 1.1616839647098702e-06
1.3815 2.3593088792605708e-07
1.3825 1.0372469876732085e-06
1.3835 4.2126959449885476e-11
1.3845 1.9445931627005195e-06
1.3855 1.0032714499524704e-06
1.3865 4.984997850723074e-07
1.3875 6.040688255497268e-07
1.3885 6.611526152141247e-07
1.3895 7.186031309782699e-07
1.3905 8.174210434122915e-07
1.3915 4.3552541372776316e-07
1.3925 7.241128747859516e-07
1.3935 1.541067233562034e-06
1.3945 4.92827185435497e-07
1.3955 2.344839227007186e-07
1.3965 8.212362463114149e-07
1.3975 1.8652863663662791e-06
1.3985 4.228124069238513e-11
1.3995 9.655157500459547e-08
1.4005 2.0924205632350544e-06
1.4015 1.1813690060727617e-07
1.4025 1.1360069550985596e-06
1.4035 1.325501942943471e-06
1.4045 7.189562629147014e-07
1.4055 1.190541144432517e-06
1.4065 1.8226606165801822e-07
1.4075 3.453780603067313e-07
1.4085 1.7727337001881818e-06
1.4095 2.02533493257291e-06
1.4105 2.433212781781913e-07
1.4115 7.490009103154022e-07
1.4125 1.0743577163913974e-06
1.4135 5.108686785210511e-07
1.4145 2.6642778251453745e-07
1.4155 2.6960810872835506e-06
1.4165 6.652882420996027e-07
1.4175 3.900569893753398e-07
1.4185 1.1605942973021126e-06
1.4195 6.365297130402456e-07
1.4205 2.0501076770091307e-08
1.4215 1.1631472411742346e-06
1.4225 1.86167520778837e-06
1.4235 2.7012409434459133e-07
1.4245 2.655389198094695e-07
1.4255 6.076476840890525e-07
1.4265 6.986341474793381e-07
1.4275 7.574259283263629e-07
1.4285 3.20915344583288e-08
1.4295 1.3214144647826127e-07
1.4305 1.0448626210382062e-06
1.4315 9.060407482745336e-07
1.4325 1.0698596851950853e-06
1.4335 9.716830224602364e-07
1.4345 2.182615782977466e-06
1.4355 4.343652961603051e-11
1.4365 5.255812992365738e-07
1.4375 1.3421129836989953e-07
1.4385 9.106927437769534e-07
1.4395 3.4506921307923767e-07
1.4405 5.238760551182053e-07
1.4415 8.833707784756266e-07
1.4425 3.365049410716144e-07
1.4435 2.5516502128038767e-07
1.4445 2.4398470181161336e-07
1.4455 3.987809326930886e-07
1.4465 1.147300914600278e-06
1.4475 7.980054020030844e-07
1.4485 5.402531504703274e-07
1.4495 1.354345555310394e-06
1.4505 1.1777346343472213e-06
1.4515 7.247633672581445e-08
1.4525 4.3806199170293855e-11
1.4535 3.0935813082753854e-07
1.4545 1.0405615697688157e-06
1.4555 7.297441752356394e-07
1.4565 3.056639063747342e-07
1.4575 6.576492247437464e-07
1.4585 4.3889964626916724e-11
1.4595 2.0190226922638256e-06
1.4605 7.461700038967603e-07
1.4615 7.021650742223808e-07
1.4625 6.979010213823362e-07
1.4635 9.25622617875042e-07
1.4645 4.398552732942884e-11
1.4655 1.154737857978403e-06
1.4665 4.4013883493404205e-11
1.4675 1.5164513272099754e-06
1.4685 1.0801770053865062e-06
1.4695 1.476788327437502e-06
1.4705 7.867802767623226e-07
1.4715 1.2003099097054379e-06
1.4725 2.4566975567123413e-07
1.4735 6.651941920777186e-07
1.4745 6.68163157247496e-07
1.4755 7.404808833124823e-07
1.4765 9.365554107091165e-07
1.4775 1.0845075590519013e-06
1.4785 1.496189602395549e-06
1.4795 4.412125926269196e-11
1.4805 6.753865978945717e-07
1.4815 6.137839777058036e-07
1.4825 1.3950693409747352e-06
1.4835 1.0073498113391574e-07
1.4845 1.7843641029081358e-06
1.4855 4.387793687954096e-07
1.4865 7.114624308318852e-07
1.4875 1.374093000967505e-06
1.4885 1.7108938806974457e-07
1.4895 1.664981184943162e-06
1.4905 1.1155957029190657e-06
1.4915 9.039790259719492e-07
1.4925 1.4436385510376972e-06
1.4935 6.11617514869103e-07
1.4945 1.0709655109608367e-06
1.4955 1.727944291290359e-06
1.4965 5.57037827494228e-07
1.4975 3.7181017228133954e-07
1.4985 1.9674906938480183e-06
1.4995 5.45448004230464e-07
1.5005 2.477543700515421e-06
1.5015 9.04705651873551e-07
1.5025 1.4443352188067368e-06
1.5035 1.9600450878265606e-06
1.5045 2.124730401271329e-06
1.5055 4.4485901468622476e-11
1.5065 9.351150000671353e-07
1.5075 1.8099169984348812e-06
1.5085 1.389017143030986e-08
1.5095 1.0831640737975123e-06
1.5105 1.0304225873001415e-06
1.5115 6.695704845247367e-07
1.5125 1.980134693496837e-06
1.5135 1.5598430053243426e-06
1.5145 7.550607570246193e-07
1.5155 1.7633511459751654e-06
1.5165 4.481577759373339e-11
1.5175 1.4176877292458257e-07
1.5185 1.25503424243143e-06
1.5195 4.3349991117219495e-08
1.5205 3.6139229076088724e-07
1.5215 1.6704959961091351e-06
1.5225 5.104878832200863e-07
1.5235 1.8261573815597485e-06
1.5245 6.962927300266021e-07
1.5255 1.0625579961839284e-06
1.5265 1.4914239562735606e-06
1.5275 8.514964277600173e-07
1.5285 5.585577061214014e-07
1.5295 5.411843162294475e-07
1.5305 1.4589473068612436e-06
1.5315 1.4009515494166459e-06
1.5325 1.0146331049945336e-06
1.5335 9.416869461924869e-08
1.5345 1.3586604489770494e-06
1.5355 1.1958222387475843e-06
1.5365 6.397530546971413e-07
1.5375 1.8711589760904812e-07
1.5385 1.820219496596963e-08
1.5395 1.4948645409435248e-06
1.5405 1.912840865011617e-06
1.5415 3.719236499745482e-07
1.5425 3.0846771926744816e-07
1.5435 1.1737350007409027e-06
1.5445 4.536030388574419e-11
1.5455 6.153618381381618e-07
1.5465 7.590959588482098e-07
1.5475 2.1705475444786273e-06
1.5485 9.764554066822736e-08
1.5495 6.014552474131692e-07
1.5505 1.5226673912344911e-06
1.5515 8.767832389706958e-07
1.5525 5.6401591821965e-07
1.5535 2.480290970339615e-06
1.5545 6.689135496782411e-07
1.5555 1.2199203192865513e-06
1.5565 4.063306372151415e-07
1.5575 4.558289163571787e-11
1.5585 1.3992511419569293e-06
1.5595 2.4746968352099814e-06
1.5605 9.271106046236836e-08
1.5615 1.0324290090166564e-06
1.5625 1.1278259154332098e-06
1.5635 2.2836192678984137e-06
1.5645 2.145252504938627e-07
1.5655 1.4137375916287149e-06
1.5665 1.4501999533573738e-06
1.5675 4.566930408999908e-11
1.5685 3.898893457187756e-08
1.5695 7.725774686181569e-07
1.5705 1.7534058104670808e-06
1.5715 4.565400988412514e-11
1.5725 1.0136725204249753e-06
1.5735 5.227594552987616e-07
1.5745 3.6977927865910925e-08
1.5755 1.4183423831771273e-07
1.5765 1.1714623358301401e-06
1.5775 3.920529858652405e-07
1.5785 1.5794351437971435e-06
1.5795 3.268857628346375e-07
1.5805 1.6139530815459236e-06
1.5815 5.335738304388674e-07
1.5825 1.0777664218753818e-06
1.5835 1.6531356808605742e-06
1.5845 3.1963306078628157e-07
1.5855 2.0172326454630815e-06
1.5865 1.063260908520345e-06
1.5875 2.0865258924957673e-06
1.5885 1.1495686820013852e-06
1.5895 4.41145433506649e-07
1.5905 1.7218398892977202e-06
1.5915 3.697499203603621e-07
1.5925 1.0903666442062126e-06
1.5935 5.049613881366949e-07
1.5945 1.2089591890560756e-06
1.5955 4.392571128487374e-07
1.5965 3.6612814266422433e-07
1.5975 1.1526729683319336e-06
1.5985 8.422942398402535e-07
1.5995 6.147522127563521e-07
1.6005 5.166722720476204e-07
1.6015 7.524424491217551e-07
1.6025 4.4659803936785833e-07
1.6035 9.745487687587279e-07
1.6045 1.9233651080722656e-06
1.6055 3.719020599601313e-08
1.6065 9.043651410672336e-07
1.6075 1.3150282831130064e-06
1.6085 2.8899340103729867e-07
1.6095 1.29818249250473e-06
1.6105 1.2742105349685808e-06
1.6115 1.0247994902996025e-06
1.6125 2.7649752225956093e-06
1.6135 1.1821255868499679e-06
1.6145 2.098901832262812e-06
1.6155 1.2091626438618051e-06
1.6165 2.4247638494438238e-06
1.6175 2.4317605192828457e-06
1.6185 2.461651618123325e-06
1.6195 1.088499597162812e-06
1.6205 2.7997483756311944e-06
1.6215 1.3594730980673718e-06
1.6225 3.0611089028839726e-06
1.6235 3.827277346905325e-06
1.6245 3.608165489661959e-06
1.6255 5.208577391902054e-06
1.6265 5.1179610509162134e-06
1.6275 3.97389930429894e-06
1.6285 6.167921696592003e-06
1.6295 7.643594434563873e-06
1.6305 7.792814343965027e-06
1.6315 8.45368390146444e-06
1.6325 7.336993892477401e-06
1.6335 9.569671730612038e-06
1.6345 8.775752500099508e-06
1.6355 1.1135443180086944e-05
1.6365 1.148615204851654e-05
1.6375 1.2450101329467699e-05
1.6385 1.4208985983812686e-05
1.6395 1.5194027549445356e-05
1.6405 1.3445739401480609e-05
1.6415 1.7119135166676913e-05
1.6425 1.6949441665785985e-05
1.6435 1.9486690879603997e-05
1.6445 2.0499602972391345e-05
1.6455 2.2974783491203567e-05
1.6465 2.4047733776835844e-05
1.6475 2.487552687994608e-05
1.6485 2.494081737761527e-05
1.6495 2.7277785802657386e-05
1.6505 2.8215919774088148e-05
1.6515 3.082892481467821e-05
1.6525 3.3215437243242474e-05
1.6535 3.79413150413289e-05
1.6545 4.117752464437417e-05
1.6555 4.043751924938084e-05
1.6565 4.47959466026884e-05
1.6575 5.24098832736518e-05
1.6585 5.653645178290019e-05
1.6595 6.221097358716635e-05
1.6605 7.090185784809108e-05
1.6615 7.899911102163453e-05
1.6625 8.952136179439066e-05
1.6635 0.00010237848346537735
1.6645 0.00011635965341817974
1.6655 0.0001350518229713032
1.6665 0.0001534839252853422
1.6675 0.00018209260425240085
1.6685 0.00020885431820507624
1.6695 0.0002402854930181456
1.6705 0.0002780376866399025
1.6715 0.00031789418178427767
1.6725 0.00036337958783914275
1.6735 0.00041286539171500055
1.6745 0.00047579434402707243
1.6755 0.0005465357268900729
1.6765 0.0006203588982345432
1.6775 0.0006982001480634974
1.6785 0.0007673411132965546
1.6795 0.0008749021965543451
1.6805 0.0009813655820844287
1.6815 0.001100164031520237
1.6825 0.0012282240443954
1.6835 0.0013574019733216642
1.6845 0.0015101552873072006
1.6855 0.0016552989444094963
1.6865 0.0018524482361491556
1.6875 0.0020341995775818504
1.6885 0.0022455411780183433
1.6895 0.0025514498856828815
1.6905 0.0028045605998547013
1.6915 0.0031664397727623507
1.6925 0.0035292202819657875
1.6935 0.004014998066694295
1.6945 0.004615255988014219
1.6955 0.0051752198542044
1.6965 0.006036182718810543
1.6975 0.007222083553295785
1.6985 0.008540551095991352
1.6995 0.010353723520703543
1.7005 0.0120776599465697
1.7015 0.01467464226988227
1.7025 0.017851574265606112
1.7035 0.021198091729013237
1.7045 0.023864617850258087
1.7055 0.026226047789057
1.7065 0.029206921837340364
1.7075 0.03211044600712692
1.7085 0.03620166050755532
1.7095 0.041515016564735614
1.7105 0.04469240454761145
1.7115 0.05253966335284998
1.7125 0.058685313581353
1.7135 0.06936020726617996
1.7145 0.07843861043864221
1.7155 0.09477921217385335
1.7165 0.11132491336997327
1.7175 0.1321551210609264
1.7185 0.15839125840928583
1.7195 0.17706517716767806
1.7205 0.2073619097411687
1.7215 0.236528990429154
1.7225 0.26789027843366886
1.7235 0.29272019758802004
1.7245 0.3094777621413438
1.7255 0.33378536798163644
1.7265 0.34207291745387713
1.7275 0.34773786282639113
1.7285 0.3568596394422774
1.7295 0.36261873274292294
1.7305 0.36225816425035834
1.7315 0.3772868853511124
1.7325 0.380122980964397
1.7335 0.38610331189603986
1.7345 0.39365418894976917
1.7355 0.4010717100190496
1.7365 0.4091682360100438
1.7375 0.42160984636119914
1.7385 0.421957274812002
1.7395 0.4294133065934481
1.7405 0.4373534020981709
1.7415 0.43709371508615313
1.7425 0.4483901786828
1.7435 0.4525152086738694
1.7445 0.4455694388289155
1.7455 0.45488907922042804
1.7465 0.4529395809933978
1.7475 0.45085105343964915
1.7485 0.4505159224017449
1.7495 0.4439005652046024
1.7505 0.4634325290387608
1.7515 0.45235591646927537
1.7525 0.4545015626102846
1.7535 0.45249226997672976
1.7545 0.45399106936017397
1.7555 0.4538816083745281
1.7565 0.4622613761239314
1.7575 0.45930401351646494
1.7585 0.46104906499839393
1.7595 0.4573035416071922
1.7605 0.46066909713986
1.7615 0.4648553398993338
1.7625 0.46382783619349327
1.7635 0.46288952978272024
1.7645 0.4555107392909004
1.7655 0.46082125085760767
1.7665 0.46763884416612783
1.7675 0.46507468594149987
1.7685 0.4640490264699606
1.7695 0.4565536516977956
1.7705 0.4604245384965374
1.7715 0.4658983777073777
1.7725 0.4592567648331987
1.7735 0.45282768671825324
1.7745 0.4572135000673127
1.7755 0.45603599591357574
1.7765 0.45054775282176057
1.7775 0.46203144116361583
1.7785 0.44744191374452025
1.7795 0.45716554542066
1.7805 0.455736535414694
1.7815 0.4515444736467405
1.7825 0.4485063026318821
1.7835 0.45290403546415026
1.7845 0.45495918912264155
1.7855 0.45093042456439664
1.7865 0.44426465812056437
1.7875 0.4460004969583621
1.7885 0.4520948677580567
1.7895 0.44316139476334465
1.7905 0.4434156126140345
1.7915 0.44199626156817395
1.7925 0.4438694506170835
1.7935 0.44393390373319047
1.7945 0.4350872909173301
1.7955 0.4449811016301339
1.7965 0.4422666165666569
1.7975 0.43818939778005855
1.7985 0.4369699193320084
1.7995 0.44313273732064845
1.8005 0.44311860782747353
1.8015 0.44265559560692136
1.8025 0.44872711624167333
1.8035 0.4455385120048602
1.8045 0.4379977766405552
1.8055 0.44341366563241064
1.8065 0.4511808573951662
1.8075 0.4606851208111252
1.8085 0.45335244443716916
1.8095 0.456275414874678
1.8105 0.45944406244918334
1.8115 0.4605727844448958
1.8125 0.45545668131660794
1.8135 0.46481978929975654
1.8145 0.45659475959148893
1.8155 0.46462475049841373
1.8165 0.4665529293648108
1.8175 0.468016823376226
1.8185 0.46383969257785096
1.8195 0.47641950757878193
1.8205 0.4682757751724353
1.8215 0.46802010411371187
1.8225 0.4694601021428434
1.8235 0.47197012504123903
1.8245 0.46937255384512633
1.8255 0.468910766051395
1.8265 0.4750686461700695
1.8275 0.4687605223347356
1.8285 0.4687652583590871
1.8295 0.4669992450731477
1.8305 0.4657730311718312
1.8315 0.4811250415366973
1.8325 0.46718265031362044
1.8335 0.46437490170191587
1.8345 0.4733414950392108
1.8355 0.4642872731218384
1.8365 0.46872224737971935
1.8375 0.46780340044127006
1.8385 0.4617878009936639
1.8395 0.46417116584568135
1.8405 0.46597891024970245
1.8415 0.4603261940845086
1.8425 0.4612177575544027
1.8435 0.46644871590254733
1.8445 0.456935998120582
1.8455 0.46149914835039946
1.8465 0.4506428900936963
1.8475 0.4610615436857708
1.8485 0.4538555262635064
1.8495 0.4554953515460123
1.8505 0.4543067887899717
1.8515 0.4521089110869593
1.8525 0.44977851609228725
1.8535 0.45084952677817175
1.8545 0.44590507050368633
1.8555 0.44734787859859987
1.8565 0.45140018207343696
1.8575 0.44940873255766584
1.8585 0.45123328711437927
1.8595 0.4527030143179275
1.8605 0.4498097641418577
1.8615 0.4499717055630661
1.8625 0.45028563623353246
1.8635 0.44958739976242906
1.8645 0.45463461009005635
1.8655 0.4543030608247995
1.8665 0.45850630390276315
1.8675 0.45948278795713965
1.8685 0.4614757821111655
1.8695 0.4643465047694562
1.8705 0.4663984339473775
1.8715 0.4616908749875052
1.8725 0.4678012487216612
1.8735 0.47027558772301886
1.8745 0.47610912643106296
1.8755 0.47790642457431265
1.8765 0.46778341378852123
1.8775 0.48036600213504344
1.8785 0.47328052181738506
1.8795 0.4772155556849129
1.8805 0.4742706032498674
1.8815 0.47702279536406905
1.8825 0.4763434588332959
1.8835 0.4759486236788687
1.8845 0.47893177464270087
1.8855 0.4749180447119923
1.8865 0.4746993026272956
1.8875 0.48062042067615174
1.8885 0.4734919798247524
1.8895 0.4760273408791962
1.8905 0.4722069994002535
1.8915 0.4714166876726464
1.8925 0.47861694414337574
1.8935 0.46902531393475905
1.8945 0.4696685683713964
1.8955 0.47110250372911333
1.8965 0.4683219198748831
1.8975 0.47249584958245033
1.8985 0.46704736456672147
1.8995 0.4622446705987062
1.9005 0.4654006768560038
1.9015 0.4660193471872105
1.9025 0.4622389937299652
1.9035 0.4548914566705956
1.9045 0.4638944710365343
1.9055 0.4557488224221739
1.9065 0.4588122954669723
1.9075 0.452789766017378
1.9085 0.4617077087057464
1.9095 0.45988965267681464
1.9105 0.4540418106160406
1.9115 0.4600164696291325
1.9125 0.4533277793957122
1.9135 0.4545295939487283
1.9145 0.45294992558267716
1.9155 0.45733488505625575
1.9165 0.46039974881614654
1.9175 0.4571053350534318
1.9185 0.455264015626504
1.9195 0.46025935921911476
1.9205 0.45409397150100206
1.9215 0.4654863489777334
1.9225 0.4602035012052886
1.9235 0.46143185864190234
1.9245 0.46185263937195886
1.9255 0.46715383952972084
1.9265 0.46463214287185717
1.9275 0.46893591846924393
1.9285 0.4702878283531018
1.9295 0.4753024253131002
1.9305 0.4688106513537902
1.9315 0.4767636054098713
1.9325 0.46307156231573776
1.9335 0.4776558185610848
1.9345 0.4785976399591515
1.9355 0.4681862774664042
1.9365 0.4751431573595727
1.9375 0.4684009423551402
1.9385 0.47797178181551503
1.9395 0.47504275108625404
1.9405 0.4710844665895351
1.9415 0.47479185802491336
1.9425 0.4683307485498526
1.9435 0.48001849594848944
1.9445 0.4757690796044987
1.9455 0.48169770515123783
1.9465 0.47758708780471537
1.9475 0.4741798981533222
1.9485 0.4791952446116527
1.9495 0.4765003670570301
1.9505 0.47211433783192
1.9515 0.4814315761667054
1.9525 0.47476269480657013
1.9535 0.46512624260280894
1.9545 0.47094624337385205
1.9555 0.46000464109283573
1.9565 0.45412312858268145
1.9575 0.4414744222789261
1.9585 0.4238310238617946
1.9595 0.41422315611769106
1.9605 0.3919765703525961
1.9615 0.3771441408903181
1.9625 0.36136182457102234
1.9635 0.33651899787219447
1.9645 0.31200420158654235
1.9655 0.2883876191819409
1.9665 0.2684416410150136
1.9675 0.24169892765646828
1.9685 0.22359696762122144
1.9695 0.2004052921451544
1.9705 0.18103435009580116
1.9715 0.16326388170078895
1.9725 0.14672475281327846
1.9735 0.13361117708707626
1.9745 0.11865290462145121
1.9755 0.10685726512843224
1.9765 0.10008255765554319
1.9775 0.08783286216594176
1.9785 0.08148302112565749
1.9795 0.07347900826621066
1.9805 0.06650576044676017
1.9815 0.059802907970031724
1.9825 0.05387834416793424
1.9835 0.04704746344449164
1.9845 0.04280043473812797
1.9855 0.03754907188926899
1.9865 0.032590319565102235
1.9875 0.027827133678954747
1.9885 0.02535984474691927
1.9895 0.021400643382589145
1.9905 0.01940477982448085
1.9915 0.01663887016822545
1.9925 0.014581510363296519
1.9935 0.012679727896366844
1.9945 0.011013306280151356
1.9955 0.009638915742302422
1.9965 0.008153009193303922
1.9975 0.007508126557351669
1.9985 0.006315380808213416
1.9995 0.005666690032463502
2.0005 0.004979593317451141
2.0015 0.004477112430144322
2.0025 0.0038609124259525087
2.0035 0.003437892439576478
2.0045 0.0030750599013586294
2.0055 0.0027242780765559123
2.0065 0.0023979388727217786
2.0075 0.00214794674020979
2.0085 0.0018919219772541515
2.0095 0.0017398184412464165
2.0105 0.0015289553078640349
2.0115 0.0013952105293227248
2.0125 0.001254720121586234
2.0135 0.001120350929918355
2.0145 0.0010165579860604943
2.0155 0.0008987759997796175
2.0165 0.0008523798044792157
2.0175 0.0007756099378281686
2.0185 0.0006917608051959428
2.0195 0.000623219280112309
2.0205 0.0005835911374436983
2.0215 0.0005257433122026604
2.0225 0.0004866160061071045
2.0235 0.0004484939329772885
2.0245 0.00041424884854859454
2.0255 0.000370833081218101
2.0265 0.000350007636491416
2.0275 0.0003206345487358909
2.0285 0.00030137899870456006
2.0295 0.00028081487756340183
2.0305 0.000263552294254914
2.0315 0.0002385229550716701
2.0325 0.00023228164675380856
2.0335 0.0002112732591302239
2.0345 0.00019816004298766932
2.0355 0.00018122575039152743
2.0365 0.00017530398102710813
2.0375 0.0001588869377244584
2.0385 0.00014757652824271618
2.0395 0.00013978237173875303
2.0405 0.00013790227995814634
2.0415 0.00013065506892707268
2.0425 0.00012076572194395771
2.0435 0.00011309704385121397
2.0445 0.00010915927762419303
2.0455 9.568378741408963e-05
2.0465 8.891512089195927e-05
2.0475 8.367767117377065e-05
2.0485 8.3099748828281e-05
2.0495 7.045858304440149e-05
2.0505 7.132581258262841e-05
2.0515 6.855273040142285e-05
2.0525 5.92169729469841e-05
2.0535 5.440502708275916e-05
2.0545 5.847056190023081e-05
2.0555 4.7320877125943e-05
2.0565 5.1432581378501545e-05
2.0575 4.996577499280912e-05
2.0585 3.279905438380944e-05
2.0595 3.7136419368912255e-05
2.0605 3.9805466552263344e-05
2.0615 3.576619211560993e-05
2.0625 3.787566134186227e-05
2.0635 3.576807047176174e-05
2.0645 1.624161318069117e-05
2.0655 3.091026874620585e-05
2.0665 2.8871494530989068e-05
2.0675 2.395018533888183e-05
2.0685 1.7518565918459742e-05
2.0695 2.1476636031368255e-05
2.0705 2.2024981536145887e-05
2.0715 2.0872382996729755e-05
2.0725 1.1168740457473153e-05
2.0735 1.426903179966257e-05
2.0745 1.0195728762387472e-05
2.0755 1.212559363761512e-05
2.0765 3.5652778646927706e-06
2.0775 1.6265042085538567e-05
2.0785 1.7859820848536342e-05
2.0795 1.222673505713697e-05
2.0805 3.3159059203424874e-06
2.0815 1.0293132522946738e-05
2.0825 9.7607330842103e-06
2.0835 1.1048521256768672e-05
2.0845 8.042502126644543e-06
2.0855 8.7208742523476e-06
2.0865 8.69432529801821e-06
2.0875 1.7161343635634565e-06
2.0885 3.942931552100703e-06
2.0895 1.438206319248926e-05
2.0905 5.501618530370115e-06
2.0915 6.262945444383248e-06
2.0925 1.8283268655210187e-06
2.0935 9.40994321385717e-06
2.0945 3.423178710192121e-06
2.0955 2.7437242441598397e-06
2.0965 6.0990264867706705e-06
2.0975 5.7245889809114155e-06
2.0985 4.97194833653653e-11
2.0995 9.353476232368363e-06
2.1005 2.2844486529905042e-06
2.1015 2.5563259837322933e-06
2.1025 3.5246059786374384e-06
2.1035 1.0328259674060151e-05
2.1045 7.85481831270047e-06
2.1055 3.44357046165333e-06
2.1065 5.780474103474009e-06
2.1075 1.8624416269004108e-06
2.1085 3.5475663453410632e-06
2.1095 3.978323199511336e-06
2.1105 5.968068710405568e-06
2.1115 1.1784006596874767e-05
2.1125 7.720869500544086e-07
2.1135 8.306678813782068e-07
2.1145 8.190404848539973e-06
2.1155 5.411851145160992e-06
2.1165 5.213947485331068e-06
2.1175 5.767490111950857e-06
2.1185 7.377113996078667e-07
2.1195 6.722787579599749e-06
2.1205 5.872237464395162e-06
2.1215 4.173194177769226e-06
2.1225 8.667872979403952e-06
2.1235 9.22777075603124e-07
2.1245 6.211233131497452e-06
2.1255 1.024750765007982e-05
2.1265 4.961375009706421e-06
2.1275 4.521501874850191e-06
2.1285 5.0001998051995195e-11
2.1295 4.522789675180122e-06
2.1305 8.598412330599702e-06
2.1315 1.0987433506313405e-05
2.1325 1.4247644840054439e-05
2.1335 4.9979831159497564e-11
2.1345 3.164690242615458e-06
2.1355 2.9471491490452942e-06
2.1365 6.0976324875766495e-06
2.1375 3.6747550846899495e-06
2.1385 3.0450498546966696e-06
2.1395 8.126591857899038e-06
2.1405 1.9381753719577533e-06
2.1415 2.3166485517464017e-07
2.1425 3.195378197776638e-06
2.1435 2.4587370260383898e-06
2.1445 4.992936053351448e-06
2.1455 4.998093620388323e-11
2.1465 1.9056634088775027e-06
2.1475 5.066004324885975e-07
2.1485 5.201297138792502e-06
2.1495 3.9981073704831656e-07
2.1505 4.6860808937190115e-06
2.1515 4.999224362326228e-11
2.1525 3.6995201253505873e-06
2.1535 1.6719843215700674e-06
2.1545 1.2923602297467338e-06
2.1555 7.378052425983327e-06
2.1565 1.7598391082306285e-06
2.1575 6.514163201091685e-07
2.1585 4.665018793767896e-06
2.1595 1.334262506969852e-06
2.1605 4.9331373527881136e-06
2.1615 7.882112766800538e-06
2.1625 1.7080767034884558e-06
2.1635 6.546992022585408e-06
2.1645 1.053654663590457e-06
2.1655 9.801171335743516e-07
2.1665 4.965508473119781e-11
2.1675 1.1961132895804202e-05
2.1685 1.4074690724893073e-05
2.1695 3.0587952308133824e-07
2.1705 5.714171244902899e-06
2.1715 2.533805044670057e-06
2.1725 1.5464549701634753e-06
2.1735 8.043887943638893e-06
2.1745 5.326755554567086e-06
2.1755 1.5799683179768243e-06
2.1765 2.066522532807671e-06
2.1775 2.645863828357153e-06
2.1785 4.154263680420142e-06
2.1795 4.925670375948756e-11
2.1805 3.3126270189252283e-06
2.1815 5.512976167442461e-06
2.1825 4.579333431826518e-06
2.1835 2.02250463109818e-06
2.1845 3.3017321623840245e-06
2.1855 1.5843075908034245e-06
2.1865 4.638270657033676e-06
2.1875 4.689409170943852e-06
2.1885 6.609273218974364e-06
2.1895 9.220325804475494e-07
2.1905 2.359496762029679e-06
2.1915 1.951732632837915e-06
2.1925 2.7485926831382142e-06
2.1935 4.93367294406659e-11
2.1945 4.260706146376489e-06
2.1955 5.740228744135977e-06
2.1965 6.492630387368311e-06
2.1975 1.1559798259966445e-05
2.1985 4.9527771485250897e-11
2.1995 1.204242657311047e-05
2.2005 2.309390072133312e-06
2.2015 8.687145860657352e-06
2.2025 1.142922690198032e-05
2.2035 4.9641048470532773e-11
2.2045 3.898349447645862e-06
2.2055 5.394620682771145e-06
2.2065 8.296290320028797e-06
2.2075 4.305477565604691e-07
2.2085 4.831258937820627e-06
2.2095 1.6464786104063202e-06
2.2105 8.377534225630963e-06
2.2115 5.280597739321442e-06
2.2125 2.086078380686094e-06
2.2135 5.755434072271197e-06
2.2145 4.275000891140813e-06
2.2155 2.561398643505148e-05
2.2165 4.986290037141274e-11
2.2175 1.1372932658193223e-05
2.2185 1.0162833450076224e-05
2.2195 1.701514887445409e-05
2.2205 4.208992720622126e-06
2.2215 6.722703050252202e-06
2.2225 7.532279006704586e-06
2.2235 1.7636658510788588e-06
2.2245 2.4149724856086806e-06
2.2255 1.1036801619591853e-05
2.2265 6.324144300661663e-06
2.2275 1.3526768654804185e-05
2.2285 4.9940076213234544e-11
2.2295 4.101514261971418e-06
2.2305 3.4672476343554818e-06
2.2315 4.991677307957775e-11
2.2325 5.020701200980384e-06
2.2335 7.18159424319736e-06
2.2345 5.648513564006729e-06
2.2355 1.0072222852372768e-05
2.2365 5.6656892971124295e-06
2.2375 6.04664012117124e-06
2.2385 9.462689552830791e-06
2.2395 4.989870870178751e-11
2.2405 2.390058024611053e-05
2.2415 6.599061611012055e-06
2.2425 1.1134652003068213e-05
2.2435 6.584649766040752e-08
2.2445 1.0075155422720629e-05
2.2455 4.977373836005624e-11
2.2465 1.3722743799864257e-05
2.2475 2.7337900500849588e-06
2.2485 5.882091822359161e-06
2.2495 1.0836665248349367e-05
2.2505 6.510214054331194e-06
2.2515 1.3124479669019787e-05
2.2525 1.0155796544999034e-05
2.2535 9.0869779142798e-06
2.2545 5.022670958669139e-06
2.2555 1.013035525839331e-06
2.2565 9.05544270374959e-07
2.2575 5.173419346356651e-06
2.2585 8.23630710368144e-06
2.2595 8.713710297032725e-07
2.2605 1.3781124359743261e-05
2.2615 1.9370892303575383e-06
2.2625 7.638956214703544e-06
2.2635 4.8144423565616534e-11
2.2645 1.3405654322741666e-05
2.2655 2.8692259294258177e-07
2.2665 1.3242085439274804e-05
2.2675 4.4212531206224664e-07
2.2685 2.0480906185154835e-06
2.2695 8.701617132957835e-06
2.2705 4.5036066293982425e-06
2.2715 3.13196973810857e-06
2.2725 3.848544107422928e-06
2.2735 5.59540477611377e-06
2.2745 3.5794631858813835e-06
2.2755 1.1863168855864388e-05
2.2765 4.885233240580138e-11
2.2775 2.1217040023558532e-06
2.2785 3.690537338117064e-06
2.2795 4.886838529285867e-11
2.2805 7.280074204235759e-06
2.2815 3.166141367520581e-06
2.2825 3.9248580363278984e-06
2.2835 3.5248892903336016e-06
2.2845 5.443200273734514e-06
2.2855 2.5266854472141686e-07
2.2865 4.625886814081944e-07
2.2875 3.752375655215909e-07
2.2885 3.940059678460015e-06
2.2895 2.979992516484274e-06
2.2905 4.648483076115549e-06
2.2915 4.8780951492433154e-11
2.2925 5.4129895391327385e-06
2.2935 7.766801844804621e-07
2.2945 4.870123394012334e-11
2.2955 1.792040639579751e-06
2.2965 3.211107865902662e-07
2.2975 1.8124531845153059e-06
2.2985 3.8119028003797984e-07
2.2995 4.839909314113421e-11
2.3005 1.2632273447348861e-06
2.3015 5.581582935955876e-06
2.3025 1.974299067619735e-06
2.3035 4.792883389296234e-11
2.3045 7.582589315970881e-07
2.3055 1.4419545894443368e-06
2.3065 2.507625753482574e-07
2.3075 3.019228663221697e-06
2.3085 4.6975291955517935e-11
2.3095 4.3115736295010385e-07
2.3105 5.838107537410059e-06
2.3115 1.489963088630668e-06
2.3125 1.6869350150515593e-06
2.3135 2.1184194650479926e-06
2.3145 1.267545826690659e-06
2.3155 4.6622842438939726e-07
2.3165 4.3749134036329903e-11
2.3175 1.8979224699013673e-06
2.3185 4.234967499356028e-11
2.3195 1.0309546428937178e-06
2.3205 2.5350097133520123e-06
2.3215 7.959003718404406e-07
2.3225 3.3960880717098426e-07
2.3235 4.4365597912168313e-07
2.3245 1.0399010238386122e-06
2.3255 1.1311599150239304e-06
2.3265 1.3563815760904942e-06
2.3275 2.3076906780731318e-06
2.3285 3.1767878008216114e-11
2.3295 3.060555186577373e-11
2.3305 1.384959809075342e-06
2.3315 7.415662962791154e-07
2.3325 2.6793736521145884e-07
2.3335 2.5875944786725745e-11
2.3345 1.4271368912429478e-06
2.3355 9.855573011333856e-07
2.3365 2.1781014210672865e-06
2.3375 2.1482170614883922e-11
2.3385 2.057609004104993e-11
2.3395 1.570811282182936e-06
2.3405 8.620745584039545e-07
2.3415 8.158083892966287e-07
2.3425 1.3103384621993106e-06
2.3435 7.638510560310981e-07
2.3445 4.051118059472598e-07
2.3455 1.7047662286829424e-06
2.3465 7.146856742375387e-08
2.3475 2.6869608353508815e-06
2.3485 2.464719973441016e-06
2.3495 1.700436179303213e-11
2.3505 6.19436346514441e-07
2.3515 7.803403171650649e-07
2.3525 8.968608790200845e-07
2.3535 5.446142099859149e-07
2.3545 1.3619035406004921e-06
2.3555 1.5135287617006642e-07
2.3565 1.91433036712386e-07
2.3575 4.993461026593908e-07
2.3585 5.862040775452971e-07
2.3595 7.632037565196329e-08
2.3605 3.124289332555579e-07
2.3615 5.047263880691526e-07
2.3625 2.1783089127799554e-07
2.3635 8.559354242353647e-07
2.3645 9.366258181012233e-12
2.3655 3.7378626619310326e-07
2.3665 7.56303044405877e-12
2.3675 9.443703911261787e-08
2.3685 9.166071615050331e-08
2.3695 1.5447922357238797e-07
2.3705 3.46110524591863e-07
2.3715 2.9071795338944953e-07
2.3725 3.129938376891369e-12
2.3735 1.640203349210639e-07
2.3745 5.888385828366636e-08
2.3755 5.8401915367497975e-08
2.3765 7.671238142717235e-08
2.3775 4.516421937865552e-08
2.3785 1.4799765064830646e-08
2.3795 1.323119081751411e-07
2.3805 1.7235123925307968e-07
2.3815 1.2191820471299096e-07
2.3825 1.5129488587592375e-12
2.3835 2.6023905867655177e-07
2.3845 1.0110467801670158e-08
2.3855 1.8423633755946125e-07
2.3865 4.103056778284264e-08
2.3875 1.0769250541386173e-07
2.3885 2.19516159085357e-08
2.3895 7.145573341352006e-09
2.3905 2.2458414128287155e-08
2.3915 2.886703296516395e-08
2.3925 4.930141332883261e-08
2.3935 1.686826899922322e-08
2.3945 7.81252436457752e-09
2.3955 1.7591296603237982e-08
2.3965 4.339090294533989e-08
2.3975 2.99645851925176e-13
2.3985 2.681676686317096e-13
2.3995 2.278611564371628e-08
2.4005 1.0002436921839417e-08
2.4015 1.268806438575621e-09
2.4025 1.4767015335121496e-08
2.4035 2.3189241653607293e-09
2.4045 1.3500408438476508e-13
2.4055 1.7644272591261833e-08
2.4065 1.1744571674628598e-08
2.4075 8.261169406538092e-10
2.4085 5.5209165613676985e-09
2.4095 3.2818915373827906e-09
2.4105 6.622231817650801e-09
2.4115 6.568953974096189e-09
2.4125 4.0135606749495813e-10
2.4135 1.902230315214982e-09
2.4145 5.584963671893665e-10
2.4155 3.472098799146497e-14
2.4165 1.7357574326332813e-10
2.4175 6.436000997097322e-10
2.4185 2.014124626835535e-09
2.4195 3.840837994954611e-09
2.4205 1.804637794507988e-14
2.4215 1.5813506442504268e-14
2.4225 1.220842993730487e-10
2.4235 9.181470505251747e-10
2.4245 9.989669986092909e-11
2.4255 8.213514965732507e-10
2.4265 2.731056872962988e-09
2.4275 7.082343187457734e-15
2.4285 1.749096607502217e-11
2.4295 7.825833735079131e-11
2.4305 6.969143513354475e-10
2.4315 4.105770746173461e-15
2.4325 3.5285454709041084e-10
2.4335 3.73817181183016e-11
2.4345 2.7080197038239333e-15
2.4355 2.352201942532832e-15
2.4365 2.5287970400591646e-10
2.4375 1.287617730776365e-10
2.4385 1.2292669914409576e-10
2.4395 1.317371897440079e-15
2.4405 1.3536165551378718e-10
2.4415 1.8555022248506774e-10
2.4425 8.314678730895321e-16
2.4435 3.003319745964865e-11
2.4445 2.4174047158226978e-11
2.4455 5.065760227703583e-16
2.4465 6.046794626717984e-11
2.4475 1.1793168040367343e-10
2.4485 1.6021629606623484e-11
2.4495 2.61231268963769e-16
2.4505 4.625032490250506e-11
2.4515 2.4707536923268363e-16
2.4525 2.7739012318393254e-11
2.4535 8.98112999068023e-12
2.4545 3.3018704850743487e-11
2.4555 2.0769132428305564e-16
2.4565 9.119287010633738e-12
2.4575 4.83365428995049e-12
2.4585 1.75730936343371e-16
2.4595 1.3994929477758907e-11
2.4605 4.833812553543289e-11
2.4615 1.101626739915141e-11
2.4625 1.560745978133364e-11
2.4635 1.2716491232397605e-16
2.4645 4.045474805196226e-11
2.4655 7.57285816216399e-12
2.4665 4.647175320293745e-12
2.4675 5.345086868025179e-12
2.4685 1.75067865891359e-11
2.4695 6.338884672283533e-12
2.4705 1.6579166076443918e-11
2.4715 4.592526795232458e-12
2.4725 1.3906551950588597e-12
2.4735 4.4861627399705234e-12
2.4745 6.000740971367771e-12
2.4755 4.5116708316059715e-17
2.4765 6.551137244919343e-12
2.4775 1.5652192617492583e-12
2.4785 1.3763822096819252e-12
2.4795 1.2154634898793698e-12
2.4805 4.353335795429548e-12
2.4815 1.5188056673068283e-12
2.4825 2.2547412921859536e-17
2.4835 1.2341148889473771e-12
2.4845 1.2752663329126467e-12
2.4855 6.573814758436801e-12
2.4865 1.4964742649532005e-17
2.4875 7.654093043801229e-13
2.4885 1.856006240243681e-12
2.4895 1.1131596445012176e-17
2.4905 2.609884745186318e-13
2.4915 1.2340866346285428e-12
2.4925 4.764881888884037e-13
2.4935 2.3220603119303033e-12
2.4945 4.869341878532654e-13
2.4955 7.10019881927025e-13
2.4965 3.0510869930064647e-13
2.4975 4.587355388266028e-18
2.4985 9.000871183823395e-13
2.4995 2.927382642812646e-14
2.5005 4.165678287329881e-13
2.5015 2.949969954765002e-18
2.5025 5.694630860021781e-13
2.5035 5.625966804408565e-13
2.5045 4.5761643525860315e-14
2.5055 1.039817510790407e-13
2.5065 2.528253164095828e-13
2.5075 6.026144992991932e-13
2.5085 1.3665124918615657e-18
2.5095 7.47190616428903e-13
2.5105 1.0982438955321857e-18
2.5115 2.5275837508128675e-13
2.5125 2.7938488074204415e-14
2.5135 7.210095606662644e-14
2.5145 2.7157742148641366e-14
2.5155 6.381362920225703e-19
2.5165 2.7345805015517524e-13
2.5175 5.143542965148653e-19
2.5185 4.619476665988883e-19
2.5195 8.055605690212212e-14
2.5205 3.7288943214026596e-19
2.5215 3.375316776800541e-14
2.5225 3.01153988387899e-19
2.5235 2.7067349230203097e-19
2.5245 1.0646290980767657e-13
2.5255 6.27140553068741e-14
2.5265 1.9713292345560202e-19
2.5275 1.7745015796691319e-19
2.5285 9.389316170459467e-15
2.5295 2.7181364447453803e-14
2.5305 1.2960991466832115e-19
2.5315 2.105071414666088e-14
2.5325 1.9869212965734116e-15
2.5335 5.1749762620683667e-14
2.5345 1.823628183875066e-14
2.5355 7.710232021258288e-20
2.5365 6.952657687120954e-20
2.5375 9.705289740174196e-15
2.5385 3.4067700720472975e-15
2.5395 5.101222833904393e-20
2.5405 3.3309502602353513e-15
2.5415 2.6094279294303267e-15
2.5425 5.194421813144458e-15
2.5435 2.199956443289039e-15
2.5445 2.522657508826283e-15
2.5455 1.5475515313934457e-15
2.5465 1.1089664617481469e-14
2.5475 2.2371916877733448e-20
2.5485 2.018050535531217e-20
2.5495 7.25258209790818e-15
2.5505 2.129939914236492e-15
2.5515 2.1330945857060696e-15
2.5525 1.3050663438075635e-20
2.5535 1.165816244377849e-20
2.5545 1.0411878418059758e-20
2.5555 1.2638353393411472e-15
2.5565 1.138294756925088e-15
2.5575 2.872550661311295e-15
2.5585 1.9573360361922436e-15
2.5595 5.89433734256297e-21
2.5605 6.462785875148428e-17
2.5615 7.537495939823849e-16
2.5625 4.176741956663524e-21
2.5635 2.5747185994444687e-16
2.5645 8.640094443691796e-16
2.5655 2.0453773005076783e-15
2.5665 2.628776606042837e-21
2.5675 2.611582790110838e-16
2.5685 8.113844794193491e-16
2.5695 1.2604246647140187e-16
2.5705 1.6475514499369525e-21
2.5715 8.954365361764626e-16
2.5725 8.4753307304036e-17
2.5735 2.3524016694002376e-16
2.5745 1.0283994161590992e-21
2.5755 3.937192206840517e-16
2.5765 1.1913698543075232e-16
2.5775 7.203619179788693e-22
2.5785 6.394513442482937e-22
2.5795 5.726955555622772e-16
2.5805 5.035138851230795e-22
2.5815 4.646716824921185e-17
2.5825 3.9237350554104146e-22
2.5835 3.410873702427049e-22
2.5845 2.6505288591891844e-16
2.5855 2.5643733057452163e-22
2.5865 7.562801556635543e-18
2.5875 1.6337042228710778e-17
2.5885 1.4300903942000837e-16
2.5895 1.4180095615501558e-22
2.5905 7.19110168023655e-17
2.5915 1.0395104293419893e-22
2.5925 8.858930822472327e-23
2.5935 7.522302662048031e-23
2.5945 6.357197022507968e-23
2.5955 5.346971763425141e-23
2.5965 2.3701807764336378e-17
2.5975 4.039477416020724e-18
2.5985 3.0702499365981484e-23
2.5995 2.5097635762495894e-23
2.6005 1.8931061687465912e-17
