Wavelength_microns Throughput
0.5502000122070313 9.358637119186873e-11
0.5512000122070313 1.2632715292558828e-12
0.5522000122070313 8.674572904350318e-13
0.5532000122070313 9.592298813504316e-13
0.5542000122070313 1.0423348413908296e-12
0.5552000122070313 1.115956725950005e-12
0.5562000122070313 1.160989671111645e-12
0.5572000122070313 1.1249799305508289e-12
0.5582000122070313 9.438217266315426e-13
0.5592000122070313 7.438557697447248e-13
0.5602000122070312 8.770342720912153e-13
0.5612000122070312 1.0222998117926583e-12
0.5622000122070312 1.0417394752656103e-12
0.5632000122070312 1.1203390570198589e-12
0.5642000122070312 1.3701769596534776e-12
0.5652000122070312 1.4995824490024763e-10
0.5662000122070312 1.042815385098026e-09
0.5672000122070312 2.2849125129093038e-12
0.5682000122070312 2.5104311233355645e-12
0.5692000122070312 2.690993505012335e-12
0.5702000122070312 4.999509905887343e-10
0.5712000122070312 2.939404853280726e-12
0.5722000122070312 3.006045848743772e-12
0.5732000122070312 3.0212532941847492e-12
0.5742000122070312 2.978513079510596e-12
0.5752000122070312 2.8909855513834206e-12
0.5762000122070312 2.764026774013391e-12
0.5772000122070312 2.6075406561714318e-12
0.5782000122070312 3.455108390258082e-10
0.5792000122070312 2.333032910338778e-12
0.5802000122070312 2.369124283722746e-12
0.5812000122070312 2.610867344848724e-12
0.5822000122070312 3.0346991058837655e-12
0.5832000122070312 3.572607096760569e-12
0.5842000122070312 4.196220919931741e-12
0.5852000122070312 1.0793674268226832e-11
0.5862000122070312 5.541985988881762e-12
0.5872000122070312 6.147128560130439e-12
0.5882000122070312 6.664829616967109e-12
0.5892000122070312 7.1051914503623366e-12
0.5902000122070312 7.356526871738243e-10
0.5912000122070312 7.911602646933208e-12
0.5922000122070312 1.2459859133562282e-09
0.5932000122070312 8.721357798466209e-12
0.5942000122070312 9.044264705911454e-12
0.5952000122070312 1.1096698099636626e-08
0.5962000122070312 9.496637660169026e-12
0.5972000122070312 1.4344222331800684e-10
0.5982000122070312 4.0751063763194086e-10
0.5992000122070312 9.91306315868348e-12
0.6002000122070312 1.3846764583357986e-08
0.6012000122070312 1.0255508924405751e-11
0.6022000122070312 2.4550448183742433e-09
0.6032000122070312 1.0694473316384341e-11
0.6042000122070312 1.2790293587052117e-08
0.6052000122070312 6.317323198245671e-10
0.6062000122070312 1.1284245596342988e-11
0.6072000122070312 3.4303738957917455e-09
0.6082000122070312 2.3672987291263337e-09
0.6092000122070312 4.790981834421862e-09
0.6102000122070312 2.45660525778541e-09
0.6112000122070312 6.506520771714991e-09
0.6122000122070312 9.219916285906322e-09
0.6132000122070312 9.957625823708985e-09
0.6142000122070312 1.2897073688591929e-08
0.6152000122070312 1.4920441261877576e-08
0.6162000122070312 1.858219861348063e-08
0.6172000122070312 8.03733961821511e-09
0.6182000122070312 6.042567115177963e-09
0.6192000122070312 4.2163007223501536e-10
0.6202000122070312 1.3644258338185016e-11
0.6212000122070312 3.1776759632267157e-09
0.6222000122070312 1.3877740642765874e-11
0.6232000122070313 1.0281036802165838e-08
0.6242000122070313 5.518831617855022e-09
0.6252000122070313 7.469997255489118e-09
0.6262000122070313 3.2780716722632508e-09
0.6272000122070313 1.4717433648999088e-11
0.6282000122070313 1.4872791418850036e-11
0.6292000122070313 1.1947148877014183e-08
0.6302000122070313 1.8747081178726647e-08
0.6312000122070313 1.2830527094611998e-08
0.6322000122070313 1.544347359265445e-11
0.6332000122070313 1.2651740502381615e-08
0.6342000122070313 1.892803432224408e-08
0.6352000122070313 1.5373656736431814e-08
0.6362000122070313 4.7754594332472875e-08
0.6372000122070313 8.854199338936012e-09
0.6382000122070313 4.314561731931909e-08
0.6392000122070313 2.090777449349825e-08
0.6402000122070313 1.9565428456195158e-08
0.6412000122070313 3.637439223687119e-08
0.6422000122070313 7.722971987677e-09
0.6432000122070313 3.15143101855487e-09
0.6442000122070313 1.779635306178047e-08
0.6452000122070313 9.982369173815333e-09
0.6462000122070313 1.7334574094337473e-08
0.6472000122070313 1.9133362859172018e-08
0.6482000122070313 1.6827775823518738e-08
0.6492000122070313 4.968868802541313e-09
0.6502000122070313 2.4946850760542668e-08
0.6512000122070313 7.006875685685012e-09
0.6522000122070313 1.578996185594117e-08
0.6532000122070313 5.914054042505958e-09
0.6542000122070313 1.8127998834525076e-11
0.6552000122070313 1.3154836722962941e-08
0.6562000122070313 1.66364855967345e-08
0.6572000122070313 1.2168846308085835e-08
0.6582000122070313 1.6157715489905013e-08
0.6592000122070313 1.3504087444533898e-08
0.6602000122070313 1.5090819420469826e-08
0.6612000122070313 1.3701116415132161e-08
0.6622000122070313 2.342560073755122e-08
0.6632000122070313 2.5553888802901676e-08
0.6642000122070313 5.364396918928677e-08
0.6652000122070313 3.23505787502612e-08
0.6662000122070313 3.2500771297966065e-08
0.6672000122070313 2.4574049458760877e-08
0.6682000122070313 4.4855459380287615e-08
0.6692000122070313 2.646075741743489e-08
0.6702000122070313 3.532261232339021e-08
0.6712000122070313 2.5449732715245447e-08
0.6722000122070313 1.4417323563540623e-08
0.6732000122070313 3.093959334453612e-08
0.6742000122070313 2.2990618686281845e-08
0.6752000122070313 1.7476982567988282e-08
0.6762000122070313 5.6155768119238094e-08
0.6772000122070313 2.9449261522765337e-08
0.6782000122070313 2.7565456969537812e-08
0.6792000122070313 2.008492172142936e-08
0.6802000122070313 7.983963812531681e-09
0.6812000122070313 1.2070218038828693e-09
0.6822000122070313 1.3933105706143653e-08
0.6832000122070313 2.3272206227565775e-08
0.6842000122070313 5.357903170521071e-08
0.6852000122070312 7.118567367210604e-08
0.6862000122070312 2.4166818699633123e-08
0.6872000122070312 1.1040080931080748e-08
0.6882000122070312 3.798040124248807e-09
0.6892000122070312 5.350861548609068e-08
0.6902000122070312 3.1364074467097615e-08
0.6912000122070312 1.0744320703357769e-08
0.6922000122070312 1.1979085860857296e-08
0.6932000122070312 4.377833952993504e-08
0.6942000122070312 3.9763788512078834e-08
0.6952000122070312 1.707616307206984e-08
0.6962000122070312 3.4937682370054317e-09
0.6972000122070312 2.1311776105316166e-08
0.6982000122070312 3.2249938475539604e-08
0.6992000122070312 1.6797891194985367e-08
0.7002000122070312 3.677175890326833e-08
0.7012000122070312 1.1254917075826152e-08
0.7022000122070312 3.4378680538139616e-08
0.7032000122070312 1.198192977740284e-08
0.7042000122070312 3.249705286524754e-08
0.7052000122070312 5.637444123250002e-08
0.7062000122070312 2.9448454580026658e-08
0.7072000122070312 4.093621643235247e-08
0.7082000122070312 2.046538753020425e-08
0.7092000122070312 2.8794753849054433e-08
0.7102000122070312 4.9540690173463315e-08
0.7112000122070312 2.2225369894233313e-11
0.7122000122070312 1.755433255401822e-08
0.7132000122070312 2.4621397966316524e-08
0.7142000122070312 9.600160011049587e-09
0.7152000122070312 2.080592193858497e-08
0.7162000122070312 2.247069218357994e-08
0.7172000122070312 2.643273515416586e-08
0.7182000122070312 3.013517635734491e-08
0.7192000122070312 8.15272509864198e-08
0.7202000122070312 4.3318755406067996e-08
0.7212000122070312 3.458670346329325e-08
0.7222000122070312 3.80506276168461e-08
0.7232000122070312 2.877635099959346e-08
0.7242000122070312 7.19627852555678e-09
0.7252000122070312 2.1291285189467265e-08
0.7262000122070312 2.353393799341636e-11
0.7272000122070312 3.211358170541243e-08
0.7282000122070312 1.776381284655477e-08
0.7292000122070312 1.2337868564002899e-08
0.7302000122070312 3.442128037603805e-08
0.7312000122070312 2.2600998372609488e-09
0.7322000122070312 2.4064063770264804e-11
0.7332000122070312 1.4523642129205101e-09
0.7342000122070312 3.2288664421703995e-10
0.7352000122070312 2.4341138264437158e-11
0.7362000122070312 6.098485805445165e-09
0.7372000122070312 2.4510375553461673e-11
0.7382000122070312 2.4593751399397796e-11
0.7392000122070312 2.469160003934829e-11
0.7402000122070312 1.5879716024164043e-08
0.7412000122070312 2.4867374279787383e-11
0.7422000122070312 1.2445596801179836e-08
0.7432000122070312 2.5016128729168685e-11
0.7442000122070312 1.893279592833169e-08
0.7452000122070312 4.070586723461257e-09
0.7462000122070312 2.527200883092602e-11
0.7472000122070312 2.537118882945134e-11
0.7482000122070313 3.133914428754285e-09
0.7492000122070313 7.192845151264477e-09
0.7502000122070313 2.5616880615554818e-11
0.7512000122070313 1.2279098993877942e-08
0.7522000122070313 2.5752153323054655e-11
0.7532000122070313 4.534324234995737e-08
0.7542000122070313 2.5869974356523676e-11
0.7552000122070313 2.5921833352085855e-11
0.7562000122070313 2.5973220419977775e-11
0.7572000122070313 1.2522281721926714e-09
0.7582000122070313 9.21850202726163e-09
0.7592000122070313 6.756398209387869e-09
0.7602000122070313 2.618028713390763e-11
0.7612000122070313 8.885363552439643e-09
0.7622000122070313 6.551469427695841e-09
0.7632000122070313 2.644216465211783e-08
0.7642000122070313 2.640962990772682e-11
0.7652000122070313 1.5259926198948874e-08
0.7662000122070313 1.4187822549280649e-08
0.7672000122070313 3.679162049050155e-08
0.7682000122070313 5.192631857832999e-09
0.7692000122070313 2.6643694440068604e-11
0.7702000122070313 2.6726010451518384e-11
0.7712000122070313 2.6776857891236583e-11
0.7722000122070313 1.0500383907596266e-08
0.7732000122070313 1.2156279078601411e-08
0.7742000122070313 1.8989308816135046e-08
0.7752000122070313 2.6280708997974577e-09
0.7762000122070313 2.7067372943740473e-11
0.7772000122070313 2.7132922601785994e-11
0.7782000122070313 2.431975593324214e-09
0.7792000122070313 2.724147284164441e-11
0.7802000122070313 2.728320625107413e-11
0.7812000122070313 2.7342308352545295e-11
0.7822000122070313 2.737296307894362e-11
0.7832000122070313 5.5238661577245516e-09
0.7842000122070313 2.7442504507859178e-11
0.7852000122070313 2.7498957627471742e-11
0.7862000122070313 6.097592020295525e-10
0.7872000122070313 2.065555236733589e-08
0.7882000122070313 1.5910389306277578e-08
0.7892000122070313 7.781278319727397e-09
0.7902000122070313 2.7657922820783337e-11
0.7912000122070313 2.7708564013202548e-11
0.7922000122070313 9.532577421987292e-09
0.7932000122070313 2.7728650759512366e-11
0.7942000122070313 2.153407119385921e-09
0.7952000122070313 2.7766740115867114e-11
0.7962000122070313 4.83071644866345e-08
0.7972000122070313 7.995290161523583e-08
0.7982000122070313 2.7738987334315238e-11
0.7992000122070313 5.050005682914276e-08
0.8002000122070313 1.7785684724594047e-08
0.8012000122070313 2.9729618214070987e-08
0.8022000122070313 3.5604766329670615e-08
0.8032000122070313 3.373420834175815e-08
0.8042000122070313 3.3497432525825385e-08
0.8052000122070313 2.302154143816079e-09
0.8062000122070313 1.713510954123305e-08
0.8072000122070313 6.204092587817773e-10
0.8082000122070313 5.753569113933937e-09
0.8092000122070313 6.058462643495554e-08
0.8102000122070312 1.1289158943563724e-08
0.8112000122070312 5.225742172561007e-08
0.8122000122070312 8.366758628347234e-09
0.8132000122070312 5.788175315421822e-08
0.8142000122070312 2.854412984952881e-11
0.8152000122070312 3.5863486328342877e-08
0.8162000122070312 3.349612591397667e-08
0.8172000122070312 6.682505936984205e-08
0.8182000122070312 1.7127727159747315e-09
0.8192000122070312 3.4066968472317343e-08
0.8202000122070312 2.0328080263173303e-08
0.8212000122070312 1.3385755206237714e-08
0.8222000122070312 7.656991791797413e-09
0.8232000122070312 2.8917079744608732e-11
0.8242000122070312 4.943183568921633e-09
0.8252000122070312 5.2469196865113535e-08
0.8262000122070312 2.8994937165614307e-11
0.8272000122070312 1.031330925991016e-09
0.8282000122070312 2.6385647932702593e-08
0.8292000122070312 4.199921716138342e-08
0.8302000122070312 7.788791585460414e-09
0.8312000122070312 2.916929863135754e-11
0.8322000122070312 1.12194541617751e-08
0.8332000122070312 3.816266746426872e-08
0.8342000122070312 2.8143377124265832e-08
0.8352000122070312 5.244021629039883e-08
0.8362000122070312 7.0081285861331e-08
0.8372000122070312 4.89404263275165e-08
0.8382000122070312 4.887772152709082e-08
0.8392000122070312 6.747082928350166e-08
0.8402000122070312 4.600123946656793e-08
0.8412000122070312 2.848207160070828e-08
0.8422000122070312 9.450787559085467e-08
0.8432000122070312 8.482606260518181e-08
0.8442000122070312 1.57716783477487e-07
0.8452000122070312 1.9000430246520296e-07
0.8462000122070312 2.019747752524018e-07
0.8472000122070312 2.5761066360400745e-07
0.8482000122070312 2.207818053337688e-07
0.8492000122070312 2.3137603593278038e-07
0.8502000122070312 1.1698427656460967e-07
0.8512000122070312 6.26855197494531e-08
0.8522000122070312 6.288528289666834e-08
0.8532000122070312 3.8449030459975265e-09
0.8542000122070312 2.4199094467936864e-08
0.8552000122070312 2.7936887512747455e-08
0.8562000122070312 1.4152461313025401e-08
0.8572000122070312 3.0208398342743377e-11
0.8582000122070312 8.243722722879564e-08
0.8592000122070312 1.3070041674612345e-08
0.8602000122070312 3.032423335217697e-11
0.8612000122070312 2.0372036891003993e-08
0.8622000122070312 1.949218636553247e-08
0.8632000122070312 7.492862074973297e-10
0.8642000122070312 2.9821851676472037e-09
0.8652000122070312 3.052258621354403e-11
0.8662000122070312 3.0599253804657846e-11
0.8672000122070312 3.059134864030867e-11
0.8682000122070312 3.0617668848164974e-11
0.8692000122070312 4.742960181897257e-08
0.8702000122070312 3.0692714736209236e-11
0.8712000122070312 5.625231998876534e-09
0.8722000122070312 1.7677087998698317e-09
0.8732000122070313 3.039237522398511e-08
0.8742000122070313 3.0830789581545506e-11
0.8752000122070313 2.623352037627029e-08
0.8762000122070313 1.835466712760391e-07
0.8772000122070313 3.0914605216227334e-11
0.8782000122070313 4.331388636112445e-08
0.8792000122070313 3.094682361550615e-11
0.8802000122070313 3.094653839281815e-11
0.8812000122070313 2.2838468420051404e-07
0.8822000122070313 1.5185410532460922e-07
0.8832000122070313 3.093053451110611e-11
0.8842000122070313 1.3470713827720153e-08
0.8852000122070313 2.5502519536525246e-08
0.8862000122070313 2.399913556400209e-07
0.8872000122070313 5.173863583133484e-07
0.8882000122070313 3.12614450935446e-11
0.8892000122070313 6.018926709501859e-07
0.8902000122070313 3.130974377230358e-11
0.8912000122070313 9.409565762649168e-08
0.8922000122070313 3.137952225225415e-11
0.8932000122070313 6.519478844385714e-07
0.8942000122070313 4.235727484368035e-07
0.8952000122070313 3.1245503704501935e-07
0.8962000122070313 1.1200102692491457e-07
0.8972000122070313 2.635736807037594e-08
0.8982000122070313 7.262587712989178e-08
0.8992000122070313 3.1432112600101833e-11
0.9002000122070313 3.1507835370576223e-11
0.9012000122070313 1.523993240282918e-07
0.9022000122070313 3.162161766637986e-11
0.9032000122070313 6.013285367665633e-08
0.9042000122070313 2.940149259567662e-07
0.9052000122070313 4.6342846538894197e-07
0.9062000122070313 8.147405252288975e-08
0.9072000122070313 3.689091034664487e-07
0.9082000122070313 3.1863192259717007e-11
0.9092000122070313 1.4452736292511819e-07
0.9102000122070313 3.193871077577819e-11
0.9112000122070313 3.196262187801236e-11
0.9122000122070313 3.6091471611689984e-07
0.9132000122070313 1.9624679078740575e-07
0.9142000122070313 1.4038750478353698e-07
0.9152000122070313 3.2053882640145596e-11
0.9162000122070313 3.207579953103609e-11
0.9172000122070313 2.713056136612566e-07
0.9182000122070313 3.974104971848738e-08
0.9192000122070313 3.2175262432523137e-11
0.9202000122070313 3.2195977487291227e-11
0.9212000122070313 2.1013232123258362e-07
0.9222000122070313 3.081938138612866e-07
0.9232000122070313 3.2253018062980474e-11
0.9242000122070313 2.96309244494099e-07
0.9252000122070313 3.228983525907229e-11
0.9262000122070313 3.110316104443401e-08
0.9272000122070313 2.413711685962424e-07
0.9282000122070313 3.229963714102316e-11
0.9292000122070313 3.2315393028857935e-11
0.9302000122070313 9.955182235348026e-08
0.9312000122070313 7.127046114121371e-08
0.9322000122070313 3.3318093390635116e-07
0.9332000122070313 8.858702559077263e-08
0.9342000122070313 1.234566926641803e-08
0.9352000122070312 3.2834992753403034e-07
0.9362000122070312 1.5135502370229722e-07
0.9372000122070312 4.924008432907791e-07
0.9382000122070312 7.030461824715406e-07
0.9392000122070312 1.1504159867609856e-06
0.9402000122070312 1.0562807640134315e-06
0.9412000122070312 1.2980143056739983e-06
0.9422000122070312 1.756699032133068e-06
0.9432000122070312 1.1378237409138654e-06
0.9442000122070312 1.2388978253504063e-06
0.9452000122070312 7.758779723296419e-07
0.9462000122070312 6.598851720372228e-07
0.9472000122070312 5.721974717285503e-07
0.9482000122070312 2.583026088767282e-07
0.9492000122070312 6.133750768925713e-07
0.9502000122070312 4.652542406132984e-07
0.9512000122070312 1.175019811220584e-07
0.9522000122070312 9.233765020027095e-08
0.9532000122070312 2.4545497830788014e-07
0.9542000122070312 1.7372813475624689e-07
0.9552000122070312 5.796087488622037e-08
0.9562000122070312 3.1400076752173223e-07
0.9572000122070312 4.1152992775832756e-07
0.9582000122070312 1.1375482763340418e-07
0.9592000122070312 5.3245091237064204e-08
0.9602000122070312 1.2113272010165612e-07
0.9612000122070312 1.3046334462649233e-07
0.9622000122070312 3.239376257376826e-11
0.9632000122070312 2.3494391115559933e-07
0.9642000122070312 4.55194544884595e-08
0.9652000122070312 3.059861877480789e-07
0.9662000122070312 3.245838061800443e-11
0.9672000122070312 2.0025822548402397e-07
0.9682000122070312 2.694640644248191e-07
0.9692000122070312 9.901978679438531e-08
0.9702000122070312 3.2473990390451326e-11
0.9712000122070312 3.248263319829911e-11
0.9722000122070312 1.9531989672961655e-07
0.9732000122070312 3.248916378210024e-11
0.9742000122070312 1.38541142202494e-07
0.9752000122070312 1.342750422663753e-07
0.9762000122070312 1.1902793193635789e-07
0.9772000122070312 1.6212819547498251e-07
0.9782000122070312 1.1086514674812669e-07
0.9792000122070312 2.5827627707735634e-07
0.9802000122070312 1.6820535285000735e-07
0.9812000122070312 5.069918273937088e-07
0.9822000122070312 6.085822473315293e-08
0.9832000122070312 4.0414642475832475e-07
0.9842000122070312 6.820309533296537e-07
0.9852000122070312 1.0726035505060686e-06
0.9862000122070312 1.1241907379806115e-06
0.9872000122070312 1.043445687175098e-06
0.9882000122070312 6.057109186409336e-07
0.9892000122070312 6.983878342618907e-07
0.9902000122070312 7.559252197652479e-07
0.9912000122070312 4.296777509787171e-07
0.9922000122070312 1.8742771272472702e-07
0.9932000122070312 1.0765576276891439e-07
0.9942000122070312 1.5707416439450618e-07
0.9952000122070312 3.245244900768463e-11
0.9962000122070312 3.0205725028233574e-07
0.9972000122070312 9.106332579578615e-07
0.9982000122070313 1.0918682016407243e-06
0.9992000122070313 6.40666620544611e-07
1.0002000122070311 6.647665851891013e-07
1.0012000122070313 8.900164240050833e-07
1.0022000122070311 7.149080562987643e-07
1.0032000122070313 1.303367032290926e-07
1.0042000122070311 6.272489499024223e-07
1.0052000122070313 4.718392427144888e-07
1.0062000122070311 1.4230345468493771e-07
1.0072000122070313 5.281167650160238e-07
1.0082000122070311 3.5986275831319657e-07
1.0092000122070313 3.7098783284711335e-07
1.0102000122070312 5.264787798410261e-07
1.0112000122070313 1.0144498249090716e-07
1.0122000122070312 3.16099087157496e-07
1.0132000122070313 9.099358816810075e-07
1.0142000122070312 7.413879455691679e-07
1.0152000122070313 9.258838349714912e-07
1.0162000122070312 1.0943229182809354e-06
1.0172000122070313 4.834819845136764e-07
1.0182000122070312 7.868307697244908e-07
1.0192000122070313 9.432569107224273e-07
1.0202000122070312 5.782357400115392e-07
1.0212000122070313 3.266107784479347e-11
1.0222000122070312 5.905769459696132e-07
1.0232000122070313 3.2545436723867997e-07
1.024199951171875 9.617219934443769e-07
1.025199951171875 1.3732606905725004e-06
1.026199951171875 3.276823849870535e-11
1.027199951171875 1.560472623951567e-06
1.028199951171875 1.0521608082804606e-07
1.029199951171875 4.770457041554869e-07
1.030199951171875 7.327035838087823e-07
1.031199951171875 7.03863127204758e-07
1.032199951171875 6.214622348235245e-08
1.033199951171875 1.1083384298784324e-07
1.034199951171875 6.219399991289677e-07
1.035199951171875 9.441097599561531e-08
1.036199951171875 3.8153658512175465e-07
1.037199951171875 8.075922515507952e-07
1.038199951171875 1.641639110221102e-08
1.039199951171875 3.759709106818505e-07
1.040199951171875 6.864641931219958e-07
1.041199951171875 7.557213225937471e-07
1.042199951171875 9.002944072398324e-07
1.043199951171875 1.627145173510126e-07
1.044199951171875 5.394507032558666e-07
1.045199951171875 3.3838965465116795e-11
1.046199951171875 4.6063088923877013e-07
1.047199951171875 4.902175374635672e-07
1.048199951171875 8.440194245572191e-07
1.049199951171875 6.77532155581693e-07
1.050199951171875 1.3261451277067342e-06
1.051199951171875 1.3407393612762334e-06
1.052199951171875 1.1634307960258305e-06
1.053199951171875 3.6018993967547737e-07
1.054199951171875 1.1645619160195347e-07
1.055199951171875 7.255192844250633e-07
1.056199951171875 5.282585841153946e-07
1.057199951171875 1.0865561138387145e-06
1.058199951171875 7.651341521337551e-07
1.059199951171875 6.266547970722213e-07
1.060199951171875 8.754584719784129e-07
1.061199951171875 1.2304168257010526e-06
1.062199951171875 7.491159610476044e-07
1.063199951171875 1.0945524623083609e-06
1.064199951171875 9.071132367899086e-07
1.065199951171875 1.4448511193790142e-06
1.066199951171875 6.695887992089558e-07
1.067199951171875 1.4210854571228364e-06
1.068199951171875 1.1354423614236651e-06
1.069199951171875 1.4404674088405018e-06
1.070199951171875 6.83533520003378e-07
1.071199951171875 7.338486795414487e-07
1.072199951171875 1.1503610705271264e-06
1.073199951171875 1.24012797608773e-06
1.074199951171875 1.5049727426278278e-06
1.075199951171875 4.512007203725353e-07
1.076199951171875 1.3366282653885996e-06
1.077199951171875 1.1940642430641536e-06
1.078199951171875 1.2722300160208179e-06
1.079199951171875 7.397710970482586e-07
1.080199951171875 1.2239991486222394e-06
1.081199951171875 7.703619112393876e-07
1.082199951171875 3.4454361947344974e-07
1.083199951171875 8.130259414708308e-07
1.084199951171875 9.702510597582496e-07
1.085199951171875 9.962906987167718e-07
1.086199951171875 9.897812537130435e-07
1.087199951171875 7.395396130865747e-07
1.088199951171875 2.872419915928567e-07
1.089199951171875 8.477906494043612e-07
1.090199951171875 3.5222024493271435e-07
1.091199951171875 9.376373478430434e-07
1.092199951171875 5.243071928915528e-07
1.093199951171875 2.0692073833586207e-07
1.094199951171875 4.1787802234703374e-07
1.095199951171875 2.9212793470629634e-07
1.096199951171875 4.6449248907370164e-07
1.097199951171875 1.1625970188982654e-06
1.098199951171875 6.794019299719355e-07
1.099199951171875 3.6089127984613215e-11
1.100199951171875 7.626525851539223e-07
1.101199951171875 3.620156277067999e-11
1.102199951171875 6.911778209464871e-07
1.103199951171875 1.659545582354548e-07
1.104199951171875 3.584495809990994e-07
1.105199951171875 2.5482963426438964e-07
1.106199951171875 9.457161633873473e-07
1.107199951171875 1.1742137498810995e-06
1.108199951171875 8.981725769563315e-07
1.109199951171875 1.5592496628051126e-07
1.110199951171875 3.687869097622801e-07
1.111199951171875 5.11552036240812e-07
1.112199951171875 8.479649934685612e-07
1.113199951171875 8.065723880199802e-07
1.114199951171875 1.1867530670235315e-06
1.115199951171875 7.784661322336545e-07
1.116199951171875 1.2530541160315896e-06
1.117199951171875 2.192503186063363e-06
1.118199951171875 2.2526446870066473e-07
1.119199951171875 1.1376636419404351e-06
1.120199951171875 9.542225172834472e-07
1.121199951171875 1.2994063606734422e-06
1.122199951171875 1.6517635408938723e-06
1.123199951171875 1.2632997947376002e-06
1.124199951171875 2.0339500302807916e-06
1.125199951171875 1.1732777785409721e-06
1.126199951171875 1.4362413013168864e-06
1.127199951171875 6.27040593388115e-07
1.128199951171875 1.5118086556332448e-06
1.129199951171875 6.72390489629965e-07
1.130199951171875 1.090984809993418e-06
1.131199951171875 1.0959544615282956e-06
1.132199951171875 9.841019477292166e-07
1.133199951171875 1.0939609895324452e-06
1.134199951171875 1.3148552282317727e-06
1.135199951171875 1.0957492324806497e-06
1.136199951171875 3.7949355213853964e-07
1.137199951171875 2.78384321314173e-07
1.138199951171875 6.801579089486576e-07
1.139199951171875 7.827963643067974e-07
1.140199951171875 6.808731324315506e-07
1.141199951171875 8.764464786511835e-07
1.142199951171875 8.245775488061677e-07
1.143199951171875 7.65298210315566e-07
1.144199951171875 3.7396913943431215e-11
1.145199951171875 4.967326203078546e-07
1.146199951171875 3.524897617501972e-07
1.147199951171875 7.273928727587535e-07
1.148199951171875 5.714938293310652e-07
1.149199951171875 3.782036837963976e-11
1.150199951171875 5.691698212264235e-07
1.151199951171875 4.366042320306548e-07
1.152199951171875 3.796538758724468e-11
1.153199951171875 5.70766261646222e-07
1.154199951171875 8.66840921556677e-09
1.155199951171875 1.557823086364444e-07
1.156199951171875 9.139251970896738e-07
1.157199951171875 3.187995829949898e-07
1.158199951171875 3.8180761474806206e-11
1.159199951171875 7.895413058532849e-08
1.160199951171875 1.3085235777319437e-07
1.161199951171875 4.369243725803734e-08
1.162199951171875 4.966593363168995e-07
1.163199951171875 3.686477714003699e-07
1.164199951171875 3.3213081930816075e-07
1.165199951171875 2.1995813873825474e-07
1.166199951171875 7.096870013589368e-08
1.167199951171875 3.842910384002588e-11
1.168199951171875 7.170100107715165e-07
1.169199951171875 8.028302940254301e-07
1.170199951171875 3.00093613731183e-07
1.171199951171875 6.083771755662256e-08
1.172199951171875 8.108674733533006e-07
1.173199951171875 3.8504134186900546e-11
1.174199951171875 5.356694892926742e-07
1.175199951171875 4.3127829144778823e-07
1.176199951171875 7.765053328854553e-07
1.177199951171875 7.937415637965829e-08
1.178199951171875 1.3238851295503278e-07
1.179199951171875 4.854126303721985e-07
1.180199951171875 4.4029412440439376e-07
1.181199951171875 5.918057866033087e-07
1.182199951171875 2.5635063328015065e-07
1.183199951171875 7.730250371272897e-07
1.184199951171875 3.6172538918410764e-07
1.185199951171875 3.530925852467134e-07
1.186199951171875 8.819943015397245e-08
1.187199951171875 5.991832867416147e-07
1.188199951171875 1.4047774877583698e-07
1.189199951171875 5.002136801265282e-07
1.190199951171875 3.782344895501335e-07
1.191199951171875 9.666924077301071e-08
1.192199951171875 9.994981038146758e-07
1.193199951171875 3.8518298247376214e-11
1.194199951171875 3.4113561886739025e-08
1.195199951171875 4.346169463605434e-07
1.196199951171875 3.842381386446511e-11
1.197199951171875 1.3494765992187787e-07
1.198199951171875 6.336484856070727e-07
1.199199951171875 1.4635633547143507e-07
1.200199951171875 2.4936530822382266e-08
1.201199951171875 7.596019709463203e-08
1.202199951171875 2.973697448182993e-07
1.203199951171875 1.9902470570905632e-07
1.204199951171875 2.3642801714153612e-07
1.205199951171875 3.850514921201277e-11
1.206199951171875 1.029529656095269e-06
1.207199951171875 3.851911564869395e-11
1.208199951171875 8.384529690735249e-08
1.209199951171875 2.7571250074262045e-07
1.210199951171875 5.8898121058224454e-08
1.211199951171875 3.8048675368593296e-07
1.212199951171875 1.1034004338949077e-07
1.213199951171875 5.2959024756357235e-08
1.214199951171875 3.3342001546833016e-07
1.215199951171875 3.9027997112591353e-11
1.216199951171875 3.9399428245706953e-07
1.217199951171875 3.5525979384196814e-08
1.218199951171875 5.14911544210485e-07
1.219199951171875 3.926554454077466e-11
1.220199951171875 6.024546246344357e-08
1.221199951171875 1.7202244922737437e-07
1.222199951171875 3.943681069218694e-11
1.223199951171875 5.536061964469503e-07
1.224199951171875 2.509111991663563e-07
1.225199951171875 3.953620052097281e-11
1.226199951171875 7.958715714898219e-07
1.227199951171875 3.961909137755227e-11
1.228199951171875 3.0281162778749137e-07
1.229199951171875 7.394547866523969e-07
1.230199951171875 3.9681595188700767e-11
1.231199951171875 2.00188308585236e-07
1.232199951171875 6.124592772829418e-07
1.233199951171875 3.9741056737638976e-11
1.234199951171875 3.97593744276857e-11
1.235199951171875 4.6257640151564494e-07
1.236199951171875 3.9804230144112376e-11
1.237199951171875 3.986083995929386e-11
1.238199951171875 2.7280936060002657e-07
1.239199951171875 3.989301337149793e-11
1.240199951171875 3.990838954120139e-11
1.241199951171875 3.993133084933074e-11
1.242199951171875 3.9979613926515676e-11
1.243199951171875 3.550454418899455e-08
1.244199951171875 2.543167256841979e-07
1.245199951171875 7.139405200793751e-08
1.246199951171875 6.129115235246613e-07
1.247199951171875 4.004646014655286e-11
1.248199951171875 2.196312343896118e-07
1.249199951171875 7.069736396567629e-08
1.250199951171875 1.240269510022592e-07
1.251199951171875 6.864395971217888e-07
1.252199951171875 4.0103522939648806e-11
1.253199951171875 4.4661789248287304e-07
1.254199951171875 3.3525443815438223e-07
1.255199951171875 5.288606057744394e-08
1.256199951171875 8.855569475359115e-08
1.257199951171875 2.037376316506784e-07
1.258199951171875 2.099475191068726e-07
1.259199951171875 7.994618945117425e-08
1.260199951171875 1.0447987168895145e-07
1.261199951171875 4.022266528973924e-11
1.262199951171875 3.971385114231811e-07
1.263199951171875 4.023147328838239e-11
1.264199951171875 1.6147023375651525e-08
1.265199951171875 8.855334980519434e-08
1.266199951171875 4.0242435174192306e-11
1.267199951171875 4.024537790535062e-11
1.268199951171875 6.327625570179053e-07
1.269199951171875 1.583696846913505e-07
1.270199951171875 7.737555661089269e-07
1.271199951171875 5.224871157013579e-08
1.272199951171875 4.0257957725659154e-11
1.273199951171875 1.0618989432249185e-07
1.274199951171875 2.53925404532471e-07
1.275199951171875 6.879507734178439e-08
1.276199951171875 3.253211346376303e-07
1.277199951171875 1.0668497504541446e-07
1.278199951171875 3.7424038270323466e-07
1.279199951171875 4.029265240033776e-11
1.280199951171875 5.545855934971814e-07
1.281199951171875 3.8557474111449675e-07
1.282199951171875 1.1377514093874797e-07
1.283199951171875 8.349698704416122e-07
1.284199951171875 2.638428682809821e-07
1.285199951171875 3.766624340361136e-07
1.286199951171875 4.0182495194351174e-07
1.287199951171875 5.1085589339591936e-08
1.288199951171875 8.486859164464869e-07
1.289199951171875 1.6183722929306973e-06
1.290199951171875 4.0123703656853175e-11
1.291199951171875 2.615280397548818e-07
1.292199951171875 5.589667248335718e-07
1.293199951171875 7.70071260462873e-07
1.294199951171875 9.1679368396708e-07
1.295199951171875 6.645881479887056e-07
1.296199951171875 3.802294438065786e-10
1.297199951171875 7.188516229679345e-07
1.298199951171875 1.7467334410038092e-07
1.299199951171875 1.6626946922155237e-07
1.300199951171875 2.5415527060842354e-07
1.301199951171875 1.2121172897547734e-06
1.302199951171875 3.148927918026962e-07
1.303199951171875 4.478873863634164e-07
1.304199951171875 4.4731806147663414e-07
1.305199951171875 5.644752919764123e-07
1.306199951171875 1.5846058216486096e-07
1.307199951171875 7.176092464050454e-07
1.308199951171875 9.795328900926825e-07
1.309199951171875 4.832405802500143e-07
1.310199951171875 3.462085020241116e-07
1.311199951171875 1.471834684831863e-07
1.312199951171875 4.13181877732172e-07
1.313199951171875 1.0193068264583741e-06
1.314199951171875 1.0072833187021153e-06
1.315199951171875 1.690571245250471e-07
1.316199951171875 1.6465644790646428e-06
1.317199951171875 1.0486824119128165e-06
1.318199951171875 1.8720137942788198e-07
1.319199951171875 1.0691263337338741e-07
1.320199951171875 2.4094146741436027e-07
1.321199951171875 2.1604780596082032e-07
1.322199951171875 5.451290642224766e-08
1.323199951171875 1.786490620549664e-07
1.324199951171875 3.1452328715915807e-07
1.325199951171875 5.545230927887485e-07
1.326199951171875 8.09654613451008e-07
1.327199951171875 4.1276753867729114e-11
1.328199951171875 4.761324398538806e-07
1.329199951171875 2.0923190260645896e-07
1.330199951171875 2.9461179295465256e-07
1.331199951171875 4.64124506222781e-08
1.332199951171875 1.8458725392125707e-06
1.333199951171875 4.1360808083118676e-11
1.334199951171875 6.257743929328725e-07
1.335199951171875 5.691121422743765e-07
1.336199951171875 4.809617445563869e-07
1.337199951171875 6.239554648950828e-07
1.338199951171875 5.855608521541409e-07
1.339199951171875 1.2596289548309785e-06
1.340199951171875 2.7127579854255423e-07
1.341199951171875 3.5304780635714994e-07
1.342199951171875 6.534508304271027e-07
1.343199951171875 1.0935604939228409e-06
1.344199951171875 7.636744332181863e-07
1.345199951171875 4.1597156608562086e-11
1.346199951171875 1.2182949311370677e-06
1.347199951171875 3.092100869946294e-07
1.348199951171875 4.16679787896419e-11
1.349199951171875 4.187828986294908e-07
1.350199951171875 3.244738978194711e-07
1.351199951171875 7.407144716154271e-07
1.352199951171875 1.19481955140007e-06
1.353199951171875 1.7876197682203255e-08
1.354199951171875 6.27891779563161e-08
1.355199951171875 4.3778495374595493e-07
1.356199951171875 1.2548442701318802e-06
1.357199951171875 2.1007126876055583e-07
1.358199951171875 2.632210277901439e-08
1.359199951171875 8.307893848081871e-07
1.360199951171875 7.336202012272936e-07
1.361199951171875 4.1912501548244624e-11
1.362199951171875 6.273554826300975e-07
1.363199951171875 3.939696223142327e-07
1.364199951171875 6.486685474825005e-07
1.365199951171875 8.97810475599511e-07
1.366199951171875 4.197235199810348e-11
1.367199951171875 3.0812640639975697e-07
1.368199951171875 8.204351882688402e-07
1.369199951171875 1.8987774965515398e-07
1.370199951171875 4.202385970541593e-11
1.371199951171875 1.4711413112574106e-06
1.372199951171875 7.024133772241523e-07
1.373199951171875 5.064651966519201e-07
1.374199951171875 9.23491890983545e-07
1.375199951171875 3.238382766946721e-07
1.376199951171875 7.518241064130685e-07
1.377199951171875 2.3449451732092713e-07
1.378199951171875 2.1435696010884946e-07
1.379199951171875 1.1937040005752307e-06
1.380199951171875 1.0173281794661197e-06
1.381199951171875 1.3264117132913878e-07
1.382199951171875 1.3669175005134302e-06
1.383199951171875 1.0009691842719665e-06
1.384199951171875 2.476024891399404e-07
1.385199951171875 1.4834544270154946e-06
1.386199951171875 8.43575160734191e-07
1.387199951171875 5.271138297015714e-07
1.388199951171875 8.435850157771616e-07
1.389199951171875 1.5326594938963242e-06
1.390199951171875 9.164632341420363e-07
1.391199951171875 1.0732662518102563e-06
1.392199951171875 6.889971422384897e-08
1.393199951171875 1.1679111769646676e-06
1.394199951171875 5.979098292605248e-07
1.395199951171875 1.1223059371635433e-06
1.396199951171875 4.7461415166720326e-07
1.397199951171875 3.470282688506516e-07
1.398199951171875 3.57114329583453e-07
1.399199951171875 4.2284767250536335e-11
1.400199951171875 5.267653627550152e-07
1.401199951171875 1.1426143302955224e-07
1.402199951171875 8.988237373281398e-07
1.403199951171875 2.655095717281141e-07
1.404199951171875 1.6845628329226467e-07
1.405199951171875 1.177724054661848e-06
1.406199951171875 7.788211836330751e-07
1.407199951171875 4.6189908868269453e-07
1.408199951171875 6.504330916785183e-07
1.409199951171875 3.1289873938076776e-07
1.410199951171875 1.0984669066159007e-06
1.411199951171875 3.105155430767515e-07
1.412199951171875 3.3169912533865276e-07
1.413199951171875 5.67375503237487e-07
1.414199951171875 7.099754798767207e-07
1.415199951171875 6.501966872990779e-07
1.416199951171875 8.38641342505958e-08
1.417199951171875 7.566604844872977e-07
1.418199951171875 1.2182996736707902e-06
1.419199951171875 1.0384964065896145e-06
1.420199951171875 1.4885932173783593e-06
1.421199951171875 8.393296081933543e-09
1.422199951171875 4.4363598985312e-07
1.423199951171875 1.0809652828215938e-06
1.424199951171875 4.727166151188794e-07
1.425199951171875 9.270906858479987e-07
1.426199951171875 1.1702948273777274e-06
1.427199951171875 4.616020895395106e-07
1.428199951171875 7.658612114409366e-07
1.429199951171875 3.2814407262325153e-07
1.430199951171875 3.8897466460258723e-07
1.431199951171875 5.335217432616724e-07
1.432199951171875 6.735864248361542e-08
1.433199951171875 1.1551567028769004e-06
1.434199951171875 8.694380575235095e-07
1.435199951171875 5.798735718948376e-07
1.436199951171875 6.626116448569575e-08
1.437199951171875 8.355211139133858e-07
1.438199951171875 4.837950027611159e-07
1.439199951171875 1.8089449397108385e-07
1.440199951171875 9.33511530847657e-07
1.441199951171875 4.3570320269848167e-11
1.442199951171875 4.168647118261737e-07
1.443199951171875 4.3631197839918194e-11
1.444199951171875 4.5831843848157364e-07
1.445199951171875 9.011769750119774e-07
1.446199951171875 1.9048300967548776e-07
1.447199951171875 2.2812838743602007e-07
1.448199951171875 6.890974261615612e-07
1.449199951171875 7.775692157458569e-07
1.450199951171875 1.8894861622322967e-07
1.451199951171875 4.375525541947249e-11
1.452199951171875 7.454111037221841e-07
1.453199951171875 8.918906808645762e-07
1.454199951171875 4.38157862148306e-11
1.455199951171875 1.1397484172437412e-06
1.456199951171875 3.2225650020078295e-07
1.457199951171875 7.886964430490585e-07
1.458199951171875 1.019027557461042e-06
1.459199951171875 4.389279476897074e-11
1.460199951171875 1.7476500780575355e-06
1.461199951171875 4.389888187715587e-11
1.462199951171875 1.282288987272182e-06
1.463199951171875 8.753691360896186e-07
1.464199951171875 4.577796372578435e-07
1.465199951171875 1.190942135814381e-06
1.466199951171875 1.7145169578927536e-07
1.467199951171875 7.398221050098458e-07
1.468199951171875 6.280393246473256e-07
1.469199951171875 1.712112525435366e-07
1.470199951171875 8.724565974300748e-07
1.471199951171875 4.401456549316239e-11
1.472199951171875 5.995564438710224e-07
1.473199951171875 8.442464539966567e-08
1.474199951171875 3.322195093286145e-07
1.475199951171875 7.366304469468999e-08
1.476199951171875 1.1480143350689983e-06
1.477199951171875 1.3966626124056951e-06
1.478199951171875 1.2464739052001672e-07
1.479199951171875 7.155045523839012e-07
1.480199951171875 6.35305427846053e-07
1.481199951171875 1.0266948815473646e-06
1.482199951171875 1.346584079764997e-06
1.483199951171875 4.412421381710844e-11
1.484199951171875 4.416565594228713e-11
1.485199951171875 5.659494289347031e-07
1.486199951171875 8.304288695380345e-07
1.487199951171875 7.773749413882922e-08
1.488199951171875 4.421677709683047e-11
1.489199951171875 6.779251744749226e-08
1.490199951171875 1.3559171627931098e-06
1.491199951171875 2.8174166875301962e-08
1.492199951171875 6.100757075353226e-07
1.493199951171875 3.434924802063319e-07
1.494199951171875 7.65712356537157e-08
1.495199951171875 4.4282268973896964e-11
1.496199951171875 8.46686352856747e-07
1.497199951171875 5.709179156740585e-07
1.498199951171875 9.556971123591761e-08
1.499199951171875 5.612928478107884e-08
1.500199951171875 1.1502953308599504e-06
1.501199951171875 5.361105993766333e-07
1.502199951171875 5.945592688100075e-07
1.503199951171875 2.574906620699171e-07
1.504199951171875 4.387085960240353e-07
1.505199951171875 3.5275904448749294e-07
1.506199951171875 5.339019925619828e-07
1.507199951171875 3.852305188249352e-08
1.508199951171875 3.1898801360892105e-07
1.509199951171875 1.1544933608298991e-06
1.510199951171875 3.123891839771854e-08
1.511199951171875 9.387507900235121e-07
1.512199951171875 1.0003578543819828e-07
1.513199951171875 5.886509234990112e-07
1.514199951171875 3.968694062584341e-07
1.515199951171875 1.0333568830907737e-06
1.516199951171875 4.4809473371531905e-11
1.517199951171875 4.4830358977061844e-11
1.518199951171875 7.372588935421879e-07
1.519199951171875 9.817355756081555e-07
1.520199951171875 9.13002793486096e-08
1.521199951171875 4.4960417553718936e-11
1.522199951171875 3.943187342973361e-07
1.523199951171875 6.849106310228405e-07
1.524199951171875 8.158714443334748e-07
1.525199951171875 7.00029718455023e-07
1.526199951171875 1.632390138454892e-07
1.527199951171875 7.894636953628596e-07
1.528199951171875 1.6053912897309288e-06
1.529199951171875 4.51284183511121e-11
1.530199951171875 1.0488538107216087e-06
1.531199951171875 8.375467541025749e-07
1.532199951171875 8.680411993982797e-07
1.533199951171875 3.787441960016192e-07
1.534199951171875 5.429331300228825e-07
1.535199951171875 7.368376479763492e-07
1.536199951171875 1.138062990903253e-06
1.537199951171875 8.965641244803599e-08
1.538199951171875 1.2925985859339558e-09
1.539199951171875 5.666286823285693e-07
1.540199951171875 1.639557979748748e-07
1.541199951171875 6.372144440342685e-07
1.542199951171875 6.684991808982988e-07
1.543199951171875 9.549332645576595e-07
1.544199951171875 1.3022613229190364e-07
1.545199951171875 4.68571894501767e-07
1.546199951171875 7.684985359542647e-08
1.547199951171875 5.34473816335133e-07
1.548199951171875 1.066220418583375e-06
1.549199951171875 1.1042578990374759e-07
1.550199951171875 5.91920483534107e-08
1.551199951171875 7.546121345025004e-07
1.552199951171875 7.596533304777647e-07
1.553199951171875 5.144437758324049e-07
1.554199951171875 4.402935029445962e-07
1.555199951171875 4.319204930438624e-07
1.556199951171875 1.1811025682300764e-06
1.557199951171875 9.726576420012545e-08
1.558199951171875 2.050194359112688e-07
1.559199951171875 1.4431710630767386e-07
1.560199951171875 2.500924602312414e-07
1.561199951171875 9.002761982578108e-07
1.562199951171875 6.743541297565276e-07
1.563199951171875 2.935000229363877e-07
1.564199951171875 5.098185268994734e-07
1.565199951171875 3.5336676763039857e-07
1.566199951171875 5.009553761493506e-07
1.567199951171875 9.784467828232384e-07
1.568199951171875 7.554153181786853e-07
1.569199951171875 3.714411987086684e-07
1.570199951171875 1.2469529941004179e-07
1.571199951171875 1.2472810084163381e-06
1.572199951171875 7.07447802783008e-07
1.573199951171875 1.191806285640762e-06
1.574199951171875 4.6169087670690755e-07
1.575199951171875 1.1600562498851546e-06
1.576199951171875 9.198295268013601e-07
1.577199951171875 1.320850211789143e-07
1.578199951171875 9.81876449845567e-07
1.579199951171875 2.4572882344363804e-06
1.580199951171875 7.310709015439327e-07
1.581199951171875 4.55109051762224e-11
1.582199951171875 6.679610430316994e-07
1.583199951171875 4.5472048307341424e-11
1.584199951171875 8.475603593230196e-07
1.585199951171875 4.5439666548950557e-11
1.586199951171875 1.0351623195530431e-06
1.587199951171875 1.93491987329346e-07
1.588199951171875 1.3752271739185922e-06
1.589199951171875 2.0921286538187477e-07
1.590199951171875 2.2483696443445595e-07
1.591199951171875 1.1935655183313775e-06
1.592199951171875 7.471955916983675e-07
1.593199951171875 1.652765893771434e-06
1.594199951171875 6.315793208982245e-08
1.595199951171875 1.6309042683210847e-06
1.596199951171875 4.018585175267371e-07
1.597199951171875 1.278389074359209e-06
1.598199951171875 1.3225885515006995e-06
1.599199951171875 1.033203890383452e-06
1.600199951171875 1.6498833461748414e-06
1.601199951171875 1.1803504644828019e-07
1.602199951171875 1.76716537562554e-06
1.603199951171875 6.224437423105099e-08
1.604199951171875 1.9265097240365916e-06
1.605199951171875 1.2346678837198576e-06
1.606199951171875 2.9836127605588665e-07
1.607199951171875 1.225412730158172e-06
1.608199951171875 1.060070702681306e-06
1.609199951171875 5.186204799436573e-07
1.610199951171875 1.6992484462502e-06
1.611199951171875 3.665901824262972e-07
1.612199951171875 1.7757826668666172e-06
1.613199951171875 2.3295389258261768e-07
1.614199951171875 6.279990612695504e-07
1.615199951171875 9.987358406895137e-07
1.616199951171875 1.5727024264856281e-07
1.617199951171875 2.2658487254056623e-06
1.618199951171875 6.53224598124717e-08
1.619199951171875 1.1545199517140867e-06
1.620199951171875 4.578663161653505e-11
1.621199951171875 5.728462897583283e-07
1.622199951171875 1.909312947636437e-06
1.623199951171875 2.0769521053269998e-07
1.624199951171875 1.1770979134139489e-06
1.625199951171875 7.172921924049377e-07
1.626199951171875 1.5715978530880654e-06
1.627199951171875 3.8630460547571125e-06
1.628199951171875 1.157022049738446e-06
1.629199951171875 1.5263916150809008e-06
1.630199951171875 1.1880788940134932e-06
1.631199951171875 2.2075971472779363e-06
1.632199951171875 1.2042469892194873e-06
1.633199951171875 1.4726379338657688e-06
1.634199951171875 1.6522029115330435e-06
1.635199951171875 1.659582344761019e-06
1.636199951171875 1.801927217574565e-06
1.637199951171875 1.3566100974301976e-06
1.638199951171875 1.3818803484388646e-06
1.639199951171875 1.2585665939768174e-06
1.640199951171875 2.2172417975124524e-06
1.641199951171875 2.550918017726041e-07
1.642199951171875 1.405690246081988e-06
1.643199951171875 1.0079263303824681e-06
1.644199951171875 1.0923339592557973e-06
1.645199951171875 7.444278341702327e-07
1.646199951171875 1.6967651815765393e-06
1.647199951171875 1.8738224135628158e-06
1.648199951171875 2.0270855919268886e-07
1.649199951171875 1.279834988039701e-06
1.650199951171875 1.6463469323259004e-06
1.651199951171875 1.1727181663255845e-06
1.652199951171875 1.4064467272160156e-06
1.653199951171875 5.727141996690471e-07
1.654199951171875 1.3473536777103443e-06
1.655199951171875 6.564802486271176e-07
1.656199951171875 1.082424962667118e-06
1.657199951171875 2.138713052634286e-06
1.658199951171875 1.104151123291803e-06
1.659199951171875 1.5183882786481043e-06
1.660199951171875 6.525926426512879e-07
1.661199951171875 7.113271969394331e-07
1.662199951171875 4.4514460807933487e-07
1.663199951171875 3.593171682697696e-07
1.664199951171875 2.373955804209489e-06
1.665199951171875 9.385609276344203e-07
1.666199951171875 6.474966879335e-07
1.667199951171875 1.109611893767744e-06
1.668199951171875 1.178721679779485e-06
1.669199951171875 1.539174479413251e-06
1.670199951171875 1.4341144355249358e-07
1.671199951171875 4.391668688299804e-07
1.672199951171875 6.027549617384892e-07
1.673199951171875 6.782508444874321e-07
1.674199951171875 9.399710782475691e-07
1.675199951171875 1.8833056746693107e-06
1.676199951171875 1.204998356261448e-07
1.677199951171875 1.4827089489580615e-06
1.678199951171875 1.0317019287298695e-06
1.679199951171875 1.068388411366782e-06
1.680199951171875 1.1673304057349373e-06
1.681199951171875 1.2178390860415604e-06
1.682199951171875 4.904801985133028e-07
1.683199951171875 1.6605931809790249e-06
1.684199951171875 8.614432372200075e-07
1.685199951171875 6.246124517483353e-07
1.686199951171875 8.102676324309462e-08
1.687199951171875 9.2411365111188e-08
1.688199951171875 1.6801860746855636e-07
1.689199951171875 4.4958230886562114e-08
1.690199951171875 5.727629030657929e-07
1.691199951171875 9.671970920052866e-07
1.692199951171875 1.3332180362415632e-06
1.693199951171875 1.5535768836370087e-06
1.694199951171875 7.711181725974474e-07
1.695199951171875 1.2871026925957252e-07
1.696199951171875 4.659622869896824e-11
1.697199951171875 1.912929255685319e-06
1.698199951171875 1.3632577653536633e-07
1.699199951171875 1.444772111975933e-06
1.700199951171875 1.876674073051563e-06
1.701199951171875 2.4211253185096923e-07
1.702199951171875 4.1301399602565505e-07
1.703199951171875 1.125159113152391e-06
1.704199951171875 3.772709675129909e-08
1.705199951171875 6.298614007906559e-08
1.706199951171875 4.648728981915192e-11
1.707199951171875 2.540621207791755e-06
1.708199951171875 2.985136819022406e-07
1.709199951171875 1.1251629320129848e-06
1.710199951171875 5.791046629351866e-07
1.711199951171875 8.58770014667136e-07
1.712199951171875 1.0716630080911786e-06
1.713199951171875 5.130924200440559e-07
1.714199951171875 1.4100759744651453e-06
1.715199951171875 1.58854829330662e-06
1.716199951171875 1.7609135829272676e-07
1.717199951171875 7.99842854236108e-07
1.718199951171875 5.220958338403252e-07
1.719199951171875 9.693977187510749e-07
1.720199951171875 3.11414106492071e-07
1.721199951171875 1.2054228267050185e-06
1.722199951171875 7.237973310977325e-07
1.723199951171875 5.833868058479023e-07
1.724199951171875 7.967970955023496e-07
1.725199951171875 1.7737303690218914e-06
1.726199951171875 1.0550396399244835e-06
1.727199951171875 6.158213605274528e-07
1.728199951171875 8.737387828593733e-07
1.729199951171875 4.6711670806154464e-11
1.730199951171875 9.608986395115236e-07
1.731199951171875 9.518433407814071e-07
1.732199951171875 6.443015850537326e-07
1.733199951171875 2.4869391923280757e-08
1.734199951171875 7.694844896543142e-07
1.735199951171875 1.1205189565756845e-06
1.736199951171875 1.2217576921506998e-06
1.737199951171875 8.207001086134577e-07
1.738199951171875 7.04133672140845e-07
1.739199951171875 2.794049786601795e-07
1.740199951171875 5.496391912898071e-07
1.741199951171875 1.804651441672842e-06
1.742199951171875 8.820610383349421e-07
1.743199951171875 4.677923475843656e-11
1.744199951171875 7.412092088935501e-09
1.745199951171875 4.7066818688588307e-07
1.746199951171875 4.693909047358259e-07
1.747199951171875 1.329351249731416e-07
1.748199951171875 4.678095465320117e-11
1.749199951171875 6.726256018846017e-07
1.750199951171875 1.1950405540897445e-07
1.751199951171875 4.465637912019889e-07
1.752199951171875 4.5387981754941983e-07
1.753199951171875 7.108753583369124e-07
1.754199951171875 1.2271383200106228e-06
1.755199951171875 1.6543863235786152e-06
1.756199951171875 1.0141095306572252e-06
1.757199951171875 2.489713651647433e-07
1.758199951171875 1.7218901304067348e-06
1.759199951171875 1.084705459108159e-06
1.760199951171875 3.526254313361272e-07
1.761199951171875 1.6682587045531776e-06
1.762199951171875 1.8304142950815987e-07
1.763199951171875 4.694169281968678e-08
1.764199951171875 5.777326424916254e-07
1.765199951171875 6.178079308092597e-07
1.766199951171875 1.9114404690787916e-06
1.767199951171875 1.9348871799403345e-06
1.768199951171875 1.4872394551176652e-07
1.769199951171875 4.6814593604652206e-11
1.770199951171875 2.3446661556747622e-07
1.771199951171875 1.922107096851176e-06
1.772199951171875 4.2886975297571515e-07
1.773199951171875 7.533338025147642e-07
1.774199951171875 1.6412465218256762e-06
1.775199951171875 1.9642292116168576e-06
1.776199951171875 5.767778748567092e-07
1.777199951171875 1.1023521416730676e-06
1.778199951171875 3.5461065026267625e-07
1.779199951171875 2.0161258432893955e-06
1.780199951171875 5.059426451133708e-07
1.781199951171875 1.6394134356105738e-06
1.782199951171875 1.521941240642321e-06
1.783199951171875 3.3624096280160606e-06
1.784199951171875 1.3845071320414304e-06
1.785199951171875 4.6949446184221026e-11
1.786199951171875 1.9869629631127873e-06
1.787199951171875 2.1043480103897468e-06
1.788199951171875 9.960471347969487e-07
1.789199951171875 6.970045656017057e-07
1.790199951171875 1.0754232382019317e-06
1.791199951171875 1.7368866050357836e-06
1.792199951171875 1.5708824658261295e-06
1.793199951171875 3.341480754756378e-06
1.794199951171875 3.6093071387996505e-06
1.795199951171875 4.726132908737867e-11
1.796199951171875 1.3953328454564722e-06
1.797199951171875 1.5666988451811983e-06
1.798199951171875 1.612900649942771e-06
1.799199951171875 1.8492014958281043e-06
1.800199951171875 2.724665204852891e-06
1.801199951171875 4.7392736519914105e-11
1.802199951171875 5.515459900099026e-07
1.803199951171875 1.977091103039567e-06
1.804199951171875 2.343040046597475e-06
1.805199951171875 3.151896397771337e-07
1.806199951171875 2.614747719278247e-06
1.807199951171875 1.7886277015508108e-06
1.808199951171875 2.29426791380175e-06
1.809199951171875 2.9982820006796733e-06
1.810199951171875 2.9845023897022217e-06
1.811199951171875 3.4444560993545725e-07
1.812199951171875 3.3122544948470083e-06
1.813199951171875 3.8051685030872543e-06
1.814199951171875 1.5381671780976732e-06
1.815199951171875 1.1108538502887776e-06
1.816199951171875 3.001266629660229e-06
1.817199951171875 1.4255986607427382e-06
1.818199951171875 4.079496087004422e-06
1.819199951171875 5.0415391205299745e-06
1.820199951171875 5.933602656981059e-06
1.821199951171875 6.104705277900196e-06
1.822199951171875 7.037095964695586e-06
1.823199951171875 1.0603353851368777e-05
1.824199951171875 1.0611919357509618e-05
1.825199951171875 1.664107909867277e-05
1.826199951171875 1.6024169636112528e-05
1.827199951171875 2.1194419249425274e-05
1.828199951171875 2.7406156116555608e-05
1.829199951171875 3.146127685670583e-05
1.830199951171875 4.0251447507577766e-05
1.831199951171875 4.6757532229607e-05
1.832199951171875 6.218373490959533e-05
1.833199951171875 7.010874010440871e-05
1.834199951171875 9.097210433272681e-05
1.835199951171875 0.00011834844093525367
1.836199951171875 0.00015620166629348408
1.837199951171875 0.00020012649743046215
1.838199951171875 0.00028032166156725247
1.839199951171875 0.0004034982557981089
1.840199951171875 0.0006044277768774167
1.841199951171875 0.0009386132322622119
1.842199951171875 0.0015238243199198927
1.843199951171875 0.002481043352246106
1.844199951171875 0.003961903461468233
1.845199951171875 0.006158386046138629
1.846199951171875 0.009173311417993664
1.847199951171875 0.01304542934457875
1.848199951171875 0.01787430664729711
1.849199951171875 0.023436925339459166
1.850199951171875 0.029338581366639336
1.851199951171875 0.03538199463616327
1.852199951171875 0.0406363319016798
1.853199951171875 0.04606957345951654
1.854199951171875 0.049601919779921816
1.855199951171875 0.057896200210963734
1.856199951171875 0.06582084695237224
1.857199951171875 0.0770931303191673
1.858199951171875 0.08869846542881288
1.859199951171875 0.10621019834271632
1.860199951171875 0.12581030770639282
1.861199951171875 0.1540240753727507
1.862199951171875 0.18629793965885696
1.863199951171875 0.2264762568225895
1.864199951171875 0.2786593556881557
1.865199951171875 0.32141760495581734
1.866199951171875 0.36642195795301397
1.867199951171875 0.4001923137127082
1.868199951171875 0.4251152767972875
1.869199951171875 0.43721499237065736
1.870199951171875 0.4460153675084016
1.871199951171875 0.44780240763186496
1.872199951171875 0.4470513410790639
1.873199951171875 0.44811871611885923
1.874199951171875 0.44667339110878407
1.875199951171875 0.44324716412698006
1.876199951171875 0.44090935868914555
1.877199951171875 0.4358835987546724
1.878199951171875 0.42403959297818244
1.879199951171875 0.4087379528879661
1.880199951171875 0.3823156789617228
1.881199951171875 0.35328952280607684
1.882199951171875 0.3131843718713165
1.883199951171875 0.2710586573673821
1.884199951171875 0.22901957049399035
1.885199951171875 0.19128920250274165
1.886199951171875 0.16188668579120577
1.887199951171875 0.13560970278102158
1.888199951171875 0.1159443914163691
1.889199951171875 0.09831919034585572
1.890199951171875 0.08617241241924478
1.891199951171875 0.07404210721146506
1.892199951171875 0.06622595124560723
1.893199951171875 0.0580746718635623
1.894199951171875 0.051518521690220996
1.895199951171875 0.04383808291363645
1.896199951171875 0.03633251963577123
1.897199951171875 0.029150372735880798
1.898199951171875 0.02249770038559547
1.899199951171875 0.017433601479612468
1.900199951171875 0.012826142570840747
1.901199951171875 0.009154894792793201
1.902199951171875 0.006320171403956718
1.903199951171875 0.004213161619202233
1.904199951171875 0.0026817901262219377
1.905199951171875 0.0017515673603764256
1.906199951171875 0.001137080680858595
1.907199951171875 0.000741112272918937
1.908199951171875 0.000503473279469437
1.909199951171875 0.00035444566831273816
1.910199951171875 0.00024891607589645043
1.911199951171875 0.00018496775699873498
1.912199951171875 0.0001382817488980413
1.913199951171875 0.00010517926893150085
1.914199951171875 8.115891903780748e-05
1.915199951171875 6.636705817257296e-05
1.916199951171875 5.354065944574022e-05
1.917199951171875 4.280320061755508e-05
1.918199951171875 3.4593468876857444e-05
1.919199951171875 2.343272301553235e-05
1.920199951171875 2.5235774367969593e-05
1.921199951171875 1.984216157743758e-05
1.922199951171875 1.4038806152722199e-05
1.923199951171875 1.2892284351061289e-05
1.924199951171875 1.0304646917894711e-05
1.925199951171875 7.733237012935535e-06
1.926199951171875 4.9084170281537905e-06
1.927199951171875 7.066335844563131e-06
1.928199951171875 5.668374247772296e-06
1.929199951171875 5.865892135667061e-06
1.930199951171875 3.584418869941682e-06
1.931199951171875 5.742527617171387e-06
1.932199951171875 5.4754858823861045e-06
1.933199951171875 2.7387822137289723e-06
1.934199951171875 2.2630613331239563e-06
1.935199951171875 4.978016473695138e-06
1.936199951171875 3.949604841882614e-06
1.937199951171875 4.8214550841293216e-11
1.938199951171875 4.489140353532549e-06
1.939199951171875 1.1877687638460497e-06
1.940199951171875 3.0098944719208927e-06
1.941199951171875 1.9389935866582283e-06
1.942199951171875 4.601078036898611e-06
1.943199951171875 8.631894618120484e-07
1.944199951171875 2.6729674918961223e-06
1.945199951171875 1.1508739995413741e-07
1.946199951171875 7.214259103999637e-07
1.947199951171875 1.5921388757816745e-06
1.948199951171875 2.9628768193768063e-07
1.949199951171875 2.352180770609051e-06
1.950199951171875 3.8470918723873746e-06
1.951199951171875 1.4263575334182331e-06
1.952199951171875 9.680306791311142e-07
1.953199951171875 3.5885322462571858e-06
1.954199951171875 1.8021198172886198e-06
1.955199951171875 1.841840785567615e-06
1.956199951171875 1.2425808309448726e-06
1.957199951171875 4.868600406397396e-11
1.958199951171875 9.064870509999704e-07
1.959199951171875 2.240102983307123e-06
1.960199951171875 4.300359284204957e-06
1.961199951171875 9.319538234449795e-07
1.962199951171875 1.7069353744061761e-06
1.963199951171875 5.00177740066508e-07
1.964199951171875 1.0085799265867977e-06
1.965199951171875 3.407894463646249e-06
1.966199951171875 1.4868121129862676e-06
1.967199951171875 2.0410830931471265e-06
1.968199951171875 1.9837139281600417e-06
1.969199951171875 3.4088261089794705e-06
1.970199951171875 2.3979876308075663e-06
1.971199951171875 8.03888889557834e-07
1.972199951171875 1.8198523022020823e-06
1.973199951171875 4.8819866764676725e-11
1.974199951171875 4.179782169589481e-06
1.975199951171875 4.880435627240041e-11
1.976199951171875 4.614436192283469e-06
1.977199951171875 2.8192768480551843e-06
1.978199951171875 8.279874298610213e-07
1.979199951171875 1.7655967731973658e-06
1.980199951171875 4.375714163340831e-06
1.981199951171875 4.683252027588081e-06
1.982199951171875 3.4582143075896043e-07
1.983199951171875 4.013713600125102e-06
1.984199951171875 3.0510651761335375e-06
1.985199951171875 2.7868488434904215e-06
1.986199951171875 1.7830357675688391e-06
1.987199951171875 2.0980366040204244e-06
1.988199951171875 1.5064494903554104e-06
1.989199951171875 1.988636434986554e-06
1.990199951171875 1.9426072130025136e-06
1.991199951171875 5.113381413013236e-06
1.992199951171875 3.6469094744360903e-06
1.993199951171875 2.249982002375201e-06
1.994199951171875 4.861847599917172e-11
1.995199951171875 3.2078575332513657e-06
1.996199951171875 1.846431892443667e-06
1.997199951171875 5.37288082288228e-07
1.998199951171875 3.3589752822257142e-06
1.999199951171875 4.84789644857758e-11
2.000199951171875 7.605825928628291e-07
2.001199951171875 4.733307127361021e-06
2.002199951171875 1.8928745952519393e-06
2.003199951171875 4.8732151566357444e-11
2.004199951171875 5.841595400902365e-06
2.005199951171875 4.879058287664446e-11
2.006199951171875 2.66812533104252e-06
2.007199951171875 4.495747247065282e-06
2.008199951171875 3.971274054902121e-06
2.009199951171875 2.136643148688005e-06
2.010199951171875 3.991999430679987e-06
2.011199951171875 2.321206453456621e-06
2.012199951171875 1.4206671889919518e-06
2.013199951171875 6.141331355210114e-06
2.014199951171875 5.275797436757306e-07
2.015199951171875 1.7291798159919415e-06
2.016199951171875 2.951555060630904e-07
2.017199951171875 2.9223961707564216e-06
2.018199951171875 2.4243307754457995e-06
2.019199951171875 2.760262598249489e-06
2.020199951171875 2.7985317406097522e-06
2.021199951171875 1.518910606435227e-06
2.022199951171875 3.1473021606227595e-06
2.023199951171875 2.1329846347125573e-06
2.024199951171875 1.928883893527348e-06
2.025199951171875 2.157175936955611e-06
2.026199951171875 6.395413427633065e-06
2.027199951171875 7.732705149728723e-07
2.028199951171875 2.562846133747898e-06
2.029199951171875 2.4314797355866336e-06
2.030199951171875 1.0401346810278023e-06
2.031199951171875 2.116921467560182e-06
2.032199951171875 4.8985952833249294e-11
2.033199951171875 1.510131183258588e-06
2.034199951171875 4.488584242382576e-06
2.035199951171875 1.9381956934436008e-06
2.036199951171875 4.893450895361707e-11
2.037199951171875 6.763649274361687e-06
2.038199951171875 4.892252832779083e-11
2.039199951171875 3.2533217509668603e-06
2.040199951171875 3.4722324613215713e-06
2.041199951171875 1.4909095673433938e-06
2.042199951171875 3.920987169574705e-06
2.043199951171875 1.090354965624986e-06
2.044199951171875 3.3887367950354194e-07
2.045199951171875 4.694610012860582e-06
2.046199951171875 5.769396653758762e-06
2.047199951171875 4.881294408904271e-11
2.048199951171875 9.482321445355653e-07
2.049199951171875 3.2065802978570084e-06
2.050199951171875 8.982561313047522e-07
2.051199951171875 2.4710859994872897e-06
2.052199951171875 1.2684309621700515e-06
2.053199951171875 1.3578742275894809e-06
2.054199951171875 4.882671407301253e-06
2.055199951171875 1.2972849254956698e-06
2.056199951171875 2.2409426246465e-06
2.057199951171875 2.1781420212243e-06
2.058199951171875 4.670512479656393e-06
2.059199951171875 5.489952245947905e-06
2.060199951171875 4.863553447755212e-06
2.061199951171875 4.9056058089910005e-11
2.062199951171875 4.32977115688677e-06
2.063199951171875 1.7197309552424968e-06
2.064199951171875 4.911642088769619e-11
2.065199951171875 6.079235317727038e-06
2.066199951171875 4.916468849549421e-11
2.067199951171875 2.1386032860820063e-06
2.068199951171875 4.924349310296743e-11
2.069199951171875 4.925748975620013e-11
2.070199951171875 8.977170631962451e-07
2.071199951171875 3.6867503486894483e-06
2.072199951171875 2.2774686487943932e-06
2.073199951171875 2.928832650430295e-06
2.074199951171875 3.789432477215131e-06
2.075199951171875 2.4082644530018186e-06
2.076199951171875 5.98331564111744e-07
2.077199951171875 4.7363937958366e-06
2.078199951171875 1.2945865454121818e-06
2.079199951171875 2.3880144766150313e-06
2.080199951171875 2.508899252353419e-06
2.081199951171875 5.7879024035781335e-06
2.082199951171875 3.2176197848213095e-06
2.083199951171875 4.955407644106167e-11
2.084199951171875 4.955942020320002e-11
2.085199951171875 3.842479322087056e-06
2.086199951171875 1.5813066808078048e-06
2.087199951171875 3.4837057491751476e-06
2.088199951171875 1.0134215949253654e-06
2.089199951171875 3.4467870651359955e-06
2.090199951171875 8.220460921376684e-06
2.091199951171875 1.2858126698761424e-06
2.092199951171875 4.427083455821446e-06
2.093199951171875 7.379509126479336e-07
2.094199951171875 1.5346279030344994e-06
2.095199951171875 2.5481371918185393e-06
2.096199951171875 2.7911038128290815e-06
2.097199951171875 5.541934261683067e-06
2.098199951171875 5.470345741055817e-07
2.099199951171875 2.36073829740957e-06
2.100199951171875 2.5856410004233982e-06
2.101199951171875 2.834392834048581e-06
2.102199951171875 2.664782358730914e-07
2.103199951171875 2.0453614055704555e-06
2.104199951171875 2.822630496414674e-07
2.105199951171875 5.82878226920508e-06
2.106199951171875 3.033338936733353e-07
2.107199951171875 3.293859528248592e-06
2.108199951171875 6.45418267388048e-06
2.109199951171875 2.855682033825405e-07
2.110199951171875 1.1402582043031778e-06
2.111199951171875 4.9846157852377664e-11
2.112199951171875 4.984581318960658e-11
2.113199951171875 2.105699530478946e-06
2.114199951171875 2.6412873295864006e-06
2.115199951171875 3.1739555889358078e-06
2.116199951171875 5.743422531254575e-06
2.117199951171875 1.1777186819769166e-06
2.118199951171875 1.7653500336007661e-07
2.119199951171875 5.53460092946023e-06
2.120199951171875 5.989362467009133e-07
2.121199951171875 5.9313013915792985e-06
2.122199951171875 4.751072250241963e-06
2.123199951171875 4.9951678542832435e-11
2.124199951171875 6.703634211633964e-06
2.125199951171875 2.7071155893212915e-06
2.126199951171875 8.673143133192753e-07
2.127199951171875 2.505330049485962e-06
2.128199951171875 7.903697713431633e-06
2.129199951171875 3.739701583408095e-06
2.130199951171875 1.2205391766108232e-06
2.131199951171875 5.098359118656431e-06
2.132199951171875 4.300146618005894e-07
2.133199951171875 1.6687549415864885e-06
2.134199951171875 7.010327907759766e-06
2.135199951171875 3.670518653769593e-06
2.136199951171875 3.1620578724563537e-06
2.137199951171875 4.132375694807997e-06
2.138199951171875 4.646562478301135e-06
2.139199951171875 3.236647397413999e-06
2.140199951171875 3.0911426646420634e-06
2.141199951171875 4.1380093764877116e-06
2.142199951171875 2.906761571623685e-06
2.143199951171875 3.272855020618433e-06
2.144199951171875 4.90000251923039e-06
2.145199951171875 1.3339017953582309e-06
2.146199951171875 1.5486235806100152e-06
2.147199951171875 5.153700860970256e-06
2.148199951171875 3.2723029832014718e-06
2.149199951171875 1.5808469076356044e-06
2.150199951171875 3.977112664237652e-06
2.151199951171875 2.774327308725088e-06
2.152199951171875 4.354126616274843e-06
2.153199951171875 2.822497320897822e-06
2.154199951171875 2.5828645341664553e-06
2.155199951171875 1.915300231617302e-06
2.156199951171875 4.542839419216138e-06
2.157199951171875 2.329909993280473e-06
2.158199951171875 2.503358981464465e-06
2.159199951171875 6.1395781730307794e-06
2.160199951171875 6.990296508990431e-06
2.161199951171875 4.977698577744264e-11
2.162199951171875 3.915707265569859e-06
2.163199951171875 4.9724438866217676e-11
2.164199951171875 3.0927853785565552e-06
2.165199951171875 4.9702473864006473e-11
2.166199951171875 3.871225968657149e-06
2.167199951171875 1.4565555182503024e-06
2.168199951171875 3.865598206526975e-06
2.169199951171875 6.164605059437223e-06
2.170199951171875 2.2791793571910687e-06
2.171199951171875 5.4309941079482086e-06
2.172199951171875 7.622969511965923e-06
2.173199951171875 2.5140997659696135e-06
2.174199951171875 1.7672439744469984e-06
2.175199951171875 5.250285059499551e-06
2.176199951171875 6.461132041784296e-06
2.177199951171875 3.4941501845708672e-06
2.178199951171875 3.115214955914764e-06
2.179199951171875 5.314403534044415e-06
2.180199951171875 4.720364157645316e-06
2.181199951171875 6.126081863805666e-06
2.182199951171875 4.383345904118666e-06
2.183199951171875 2.6442137596638253e-06
2.184199951171875 2.9934568813738015e-06
2.185199951171875 4.5465606878267245e-06
2.186199951171875 3.1909937405459455e-06
2.187199951171875 1.0086792877926567e-06
2.188199951171875 1.5853977635559189e-06
2.189199951171875 2.535708108309075e-06
2.190199951171875 7.742888890762484e-06
2.191199951171875 2.5897369383170257e-06
2.192199951171875 7.85481903810439e-06
2.193199951171875 3.5011958969792823e-06
2.194199951171875 2.0436365183759942e-08
2.195199951171875 5.329033155217113e-07
2.196199951171875 3.965451823075437e-06
2.197199951171875 2.9052594778645265e-06
2.198199951171875 2.4380128650540544e-06
2.199199951171875 5.639807809768285e-06
2.200199951171875 8.797037245337752e-07
2.201199951171875 7.376257659189139e-06
2.202199951171875 4.96152596564126e-11
2.203199951171875 3.388532980393258e-06
2.204199951171875 1.9426178994721286e-06
2.205199951171875 2.6165237326121015e-06
2.206199951171875 4.96877304766405e-11
2.207199951171875 3.709485389020894e-06
2.208199951171875 3.0923221523112214e-06
2.209199951171875 6.5509168046098246e-06
2.210199951171875 1.219084977031029e-06
2.211199951171875 3.961145877570671e-06
2.212199951171875 9.33904283844275e-06
2.213199951171875 2.520245948317897e-06
2.214199951171875 6.702729098013342e-06
2.215199951171875 7.482000906902154e-07
2.216199951171875 8.295327678787535e-06
2.217199951171875 1.3670473538632085e-06
2.218199951171875 1.0760038218502822e-05
2.219199951171875 1.819618175261654e-06
2.220199951171875 2.2877964662292614e-06
2.221199951171875 4.9849740505915915e-11
2.222199951171875 4.0395951626383175e-06
2.223199951171875 2.6770564007497614e-06
2.224199951171875 4.996122313801289e-11
2.225199951171875 4.732928728474375e-06
2.226199951171875 6.0991264841737965e-06
2.227199951171875 1.6479568372260112e-06
2.228199951171875 4.994208013754171e-11
2.229199951171875 2.98949305826535e-06
2.230199951171875 7.095858310485345e-06
2.231199951171875 3.2734373698989e-06
2.232199951171875 1.8918771850259838e-06
2.233199951171875 1.4936955309234732e-05
2.234199951171875 4.988929565872954e-11
2.235199951171875 2.694391744184126e-06
2.236199951171875 7.911139590174967e-07
2.237199951171875 1.611975734439326e-06
2.238199951171875 4.9892116208369254e-11
2.239199951171875 8.799026652463248e-06
2.240199951171875 2.900835494626638e-06
2.241199951171875 1.083241282606112e-05
2.242199951171875 5.720104651336417e-06
2.243199951171875 4.9843045639932687e-11
2.244199951171875 4.147828425350155e-06
2.245199951171875 6.163804479936925e-06
2.246199951171875 4.985918507614003e-06
2.247199951171875 1.5382029881344936e-06
2.248199951171875 2.5192655630741407e-06
2.249199951171875 3.885965636514093e-06
2.250199951171875 2.006691403262273e-06
2.251199951171875 2.4309650941380764e-06
2.252199951171875 2.0075596242031665e-06
2.253199951171875 1.786619956353082e-06
2.254199951171875 4.9371028532849277e-11
2.255199951171875 1.0166511541737689e-05
2.256199951171875 8.852211361085114e-06
2.257199951171875 1.220317965929223e-06
2.258199951171875 3.489657923830512e-06
2.259199951171875 1.564543036685191e-05
2.260199951171875 1.8981642435094781e-06
2.261199951171875 1.3877443145408179e-05
2.262199951171875 9.995405655051328e-07
2.263199951171875 1.2294782240013326e-06
2.264199951171875 6.791633142815154e-06
2.265199951171875 5.309159875176026e-06
2.266199951171875 1.3366907024911398e-05
2.267199951171875 1.5185030786809394e-05
2.268199951171875 4.797805338779541e-11
2.269199951171875 5.598532639249518e-06
2.270199951171875 1.3837211971933809e-05
2.271199951171875 2.7998957934401852e-08
2.272199951171875 4.8507075140699216e-11
2.273199951171875 4.616064493994263e-06
2.274199951171875 6.226021216678692e-06
2.275199951171875 1.3018851838206067e-06
2.276199951171875 3.3723078061637163e-06
2.277199951171875 4.353487809609566e-06
2.278199951171875 2.5812159969637507e-06
2.279199951171875 3.127604589301422e-06
2.280199951171875 4.61901072261152e-06
2.281199951171875 2.1231384581626142e-06
2.282199951171875 3.9589356749719906e-06
2.283199951171875 5.804804150548961e-06
2.284199951171875 6.7760128522432505e-06
2.285199951171875 4.8917893778543474e-11
2.286199951171875 4.08313605420666e-06
2.287199951171875 3.579623275256632e-07
2.288199951171875 1.954189130656319e-06
2.289199951171875 5.03236586688895e-06
2.290199951171875 3.2220857034877673e-06
2.291199951171875 2.4577110486566073e-06
2.292199951171875 3.186023793140874e-06
2.293199951171875 4.987633707502015e-06
2.294199951171875 3.473566519354788e-06
2.295199951171875 2.872937447743534e-06
2.296199951171875 2.6779020729933445e-06
2.297199951171875 9.773094102729741e-07
2.298199951171875 2.9943272372512625e-06
2.299199951171875 2.30640036536292e-06
2.300199951171875 4.850014413468061e-06
2.301199951171875 3.2391308364928035e-07
2.302199951171875 4.168522271414727e-06
2.303199951171875 4.797197813090497e-11
2.304199951171875 2.851871532927767e-06
2.305199951171875 8.024984511757816e-07
2.306199951171875 3.2642056908187256e-06
2.307199951171875 9.575412948717953e-07
2.308199951171875 2.245324634020498e-06
2.309199951171875 7.186266452755409e-07
2.310199951171875 3.033555692070595e-06
2.311199951171875 4.6188849795515414e-11
2.312199951171875 2.9416934253520636e-06
2.313199951171875 1.0832692938175928e-06
2.314199951171875 1.473299385070189e-06
2.315199951171875 2.3497359206282376e-06
2.316199951171875 1.961280701281899e-06
2.317199951171875 3.939396254374319e-06
2.318199951171875 1.9697318596842853e-06
2.319199951171875 3.9095160591795696e-07
2.320199951171875 1.6443429479634018e-06
2.321199951171875 3.7132952794153642e-06
2.322199951171875 6.97258467620189e-07
2.323199951171875 2.558876418792194e-06
2.324199951171875 1.1902350827195503e-06
2.325199951171875 9.91070308364616e-07
2.326199951171875 1.8599873037957188e-06
2.327199951171875 2.588210359418815e-06
2.328199951171875 8.146290214509336e-07
2.329199951171875 3.1612766428775235e-06
2.330199951171875 1.6362941759810594e-06
2.331199951171875 8.447281982534805e-07
2.332199951171875 1.6815550458216933e-06
2.333199951171875 1.4166269579932435e-06
2.334199951171875 1.1013829378118391e-06
2.335199951171875 7.797230485088197e-07
2.336199951171875 2.3865321356819455e-06
2.337199951171875 8.468738447889367e-07
2.338199951171875 1.6899503159884072e-06
2.339199951171875 1.3490453249150785e-06
2.340199951171875 1.3610574575436752e-06
2.341199951171875 1.3145253218479098e-06
2.342199951171875 1.7233571775835338e-06
2.343199951171875 3.987659986498076e-07
2.344199951171875 1.921385761962584e-06
2.345199951171875 1.5997819222276602e-06
2.346199951171875 2.408725045797903e-06
2.347199951171875 1.5379187891821917e-06
2.348199951171875 2.718121475423269e-07
2.349199951171875 2.0185586425978597e-06
2.350199951171875 5.522385339980287e-07
2.351199951171875 2.4630564258845027e-06
2.352199951171875 1.8649608857055744e-06
2.353199951171875 1.0703484909286533e-06
2.354199951171875 1.8439390037119413e-06
2.355199951171875 1.4338086502152372e-06
2.356199951171875 1.1744869741416602e-06
2.357199951171875 9.357056729282152e-07
2.358199951171875 1.5109660144081866e-06
2.359199951171875 1.7136628561590825e-06
2.360199951171875 1.197620784974381e-06
2.361199951171875 1.7063602588241276e-06
2.362199951171875 8.948486961197382e-07
2.363199951171875 1.6966390822734776e-06
2.364199951171875 3.513825796969679e-07
2.365199951171875 7.699547333350127e-07
2.366199951171875 5.877051491350926e-07
2.367199951171875 9.461720806439648e-08
2.368199951171875 5.605391543903549e-07
2.369199951171875 4.1614896269534043e-07
2.370199951171875 2.553041439097118e-07
2.371199951171875 8.903643128607579e-08
2.372199951171875 2.525759238002351e-07
2.373199951171875 3.9299152727085817e-07
2.374199951171875 2.7071282374137807e-07
2.375199951171875 1.994429818557595e-07
2.376199951171875 3.207115156762267e-07
2.377199951171875 1.6194676481608928e-07
2.378199951171875 1.767619535986738e-07
2.379199951171875 1.5787524404124065e-07
2.380199951171875 2.532240691424662e-07
2.381199951171875 1.0653540700430155e-07
2.382199951171875 2.1984199938774282e-07
2.383199951171875 8.718512506985281e-08
2.384199951171875 1.6225641032263151e-07
2.385199951171875 1.1258269065878262e-07
2.386199951171875 1.4469739269380994e-07
2.387199951171875 1.7649234646210998e-08
2.388199951171875 1.44140089945018e-07
2.389199951171875 1.607688089307683e-08
2.390199951171875 1.0163029013702069e-07
2.391199951171875 8.699554591456418e-09
2.392199951171875 4.751684361867552e-08
2.393199951171875 8.412558041049533e-08
2.394199951171875 2.343326126089863e-08
2.395199951171875 5.083483713405018e-08
2.396199951171875 7.897540995363758e-09
2.397199951171875 2.757768574952281e-08
2.398199951171875 1.9388829997667974e-08
2.399199951171875 1.5824155251279202e-08
2.400199951171875 1.4702239844221364e-08
2.401199951171875 1.8339824293058938e-08
2.402199951171875 3.909139644711455e-08
2.403199951171875 1.951972107801585e-08
2.404199951171875 4.302795706626792e-09
2.405199951171875 2.3734558718745726e-08
2.406199951171875 1.1039238087733433e-13
2.407199951171875 2.4568538612347515e-08
2.408199951171875 1.3241807178553387e-08
2.409199951171875 7.70565500524127e-09
2.410199951171875 2.5007466868446666e-09
2.411199951171875 5.010712101406796e-09
2.412199951171875 5.937980557929421e-09
2.413199951171875 3.0100975063884228e-09
2.414199951171875 2.0509321937354555e-09
2.415199951171875 2.304137725425939e-09
2.416199951171875 3.949542762533005e-09
2.417199951171875 4.613602281498411e-09
2.418199951171875 2.1038662837187353e-09
2.419199951171875 6.079894097995359e-10
2.420199951171875 2.2340074273662703e-09
2.421199951171875 1.230411479598948e-09
2.422199951171875 1.475178112299609e-10
2.423199951171875 1.5955820834258903e-09
2.424199951171875 3.2373530851157436e-10
2.425199951171875 6.16761759566424e-10
2.426199951171875 1.124684064330699e-09
2.427199951171875 9.898881027917025e-10
2.428199951171875 6.053940943466028e-10
2.429199951171875 1.1602899159462879e-09
2.430199951171875 1.554044995996749e-10
2.431199951171875 9.782203735470685e-10
2.432199951171875 3.728411458885466e-15
2.433199951171875 4.2446617550300326e-10
2.434199951171875 1.0998839968144757e-10
2.435199951171875 9.637654656929562e-11
2.436199951171875 3.647383883575827e-10
2.437199951171875 8.108571873582226e-11
2.438199951171875 3.582883218782541e-10
2.439199951171875 1.415105679385573e-10
2.440199951171875 2.0941021525099907e-10
2.441199951171875 7.726470425374454e-11
2.442199951171875 1.6528664327993714e-10
2.443199951171875 7.861626204247487e-11
2.444199951171875 7.845599635978736e-12
2.445199951171875 5.60176782173636e-11
2.446199951171875 5.3464746919903716e-11
2.447199951171875 3.737787306805098e-16
2.448199951171875 2.369958477572987e-11
2.449199951171875 2.789072884942684e-11
2.450199951171875 4.690004923972266e-11
2.451199951171875 3.4749586860351114e-11
2.452199951171875 3.560604619892369e-12
2.453199951171875 7.251758724265508e-11
2.454199951171875 1.9768259609891878e-11
2.455199951171875 1.1569124332948359e-11
2.456199951171875 7.2984480146276e-12
2.457199951171875 2.0190704092964615e-11
2.458199951171875 8.854681767776869e-13
2.459199951171875 2.2765600865455532e-11
2.460199951171875 1.523074625653087e-11
2.461199951171875 1.210849122396195e-11
2.462199951171875 2.7665816002279837e-11
2.463199951171875 2.506677745122387e-12
2.464199951171875 1.484615067031514e-11
2.465199951171875 1.1290009842013809e-16
2.466199951171875 6.104138781376214e-12
2.467199951171875 6.709967484053042e-12
2.468199951171875 1.0750386961627167e-12
2.469199951171875 7.213631167384976e-12
2.470199951171875 1.5289579639019973e-11
2.471199951171875 9.013997551896047e-12
2.472199951171875 6.799986835888264e-12
2.473199951171875 8.074562694220743e-12
2.474199951171875 1.9277624619759246e-12
2.475199951171875 4.660808393543634e-12
2.476199951171875 3.845251603391138e-12
2.477199951171875 6.207852176457868e-13
2.478199951171875 7.739475561170497e-12
2.479199951171875 4.710878941390662e-12
2.480199951171875 3.039649087090777e-12
2.481199951171875 7.40492273230723e-14
2.482199951171875 6.948033764020726e-12
2.483199951171875 2.9148654167294995e-12
2.484199951171875 1.3228563046232007e-12
2.485199951171875 4.352847562558046e-12
2.486199951171875 2.930285235773304e-12
2.487199951171875 2.4794650851882997e-12
2.488199951171875 4.029454855424241e-12
2.489199951171875 1.1508693937064193e-17
2.490199951171875 1.3175975637021828e-12
2.491199951171875 9.825205070569157e-13
2.492199951171875 1.2006528084100613e-12
2.493199951171875 2.4329299096643148e-12
2.494199951171875 1.5366657487616672e-13
2.495199951171875 1.3526631883000824e-12
2.496199951171875 4.0357387255328066e-13
2.497199951171875 6.733445329042828e-13
2.498199951171875 3.2113483581428713e-13
2.499199951171875 1.0297062510617072e-12
2.500199951171875 8.786152267204765e-13
2.501199951171875 4.804555301845253e-13
2.502199951171875 3.831779214690688e-13
2.503199951171875 7.368005244847951e-13
2.504199951171875 7.410418464551444e-14
2.505199951171875 7.77642127073297e-13
2.506199951171875 1.9794056126065366e-13
2.507199951171875 3.0479035845915946e-13
2.508199951171875 5.351190895703193e-13
2.509199951171875 9.52951866202197e-14
2.510199951171875 2.067124730950363e-13
2.511199951171875 2.65773554280897e-13
2.512199951171875 2.6959163633603415e-13
2.513199951171875 3.327912520808309e-13
2.514199951171875 1.3732561101465115e-15
2.515199951171875 3.136177614378725e-13
2.516199951171875 1.8908697648078376e-13
2.517199951171875 2.210429187866864e-13
2.518199951171875 1.8371175228560927e-13
2.519199951171875 1.5567001602166425e-13
2.520199951171875 1.2290215966171547e-13
2.521199951171875 2.0167625390125856e-13
2.522199951171875 9.471512698055054e-14
2.523199951171875 8.202869582695967e-14
2.524199951171875 1.5675567688075454e-13
2.525199951171875 1.3357466134333917e-13
2.526199951171875 8.876361839913604e-14
2.527199951171875 7.364003567819898e-14
2.528199951171875 7.409762492014345e-14
2.529199951171875 2.901492781930377e-14
2.530199951171875 5.830298888282771e-14
2.531199951171875 9.148879639468869e-14
2.532199951171875 3.7817482572889844e-14
2.533199951171875 2.3988040702320945e-14
2.534199951171875 6.376938268949405e-14
2.535199951171875 4.7043449648578274e-14
2.536199951171875 4.1363506862977744e-14
2.537199951171875 2.12078064638687e-14
2.538199951171875 2.2415049798674063e-14
2.539199951171875 3.9816130175602334e-14
2.540199951171875 2.4020252967835314e-14
2.541199951171875 3.631985011915993e-14
2.542199951171875 3.184167871330156e-14
2.543199951171875 1.853178004434014e-14
2.544199951171875 3.322615943523919e-14
2.545199951171875 1.8680257525582087e-14
2.546199951171875 2.4781058228041066e-14
2.547199951171875 2.222923293857119e-14
2.548199951171875 2.1562819253448806e-14
2.549199951171875 1.956557922471407e-14
2.550199951171875 1.2938565527942648e-14
2.551199951171875 1.733463677908284e-14
2.552199951171875 8.800085082672713e-15
2.553199951171875 7.694113344683208e-15
2.554199951171875 6.951975150894707e-15
2.555199951171875 1.1361631300230301e-14
2.556199951171875 7.935034577103566e-15
2.557199951171875 1.392029032002428e-14
2.558199951171875 5.150969863848668e-15
2.559199951171875 6.49418014082419e-15
2.560199951171875 6.3857576727240285e-15
2.561199951171875 4.4534138216201405e-15
2.562199951171875 7.01906234347309e-15
2.563199951171875 4.45733984662765e-15
2.564199951171875 6.759733152367321e-15
2.565199951171875 3.969678772636825e-15
2.566199951171875 4.143799167608998e-15
2.567199951171875 2.77632155305299e-15
2.568199951171875 4.894631630176576e-15
2.569199951171875 3.7085338235984494e-15
2.570199951171875 2.823715980028625e-15
2.571199951171875 3.1090285438749816e-15
2.572199951171875 2.0018260626094934e-15
2.573199951171875 3.3406327578906253e-15
2.574199951171875 2.0663588979227353e-15
2.575199951171875 1.7278887799960385e-15
2.576199951171875 2.191656563087995e-15
2.577199951171875 1.423829724249327e-15
2.578199951171875 1.2626989910239653e-15
2.579199951171875 1.5599470008316736e-15
2.580199951171875 1.177799568003664e-15
2.581199951171875 1.6499040589091804e-15
2.582199951171875 1.2328892772795948e-15
2.583199951171875 1.1176425131892269e-15
2.584199951171875 5.4595511386722995e-16
2.585199951171875 1.0702176777495523e-15
2.586199951171875 5.711117368768336e-16
2.587199951171875 6.254522844092253e-16
2.588199951171875 4.396496674493207e-16
2.589199951171875 4.540616682765705e-16
2.590199951171875 4.144902733789615e-16
2.591199951171875 4.347611237124719e-16
2.592199951171875 3.682204822946734e-16
2.593199951171875 3.086183821720279e-16
2.594199951171875 2.1068863566229626e-16
2.595199951171875 2.284917173042263e-16
2.596199951171875 1.9795347114206875e-16
