Wavelength_microns Throughput
0.5504000244140625 4.5694628855706875e-10
0.5514000244140626 3.649637515582491e-10
0.5524000244140626 3.5231961207190943e-10
0.5534000244140626 1.1645999903902634e-09
0.5544000244140626 1.413972492096198e-09
0.5554000244140626 1.641672529099059e-09
0.5564000244140626 8.314489150123142e-10
0.5574000244140624 6.600007238027995e-10
0.5584000244140624 3.604496778010768e-10
0.5594000244140624 4.126613768543462e-10
0.5604000244140624 7.849302966550553e-10
0.5614000244140624 6.274025870767003e-10
0.5624000244140624 4.601422066066817e-10
0.5634000244140625 6.655506623337602e-11
0.5644000244140625 4.291551590819455e-11
0.5654000244140625 7.956518219303958e-11
0.5664000244140625 7.883647102731487e-10
0.5674000244140625 9.543383364640189e-10
0.5684000244140625 1.866108440170547e-09
0.5694000244140625 1.2504651640983262e-09
0.5704000244140625 1.2325824247893008e-09
0.5714000244140625 6.417452917980618e-10
0.5724000244140625 1.941785482682952e-09
0.5734000244140625 3.532824948041908e-09
0.5744000244140625 3.103895758261603e-09
0.5754000244140625 2.846533347064353e-09
0.5764000244140625 1.2730744211320724e-09
0.5774000244140625 3.506570306974679e-09
0.5784000244140625 2.7788591401358764e-09
0.5794000244140625 3.581817860204666e-09
0.5804000244140625 1.8419862194465377e-09
0.5814000244140625 1.9724013686535105e-09
0.5824000244140625 1.0894921535945985e-09
0.5834000244140625 2.86627557867278e-09
0.5844000244140625 7.977521671742139e-09
0.5854000244140625 9.224849169580509e-09
0.5864000244140625 8.383684877314968e-09
0.5874000244140625 1.384815259431752e-09
0.5884000244140625 3.390612524211834e-09
0.5894000244140625 4.729595312590063e-09
0.5904000244140625 9.722760126443886e-09
0.5914000244140625 9.890543285376667e-09
0.5924000244140625 1.2517116387100293e-08
0.5934000244140625 1.1549618059792284e-08
0.5944000244140625 1.1118623831561473e-08
0.5954000244140625 9.236166209661128e-09
0.5964000244140625 5.132494614563618e-09
0.5974000244140625 5.288408850611939e-09
0.5984000244140625 1.1383545237372032e-08
0.5994000244140625 1.7223673760599334e-08
0.6004000244140625 2.4942871119950307e-08
0.6014000244140625 1.6243782024121165e-08
0.6024000244140625 1.104396625468121e-08
0.6034000244140625 6.59181217451847e-09
0.6044000244140625 8.548920709473177e-09
0.6054000244140625 1.3884305912810452e-08
0.6064000244140625 1.5063557113336757e-08
0.6074000244140625 1.740425363782088e-08
0.6084000244140625 1.7806698476033292e-08
0.6094000244140625 2.104885992546014e-08
0.6104000244140625 2.061375632807148e-08
0.6114000244140625 2.3974327913908285e-08
0.6124000244140625 1.7981288153527044e-08
0.6134000244140625 1.876203615883436e-08
0.6144000244140625 1.5198694527211383e-08
0.6154000244140625 1.4683908897196677e-08
0.6164000244140625 1.4272617056961798e-08
0.6174000244140625 1.814259264016561e-08
0.6184000244140625 1.84361661456391e-08
0.6194000244140625 1.6011456767151004e-08
0.6204000244140625 1.878043944313577e-08
0.6214000244140625 2.3811213193859444e-08
0.6224000244140625 2.4754322909330935e-08
0.6234000244140625 2.2547552163617272e-08
0.6244000244140625 1.5590911783437745e-08
0.6254000244140625 1.4221226772834085e-08
0.6264000244140625 1.1672060435138071e-08
0.6274000244140625 1.606349208184846e-08
0.6284000244140625 1.753995400694417e-08
0.6294000244140625 1.177031181840024e-08
0.6304000244140625 2.345782175979796e-08
0.6314000244140625 3.758356344974067e-08
0.6324000244140625 4.947640592809589e-08
0.6334000244140625 4.9096465323584755e-08
0.6344000244140625 4.451822647387245e-08
0.6354000244140625 4.449433497785954e-08
0.6364000244140625 4.285397369032472e-08
0.6374000244140625 4.8139316193356856e-08
0.6384000244140625 4.7508959667103564e-08
0.6394000244140625 4.6958666244704903e-08
0.6404000244140625 4.337352440218469e-08
0.6414000244140625 4.362466352846771e-08
0.6424000244140625 4.5660325540409364e-08
0.6434000244140625 4.320814722923984e-08
0.6444000244140625 4.7925340757203386e-08
0.6454000244140625 5.577874923193215e-08
0.6464000244140625 5.745082817491766e-08
0.6474000244140625 6.86392656745741e-08
0.6484000244140625 7.789788163348453e-08
0.6494000244140625 8.410667156465453e-08
0.6504000244140625 7.05011766124577e-08
0.6514000244140625 6.546423742135054e-08
0.6524000244140625 7.341374928892077e-08
0.6534000244140625 9.262573064647714e-08
0.6544000244140625 7.849461279901282e-08
0.6554000244140625 6.756984953044739e-08
0.6564000244140625 5.8731631683919195e-08
0.6574000244140625 7.348875030815897e-08
0.6584000244140625 8.364808637416404e-08
0.6594000244140625 8.18100475200221e-08
0.6604000244140625 7.112143845111833e-08
0.6614000244140625 7.341844590315447e-08
0.6624000244140625 7.104012234050233e-08
0.6634000244140625 6.90620362263739e-08
0.6644000244140625 5.7574364864808423e-08
0.6654000244140625 4.467538143207027e-08
0.6664000244140625 5.018888758549363e-08
0.6674000244140625 4.950191878517915e-08
0.6684000244140625 5.561404992322866e-08
0.6694000244140625 4.720888510134015e-08
0.6704000244140625 4.604220341443963e-08
0.6714000244140625 5.49086042992485e-08
0.6724000244140625 6.299448388459041e-08
0.6734000244140625 5.729220944313286e-08
0.6744000244140625 6.131325948859608e-08
0.6754000244140625 5.7447423695159534e-08
0.6764000244140626 6.493012683956612e-08
0.6774000244140626 6.318474126251836e-08
0.6784000244140626 5.883396245213683e-08
0.6794000244140626 6.314398927201632e-08
0.6804000244140626 4.984232662012409e-08
0.6814000244140626 5.872745582620555e-08
0.6824000244140624 5.867003002609239e-08
0.6834000244140624 5.638502591361581e-08
0.6844000244140624 6.589849370090345e-08
0.6854000244140624 6.961500883747613e-08
0.6864000244140624 7.491214974672744e-08
0.6874000244140624 7.861697989482396e-08
0.6884000244140625 8.440495564783707e-08
0.6894000244140625 9.587326583537843e-08
0.6904000244140625 7.665967738829607e-08
0.6914000244140625 6.934735865390144e-08
0.6924000244140625 6.006393401575448e-08
0.6934000244140625 5.8525186239855547e-08
0.6944000244140625 3.420518333684152e-08
0.6954000244140625 2.914099693064381e-08
0.6964000244140625 1.9473992244406887e-08
0.6974000244140625 4.0303394778248214e-08
0.6984000244140625 4.388969279968472e-08
0.6994000244140625 6.79859486611908e-08
0.7004000244140625 8.158405070811745e-08
0.7014000244140625 7.398127460872905e-08
0.7024000244140625 7.021375662693714e-08
0.7034000244140625 6.081675253854021e-08
0.7044000244140625 8.497879014083748e-08
0.7054000244140625 9.044132174434261e-08
0.7064000244140625 8.608173049106448e-08
0.7074000244140625 8.306544642532526e-08
0.7084000244140625 9.052983885672738e-08
0.7094000244140625 1.0405897934979748e-07
0.7104000244140625 9.732897163324719e-08
0.7114000244140625 7.005058827926818e-08
0.7124000244140625 6.050217501812937e-08
0.7134000244140625 6.281140287724351e-08
0.7144000244140625 7.391955562141654e-08
0.7154000244140625 6.945027141840615e-08
0.7164000244140625 6.052032478226148e-08
0.7174000244140625 6.656751037868107e-08
0.7184000244140625 6.453633307088675e-08
0.7194000244140625 7.129103118496263e-08
0.7204000244140625 5.362500699582671e-08
0.7214000244140625 6.531326876124871e-08
0.7224000244140625 6.714216813676029e-08
0.7234000244140625 6.330352919642703e-08
0.7244000244140625 4.675801044391496e-08
0.7254000244140625 3.611382087063875e-08
0.7264000244140625 5.5029873436985396e-08
0.7274000244140625 5.915832873026019e-08
0.7284000244140625 6.568500503374774e-08
0.7294000244140625 6.782634977730583e-08
0.7304000244140625 7.920750935186337e-08
0.7314000244140625 8.654168813188707e-08
0.7324000244140625 9.612884331921084e-08
0.7334000244140625 1.0499825789724951e-07
0.7344000244140625 1.2390372326133838e-07
0.7354000244140625 1.2210319858557293e-07
0.7364000244140625 1.3622350718863532e-07
0.7374000244140625 1.1649737516373448e-07
0.7384000244140625 1.1576916735878061e-07
0.7394000244140625 1.0294683964958505e-07
0.7404000244140625 1.0886242510197418e-07
0.7414000244140625 8.037372520737415e-08
0.7424000244140625 4.855462790568528e-08
0.7434000244140625 3.527465719892814e-08
0.7444000244140625 3.549357607791218e-08
0.7454000244140625 6.87181875051973e-08
0.7464000244140625 5.969313149848832e-08
0.7474000244140625 9.351903830970889e-08
0.7484000244140625 7.649125461913134e-08
0.7494000244140625 7.77587973761769e-08
0.7504000244140625 5.783067446498754e-08
0.7514000244140625 5.398497642028476e-08
0.7524000244140625 5.714096299067656e-08
0.7534000244140625 5.779882165300208e-08
0.7544000244140625 5.5315248007733215e-08
0.7554000244140625 5.327800162130714e-08
0.7564000244140625 8.459576513039252e-08
0.7574000244140625 1.0131989021464652e-07
0.7584000244140625 1.0957090165352989e-07
0.7594000244140625 8.453265541478477e-08
0.7604000244140625 8.571620301818624e-08
0.7614000244140625 7.621888972735939e-08
0.7624000244140625 7.846362101170074e-08
0.7634000244140625 6.823546578310734e-08
0.7644000244140625 7.474407721071844e-08
0.7654000244140625 7.64783807677128e-08
0.7664000244140625 9.070833539284266e-08
0.7674000244140625 1.0525670466213017e-07
0.7684000244140625 1.0758923471600766e-07
0.7694000244140625 1.0688862309550723e-07
0.7704000244140625 9.654148700596421e-08
0.7714000244140625 1.2093667665336006e-07
0.7724000244140625 1.2182276221636888e-07
0.7734000244140625 1.4484640085823686e-07
0.7744000244140625 1.2135878257001643e-07
0.7754000244140625 1.3255458223879463e-07
0.7764000244140625 1.2095083453658792e-07
0.7774000244140625 1.2867750732408806e-07
0.7784000244140625 1.1055177251666891e-07
0.7794000244140625 1.0973808703568826e-07
0.7804000244140625 9.169360870146455e-08
0.7814000244140625 9.127184151390184e-08
0.7824000244140625 7.735295066898778e-08
0.7834000244140625 8.100298029353648e-08
0.7844000244140625 7.694618807961492e-08
0.7854000244140625 7.226240344419146e-08
0.7864000244140625 6.934378471971194e-08
0.7874000244140625 8.232950148126596e-08
0.7884000244140625 1.1442382616274903e-07
0.7894000244140625 1.225833685053369e-07
0.7904000244140625 1.0919045074864812e-07
0.7914000244140625 9.283428203956373e-08
0.7924000244140625 8.559521227304014e-08
0.7934000244140625 7.047288510068361e-08
0.7944000244140625 7.12662726802291e-08
0.7954000244140625 7.662363774216642e-08
0.7964000244140625 1.226526928924003e-07
0.7974000244140625 1.6771696841663704e-07
0.7984000244140625 2.157404560928798e-07
0.7994000244140625 2.393823049376148e-07
0.8004000244140625 2.3725074485532506e-07
0.8014000244140626 2.4867484922844815e-07
0.8024000244140626 2.374199269839208e-07
0.8034000244140626 2.6310242718405357e-07
0.8044000244140626 2.75621338702384e-07
0.8054000244140626 3.1634948356897895e-07
0.8064000244140626 3.202015351437259e-07
0.8074000244140624 3.095255484969163e-07
0.8084000244140624 2.987060019037513e-07
0.8094000244140624 3.1359085876591443e-07
0.8104000244140624 3.107934009523783e-07
0.8114000244140624 2.899912074144241e-07
0.8124000244140624 2.727862321598417e-07
0.8134000244140625 2.2934930620676699e-07
0.8144000244140625 1.9447806802106988e-07
0.8154000244140625 1.3595190919592633e-07
0.8164000244140625 1.2550724186494906e-07
0.8174000244140625 1.1189185008457263e-07
0.8184000244140625 9.456254985648115e-08
0.8194000244140625 8.737908138821605e-08
0.8204000244140625 7.138133154580775e-08
0.8214000244140625 7.483559357899925e-08
0.8224000244140625 5.4848023933474234e-08
0.8234000244140625 6.70556916170163e-08
0.8244000244140625 5.8994833813071065e-08
0.8254000244140625 6.641855060205637e-08
0.8264000244140625 6.166579976947225e-08
0.8274000244140625 6.659850425074254e-08
0.8284000244140625 8.488409314554058e-08
0.8294000244140625 8.271642741702399e-08
0.8304000244140625 8.19346947614697e-08
0.8314000244140625 5.734768012169707e-08
0.8324000244140625 4.8920164608511e-08
0.8334000244140625 3.865629061338043e-08
0.8344000244140625 3.4846965026937997e-08
0.8354000244140625 3.733597263655972e-08
0.8364000244140625 4.2052979060777747e-08
0.8374000244140625 5.7776209559837597e-08
0.8384000244140625 6.218803419232205e-08
0.8394000244140625 6.525593150367192e-08
0.8404000244140625 4.9642030829274225e-08
0.8414000244140625 4.6781386172509044e-08
0.8424000244140625 4.551379125191781e-08
0.8434000244140625 7.317141446243545e-08
0.8444000244140625 8.711773232133319e-08
0.8454000244140625 8.381695052468243e-08
0.8464000244140625 5.706453484094305e-08
0.8474000244140625 8.008175288884783e-08
0.8484000244140625 9.499854391685029e-08
0.8494000244140625 1.176852035663194e-07
0.8504000244140625 9.138317391816382e-08
0.8514000244140625 1.0384759758147643e-07
0.8524000244140625 9.400423342259598e-08
0.8534000244140625 7.378435738151868e-08
0.8544000244140625 5.843229270729936e-08
0.8554000244140625 4.883877161255796e-08
0.8564000244140625 1.0543298157703507e-07
0.8574000244140625 9.991196387952598e-08
0.8584000244140625 1.2741389094705928e-07
0.8594000244140625 1.1183898418204786e-07
0.8604000244140625 1.3718985323590886e-07
0.8614000244140625 1.3025661560498135e-07
0.8624000244140625 8.950868717513964e-08
0.8634000244140625 1.0237167259623377e-07
0.8644000244140625 1.3746784997622308e-07
0.8654000244140625 1.521058601043223e-07
0.8664000244140625 1.2208862955801102e-07
0.8674000244140625 6.626129168033413e-08
0.8684000244140625 7.709785504857019e-08
0.8694000244140625 4.7225958340858454e-08
0.8704000244140625 4.7027431000383114e-08
0.8714000244140625 5.078755290113043e-08
0.8724000244140625 8.638939437537518e-08
0.8734000244140625 9.724809343283776e-08
0.8744000244140625 9.780540231401339e-08
0.8754000244140625 6.435193766738312e-08
0.8764000244140625 1.0575295743408607e-07
0.8774000244140625 6.909230918307651e-08
0.8784000244140625 1.4791296981584313e-07
0.8794000244140625 1.5197580239765778e-07
0.8804000244140625 1.5228899442072682e-07
0.8814000244140625 1.3219476327323468e-07
0.8824000244140625 1.8279099557048063e-07
0.8834000244140625 2.0116444284603877e-07
0.8844000244140625 2.2417615488548238e-07
0.8854000244140625 4.767142209066056e-07
0.8864000244140625 8.373072692320912e-07
0.8874000244140625 9.820482580744398e-07
0.8884000244140625 9.560428375050778e-07
0.8894000244140625 5.768316319429389e-07
0.8904000244140625 4.910474713880359e-07
0.8914000244140625 7.318206991059463e-07
0.8924000244140625 7.321304920263533e-07
0.8934000244140625 1.0614023865912481e-06
0.8944000244140625 7.417900709333179e-07
0.8954000244140625 1.276945728755982e-06
0.8964000244140625 8.450474595767174e-07
0.8974000244140625 6.613082534985589e-07
0.8984000244140625 2.2895063683253728e-07
0.8994000244140625 2.630634530094426e-07
0.9004000244140625 2.676885094623565e-07
0.9014000244140625 2.5947156988695213e-07
0.9024000244140625 2.637259751982193e-07
0.9034000244140625 2.8397879873624343e-07
0.9044000244140625 2.8674510457420276e-07
0.9054000244140625 2.88620073910178e-07
0.9064000244140625 2.604695575954345e-07
0.9074000244140625 2.3241872733300687e-07
0.9084000244140625 2.1969508605390897e-07
0.9094000244140625 2.1260430588750848e-07
0.9104000244140625 2.309963997396954e-07
0.9114000244140625 1.9216052334020762e-07
0.9124000244140625 1.957783242320376e-07
0.9134000244140625 1.915658885846597e-07
0.9144000244140625 2.0925437707199975e-07
0.9154000244140625 2.199241420926664e-07
0.9164000244140625 1.9962576130784022e-07
0.9174000244140625 2.184605270709253e-07
0.9184000244140625 1.8294410240733616e-07
0.9194000244140625 1.6733151297677506e-07
0.9204000244140625 1.728802532398284e-07
0.9214000244140625 2.1920589024745282e-07
0.9224000244140625 2.387915119196218e-07
0.9234000244140625 2.4797177794493657e-07
0.9244000244140625 2.637715367252433e-07
0.9254000244140625 3.0215009982110837e-07
0.9264000244140626 3.2108251871522397e-07
0.9274000244140626 3.166004629518818e-07
0.9284000244140626 2.921633626357087e-07
0.9294000244140626 2.9075331737001136e-07
0.9304000244140626 2.973089389467596e-07
0.9314000244140626 3.4082098570276357e-07
0.9324000244140624 3.474279739366956e-07
0.9334000244140624 3.630898390781111e-07
0.9344000244140624 3.635858699540337e-07
0.9354000244140624 4.0217663305478507e-07
0.9364000244140624 3.999564518621262e-07
0.9374000244140624 4.186474056008504e-07
0.9384000244140625 4.175398305803408e-07
0.9394000244140625 4.175162343315181e-07
0.9404000244140625 4.044198346187871e-07
0.9414000244140625 4.0203842361112375e-07
0.9424000244140625 4.192792974200491e-07
0.9434000244140625 4.1695115093471105e-07
0.9444000244140625 3.990109222228241e-07
0.9454000244140625 3.62416316288472e-07
0.9464000244140625 3.776043788780274e-07
0.9474000244140625 4.1972382825997883e-07
0.9484000244140625 4.2023553314637434e-07
0.9494000244140625 3.874453490297594e-07
0.9504000244140625 3.596687672454694e-07
0.9514000244140625 3.721820295103634e-07
0.9524000244140625 3.7853150155083117e-07
0.9534000244140625 3.966134934212008e-07
0.9544000244140625 3.943722736293758e-07
0.9554000244140625 4.0968095300165893e-07
0.9564000244140625 3.880742692959493e-07
0.9574000244140625 3.7717944705810424e-07
0.9584000244140625 3.529985691723968e-07
0.9594000244140625 3.393886170909663e-07
0.9604000244140625 3.584782618360166e-07
0.9614000244140625 3.224625005171201e-07
0.9624000244140625 2.9388019273050593e-07
0.9634000244140625 2.7563683013177814e-07
0.9644000244140625 2.985967998681369e-07
0.9654000244140625 3.112214224400331e-07
0.9664000244140625 3.023060553134738e-07
0.9674000244140625 3.083474959054755e-07
0.9684000244140625 3.0760572133954436e-07
0.9694000244140625 2.9687376979929914e-07
0.9704000244140625 3.1137055164192207e-07
0.9714000244140625 3.0599412804261994e-07
0.9724000244140625 3.0506291341107757e-07
0.9734000244140625 2.977707038109758e-07
0.9744000244140625 3.1741157294481207e-07
0.9754000244140625 3.3307781462157154e-07
0.9764000244140625 3.272226373134456e-07
0.9774000244140625 3.3796634288854155e-07
0.9784000244140625 3.54952354526527e-07
0.9794000244140625 3.740822979372236e-07
0.9804000244140625 3.3771322747898964e-07
0.9814000244140625 3.284067672886625e-07
0.9824000244140625 3.105192069222296e-07
0.9834000244140625 3.5022033305184886e-07
0.9844000244140625 3.3970392613899705e-07
0.9854000244140625 3.4785030847365324e-07
0.9864000244140625 3.0813047189375614e-07
0.9874000244140625 2.936885444984262e-07
0.9884000244140625 2.654340043004565e-07
0.9894000244140625 2.8851135332413184e-07
0.9904000244140625 3.1111151306688063e-07
0.9914000244140625 3.3622804136386214e-07
0.9924000244140625 3.164657507423777e-07
0.9934000244140625 3.0037046733443734e-07
0.9944000244140625 2.956911863858722e-07
0.9954000244140625 2.868064230449781e-07
0.9964000244140625 2.7763012011869863e-07
0.9974000244140625 1.190673884531003e-06
0.9984000244140625 1.9926349935364293e-06
0.9994000244140625 2.909574332341981e-06
1.0004000244140625 2.911841326336477e-06
1.0014000244140624 3.085875228299016e-06
1.0024000244140625 3.0027660349910435e-06
1.0034000244140624 2.949261369996595e-06
1.0044000244140625 2.5860638180125436e-06
1.0054000244140624 2.7098131189003086e-06
1.0064000244140625 2.6025663265006963e-06
1.0074000244140624 2.7772258057320916e-06
1.0084000244140625 2.6680250371939187e-06
1.0094000244140624 2.7786664512940303e-06
1.0104000244140625 2.864060867214927e-06
1.0114000244140624 2.8276294516751243e-06
1.0124000244140625 2.834742913859729e-06
1.0134000244140624 2.886173945382183e-06
1.0144000244140625 3.009241961181415e-06
1.0154000244140624 2.803397711356242e-06
1.0164000244140625 2.5805899177984773e-06
1.0174000244140624 2.5142688903231577e-06
1.0184000244140625 2.4563197906908927e-06
1.0194000244140624 2.5523416316933422e-06
1.0204000244140625 2.4321622559720234e-06
1.0214000244140624 2.5593926865689494e-06
1.0224000244140625 2.597133476858084e-06
1.0234000244140624 2.61010376818123e-06
1.0244000244140625 2.609318237465847e-06
1.0254000244140624 2.36582843185065e-06
1.0264000244140625 2.184273434741852e-06
1.0274000244140624 2.094071828269223e-06
1.0284000244140625 2.294781134461073e-06
1.0294000244140624 2.484078930235232e-06
1.0304000244140625 2.606094197268959e-06
1.0314000244140624 2.700078370752357e-06
1.0324000244140625 2.6010481255748924e-06
1.0334000244140624 2.453323535024338e-06
1.0344000244140625 2.2874136936521357e-06
1.0354000244140624 2.358773989806468e-06
1.0364000244140625 2.3329582434256025e-06
1.0374000244140624 2.2581322938421512e-06
1.0384000244140625 2.261640553661789e-06
1.0394000244140624 2.3544125234179414e-06
1.0404000244140625 2.3817335165438375e-06
1.0414000244140624 2.384623590685709e-06
1.0424000244140625 2.4349297677478465e-06
1.0434000244140624 2.3051163532969004e-06
1.0444000244140625 2.2608123547128533e-06
1.0454000244140624 2.13607322218211e-06
1.0464000244140625 2.279753552507055e-06
1.0474000244140624 2.276362442019005e-06
1.0484000244140625 2.3489246944061837e-06
1.0494000244140624 2.2856695503461564e-06
1.0504000244140625 2.2854204633277653e-06
1.0514000244140624 2.212670441245041e-06
1.0524000244140626 2.336521364288754e-06
1.0534000244140624 2.2247609904545937e-06
1.0544000244140626 2.3613518895917544e-06
1.0554000244140624 2.1772522946607368e-06
1.0564000244140626 2.0931075916413984e-06
1.0574000244140624 1.7800149162673647e-06
1.0584000244140626 2.006702661246394e-06
1.0594000244140624 2.0603375874603993e-06
1.0604000244140626 2.1009319904117904e-06
1.0614000244140624 2.0155105008430807e-06
1.0624000244140626 2.074369722706659e-06
1.0634000244140625 2.1852566758177317e-06
1.0644000244140626 1.984264132005115e-06
1.0654000244140625 2.027547342483998e-06
1.0664000244140626 2.013937358361234e-06
1.0674000244140625 2.1838060871169896e-06
1.0684000244140626 2.1492382633070707e-06
1.0694000244140625 2.1925289242663e-06
1.0704000244140626 2.0209064244814883e-06
1.0714000244140625 2.0763302214668195e-06
1.0724000244140626 2.0369752751734613e-06
1.0734000244140625 2.0617262681353204e-06
1.0744000244140626 1.8864114972883244e-06
1.0754000244140625 1.8587482026482475e-06
1.0764000244140626 1.9712299501274453e-06
1.0774000244140625 2.239181769986155e-06
1.0784000244140626 2.3076541982533493e-06
1.0794000244140625 2.1230584868845828e-06
1.0804000244140626 1.946721838296316e-06
1.0814000244140625 1.9127524925471153e-06
1.0824000244140626 1.98039577592599e-06
1.0834000244140625 2.0970801186457414e-06
1.0844000244140626 2.075000129344267e-06
1.0854000244140625 2.0959396676215775e-06
1.0864000244140626 2.0348732831599096e-06
1.0874000244140625 1.907404809980824e-06
1.0884000244140626 2.11839696003357e-06
1.0894000244140625 1.8930308074008613e-06
1.0904000244140626 2.0416209857234867e-06
1.0914000244140625 1.8249642845407125e-06
1.0924000244140626 2.0110517342087057e-06
1.0934000244140625 2.078272700094261e-06
1.0944000244140626 2.2045101749432683e-06
1.0954000244140625 2.126231103956485e-06
1.0964000244140626 1.9175124008948547e-06
1.0974000244140625 1.7415923970501433e-06
1.0984000244140626 1.8198117209492132e-06
1.0994000244140625 1.995523253920064e-06
1.1004000244140626 2.135527856849541e-06
1.1014000244140625 2.0818359704982688e-06
1.1024000244140626 2.1055686338592965e-06
1.1034000244140625 1.9820354106542078e-06
1.1044000244140626 1.959659402435126e-06
1.1054000244140625 1.9354145676205784e-06
1.1064000244140626 1.944717746789766e-06
1.1074000244140625 1.981195904841865e-06
1.1084000244140626 1.8897827716586106e-06
1.1094000244140625 1.9148482996815183e-06
1.1104000244140626 1.8510745096091748e-06
1.1114000244140625 2.0156449744949227e-06
1.1124000244140626 1.9237440581358017e-06
1.1134000244140625 1.9312519312144334e-06
1.1144000244140626 1.8027687242304499e-06
1.1154000244140625 2.037922115860597e-06
1.1164000244140626 2.0500802264578206e-06
1.1174000244140625 1.945978341730027e-06
1.1184000244140626 1.7925169266952196e-06
1.1194000244140625 1.7258031147883873e-06
1.1204000244140624 1.8369844088763974e-06
1.1214000244140625 1.8520668634570564e-06
1.1224000244140624 1.8656298220707543e-06
1.1234000244140625 1.8203086753154988e-06
1.1244000244140624 1.8347471507596485e-06
1.1254000244140625 1.8536023671984553e-06
1.1264000244140624 1.938720174011228e-06
1.1274000244140625 2.006340882381941e-06
1.1284000244140624 1.911705717091549e-06
1.1294000244140625 1.7766057591854933e-06
1.1304000244140624 1.7176401727459954e-06
1.1314000244140625 1.8650318478491503e-06
1.1324000244140624 1.8692128464118681e-06
1.1334000244140625 1.8558336267207633e-06
1.1344000244140624 1.763521506462305e-06
1.1354000244140625 1.8434441562105178e-06
1.1364000244140624 1.762803035224133e-06
1.1374000244140625 1.8761542248514565e-06
1.1384000244140624 1.8336859762388473e-06
1.1394000244140625 1.8118075066934045e-06
1.1404000244140624 1.720316440607083e-06
1.1414000244140625 1.7636424083923285e-06
1.1424000244140624 1.9020846585298488e-06
1.1434000244140625 1.9179049116538955e-06
1.1444000244140624 1.8327782043768648e-06
1.1454000244140625 1.8174552885262586e-06
1.1464000244140624 1.895268644270384e-06
1.1474000244140625 1.987170465008336e-06
1.1484000244140624 1.8716185283345114e-06
1.1494000244140625 1.916230351096963e-06
1.1504000244140624 1.8740893062370682e-06
1.1514000244140625 1.8303553162149731e-06
1.1524000244140624 1.6829871492929657e-06
1.1534000244140625 1.6225330677812466e-06
1.1544000244140624 1.6625468138843541e-06
1.1554000244140625 1.6568666815831624e-06
1.1564000244140624 1.6437225630581482e-06
1.1574000244140625 1.830457668654416e-06
1.1584000244140624 2.00316556641645e-06
1.1594000244140625 2.0126935994758813e-06
1.1604000244140624 1.9369471820740932e-06
1.1614000244140625 1.938549433986071e-06
1.1624000244140624 2.050199423866858e-06
1.1634000244140625 1.956137862260754e-06
1.1644000244140624 1.807045390424259e-06
1.1654000244140625 1.6656430855995692e-06
1.1664000244140624 1.8978212704405242e-06
1.1674000244140625 1.9651059900685258e-06
1.1684000244140624 2.0750011693282832e-06
1.1694000244140625 1.8910105222325174e-06
1.1704000244140624 1.7774270424073235e-06
1.1714000244140625 1.778444978825869e-06
1.1724000244140624 1.7486086408816305e-06
1.1734000244140625 1.8063319648651854e-06
1.1744000244140624 1.666938317287995e-06
1.1754000244140625 1.707961322118622e-06
1.1764000244140624 1.7671455488393532e-06
1.1774000244140626 1.8638481334991667e-06
1.1784000244140624 1.8304552777954988e-06
1.1794000244140626 1.867912758649695e-06
1.1804000244140624 1.872474527880067e-06
1.1814000244140626 1.856436133061225e-06
1.1824000244140624 1.8068376108005245e-06
1.1834000244140626 1.9536373232468633e-06
1.1844000244140624 1.9771616486766003e-06
1.1854000244140626 1.9445991486489846e-06
1.1864000244140624 1.788298768128117e-06
1.1874000244140626 1.8964609170868806e-06
1.1884000244140625 1.9189575304918742e-06
1.1894000244140626 1.7770121266316395e-06
1.1904000244140625 1.7149439621421456e-06
1.1914000244140626 1.7725563329531481e-06
1.1924000244140625 1.9268000888829194e-06
1.1934000244140626 1.9469195179319873e-06
1.1944000244140625 1.8763382620298438e-06
1.1954000244140626 1.8669240406045306e-06
1.1964000244140625 1.7673130864682428e-06
1.1974000244140626 1.7805126832939927e-06
1.1984000244140625 1.7758711963792613e-06
1.1994000244140626 1.8092452360053079e-06
1.2004000244140625 1.7666052654983848e-06
1.2014000244140626 1.8264822025130396e-06
1.2024000244140625 1.9035826299256222e-06
1.2034000244140626 1.773793087893998e-06
1.2044000244140625 1.7422203012149406e-06
1.2054000244140626 1.6226873392004585e-06
1.2064000244140625 1.8033483653528222e-06
1.2074000244140626 1.8623299414972448e-06
1.2084000244140625 2.001901017797178e-06
1.2094000244140626 1.8423718824696971e-06
1.2104000244140625 1.6295709542886025e-06
1.2114000244140626 1.5291213036735648e-06
1.2124000244140625 1.6292768623726282e-06
1.2134000244140626 1.756628681011633e-06
1.2144000244140625 1.7738424637749513e-06
1.2154000244140626 1.7093476821222233e-06
1.2164000244140625 1.6906194228869395e-06
1.2174000244140626 1.6402246753644332e-06
1.2184000244140625 1.7228580293976938e-06
1.2194000244140626 1.767632562902552e-06
1.2204000244140625 1.8674116871849467e-06
1.2214000244140626 1.9310372566016516e-06
1.2224000244140625 1.968117895222414e-06
1.2234000244140626 1.8536249314216446e-06
1.2244000244140625 1.851450634953123e-06
1.2254000244140626 1.8538274518357254e-06
1.2264000244140625 1.945146527056119e-06
1.2274000244140626 1.9800700931271677e-06
1.2284000244140625 2.0005159058352327e-06
1.2294000244140626 1.9293199859333014e-06
1.2304000244140625 1.861863490364793e-06
1.2314000244140626 1.8168142338907568e-06
1.2324000244140625 1.810865291404603e-06
1.2334000244140626 1.7736224391034469e-06
1.2344000244140625 1.8913764859233455e-06
1.2354000244140626 1.9648841039573277e-06
1.2364000244140625 2.0187815900836182e-06
1.2374000244140626 1.9061066912257818e-06
1.2384000244140625 1.8818055465782882e-06
1.2394000244140626 1.8552387617957751e-06
1.2404000244140625 1.8694375470336863e-06
1.2414000244140626 1.8634612377283328e-06
1.2424000244140625 1.7845450950227543e-06
1.2434000244140626 1.7949273113785856e-06
1.2444000244140625 1.8306440870659308e-06
1.2454000244140624 1.958921702885402e-06
1.2464000244140625 2.010274203161256e-06
1.2474000244140624 2.0390540768632527e-06
1.2484000244140625 1.9984920806091417e-06
1.2494000244140624 2.0003616093158754e-06
1.2504000244140625 1.994516112639588e-06
1.2514000244140624 1.976983723720175e-06
1.2524000244140625 2.0979894232036826e-06
1.2534000244140624 1.978956297487084e-06
1.2544000244140625 1.9129904892839554e-06
1.2554000244140624 1.8632499400292617e-06
1.2564000244140625 1.9369689982745338e-06
1.2574000244140624 1.9770899142894965e-06
1.2584000244140625 1.883134010584484e-06
1.2594000244140624 1.942567274334759e-06
1.2604000244140625 2.0405848761033967e-06
1.2614000244140624 2.0218003727790835e-06
1.2624000244140625 2.055453286204384e-06
1.2634000244140624 2.1577007233891006e-06
1.2644000244140625 2.070213403683055e-06
1.2654000244140624 1.9938588594289807e-06
1.2664000244140625 1.9390436868651585e-06
1.2674000244140624 1.8324083277256536e-06
1.2684000244140625 1.907796441585702e-06
1.2694000244140624 1.8331721343792395e-06
1.2704000244140625 1.9461430634000777e-06
1.2714000244140624 1.9114361860663026e-06
1.2724000244140625 1.951367365948964e-06
1.2734000244140624 2.0143670486298847e-06
1.2744000244140625 2.073389569286585e-06
1.2754000244140624 2.066889532797297e-06
1.2764000244140625 2.1753029186984235e-06
1.2774000244140624 2.121617932195503e-06
1.2784000244140625 2.0036937007790556e-06
1.2794000244140624 1.8923308140189943e-06
1.2804000244140625 1.8018890895644202e-06
1.2814000244140624 1.8438304687314037e-06
1.2824000244140625 1.925750525402432e-06
1.2834000244140624 2.071187449510661e-06
1.2844000244140625 2.0603919979017825e-06
1.2854000244140624 1.8034484306017285e-06
1.2864000244140625 1.6780855806571649e-06
1.2874000244140624 1.795239757744965e-06
1.2884000244140625 2.0596622767559395e-06
1.2894000244140624 2.0328401966439686e-06
1.2904000244140625 1.8570625286802445e-06
1.2914000244140624 1.8503518007602086e-06
1.2924000244140625 1.9174601977358597e-06
1.2934000244140624 2.0600545057638573e-06
1.2944000244140625 2.061237183971986e-06
1.2954000244140624 2.0524575342591626e-06
1.2964000244140625 2.131942006944785e-06
1.2974000244140624 2.088808908805557e-06
1.2984000244140625 2.166618001941958e-06
1.2994000244140624 2.113566756081588e-06
1.3004000244140625 2.0693053011969753e-06
1.3014000244140624 2.1493427870282475e-06
1.3024000244140626 2.01383288942779e-06
1.3034000244140624 2.147612844769112e-06
1.3044000244140626 2.0400888332779905e-06
1.3054000244140624 2.166950739031967e-06
1.3064000244140626 2.1378219099311254e-06
1.3074000244140624 2.2636910234089134e-06
1.3084000244140626 2.2389511708012345e-06
1.3094000244140624 2.3416252814418283e-06
1.3104000244140626 2.275804496966689e-06
1.3114000244140624 2.3401172093462115e-06
1.3124000244140626 2.1425373063020962e-06
1.3134000244140625 2.100849830372259e-06
1.3144000244140626 2.0522932210007133e-06
1.3154000244140625 2.101669341852626e-06
1.3164000244140626 2.1688138707145117e-06
1.3174000244140625 2.3274174758205627e-06
1.3184000244140626 2.2870495395125325e-06
1.3194000244140625 2.221618354808282e-06
1.3204000244140626 2.1284590257735168e-06
1.3214000244140625 2.189834430623907e-06
1.3224000244140626 2.0049118218003695e-06
1.3234000244140625 2.047093662241615e-06
1.3244000244140626 1.9783752187600097e-06
1.3254000244140625 2.3066497236122343e-06
1.3264000244140626 2.2434487042787743e-06
1.3274000244140625 2.1873123555688773e-06
1.3284000244140626 2.088048133333559e-06
1.3294000244140625 2.1569793305737573e-06
1.3304000244140626 2.244336762737391e-06
1.3314000244140625 2.319847620532134e-06
1.3324000244140626 2.134785833040275e-06
1.3334000244140625 2.1962848674857792e-06
1.3344000244140626 2.089668137944795e-06
1.3354000244140625 2.2347368905264146e-06
1.3364000244140626 2.15454551499685e-06
1.3374000244140625 2.137987685540578e-06
1.3384000244140626 2.183624222362939e-06
1.3394000244140625 2.249080508856144e-06
1.3404000244140626 2.3875445933758953e-06
1.3414000244140625 2.345032648055931e-06
1.3424000244140626 2.4347629917407533e-06
1.3434000244140625 2.4626590100765086e-06
1.3444000244140626 2.553867989111318e-06
1.3454000244140625 2.509412026339118e-06
1.3464000244140626 2.3796189405204146e-06
1.3474000244140625 2.4761840182140117e-06
1.3484000244140626 2.5187457269476255e-06
1.3494000244140625 2.583597278052182e-06
1.3504000244140626 2.3974031585130537e-06
1.3514000244140625 2.4625933803947996e-06
1.3524000244140626 2.49543925651576e-06
1.3534000244140625 2.627014032756596e-06
1.3544000244140626 2.502206357095327e-06
1.3554000244140625 2.5333380229057328e-06
1.3564000244140626 2.5451886628409813e-06
1.3574000244140625 2.6210995382306513e-06
1.3584000244140626 2.830430424877891e-06
1.3594000244140625 2.9681281726271438e-06
1.3604000244140626 3.142994609538303e-06
1.3614000244140625 3.0933861390253776e-06
1.3624000244140626 3.0942788758068326e-06
1.3634000244140625 2.8188095365577313e-06
1.3644000244140626 2.744341637212553e-06
1.3654000244140625 2.6014438026671325e-06
1.3664000244140626 2.7231689345493773e-06
1.3674000244140625 2.541307883755591e-06
1.3684000244140626 2.6201202401480803e-06
1.3694000244140625 2.7647681501824776e-06
1.3704000244140624 2.9495803429597202e-06
1.3714000244140625 2.960825612119564e-06
1.3724000244140624 2.8692005057613628e-06
1.3734000244140625 2.94369946921425e-06
1.3744000244140624 2.8107475556331523e-06
1.3754000244140625 3.0865742886671364e-06
1.3764000244140624 2.987414955743086e-06
1.3774000244140625 3.1073596920492223e-06
1.3784000244140624 2.809630346304752e-06
1.3794000244140625 3.012645646059731e-06
1.3804000244140624 3.0207556408952363e-06
1.3814000244140625 3.0278287145419963e-06
1.3824000244140624 2.9609983341276663e-06
1.3834000244140625 2.9633301015108743e-06
1.3844000244140624 3.1843573654957804e-06
1.3854000244140625 3.123136388959315e-06
1.3864000244140624 3.0585741666779617e-06
1.3874000244140625 2.6968513620054167e-06
1.3884000244140624 2.7428026490999728e-06
1.3894000244140625 2.5888479427645584e-06
1.3904000244140624 2.7583861521517903e-06
1.3914000244140625 2.716208252601978e-06
1.3924000244140624 3.01277643514722e-06
1.3934000244140625 3.037387814264168e-06
1.3944000244140624 2.810279535866318e-06
1.3954000244140625 2.5876852162841744e-06
1.3964000244140624 2.5329564982163874e-06
1.3974000244140625 2.684624021735359e-06
1.3984000244140624 2.7491412739853066e-06
1.3994000244140625 2.7931550975685834e-06
1.4004000244140624 2.8077335315133697e-06
1.4014000244140625 2.986516244322255e-06
1.4024000244140624 3.1016350632312657e-06
1.4034000244140625 3.0845767468469866e-06
1.4044000244140624 2.7588908178444974e-06
1.4054000244140625 2.582492062790199e-06
1.4064000244140624 2.516491672784949e-06
1.4074000244140625 2.6450129378698346e-06
1.4084000244140624 2.6587246320270526e-06
1.4094000244140625 2.595587175704132e-06
1.4104000244140624 2.5386916962661135e-06
1.4114000244140625 2.359733801483106e-06
1.4124000244140624 2.28481039955149e-06
1.4134000244140625 2.4327064354115896e-06
1.4144000244140624 2.525886592472563e-06
1.4154000244140625 2.740707393796785e-06
1.4164000244140624 2.5885027145243678e-06
1.4174000244140625 2.663059621917127e-06
1.4184000244140624 2.559880763615545e-06
1.4194000244140625 2.6742686210227678e-06
1.4204000244140624 2.5757764861700842e-06
1.4214000244140625 2.5743975267532427e-06
1.4224000244140624 2.526510577505788e-06
1.4234000244140625 2.5791696476974668e-06
1.4244000244140624 2.4617478442908724e-06
1.4254000244140625 2.387936442744169e-06
1.4264000244140624 2.3488176735731926e-06
1.4274000244140626 2.4789533158142693e-06
1.4284000244140624 2.522425688146052e-06
1.4294000244140626 2.739150650968607e-06
1.4304000244140624 2.80267091127076e-06
1.4314000244140626 2.8819342223150646e-06
1.4324000244140624 2.7520975900947803e-06
1.4334000244140626 2.7220148109340547e-06
1.4344000244140624 2.562766953175346e-06
1.4354000244140626 2.5584348040192594e-06
1.4364000244140624 2.635046799897126e-06
1.4374000244140626 2.8754712668223885e-06
1.4384000244140625 2.743009288434962e-06
1.4394000244140626 2.5879019185116983e-06
1.4404000244140625 2.4674962957584717e-06
1.4414000244140626 2.640000341706084e-06
1.4424000244140625 2.600530422345898e-06
1.4434000244140626 2.5068326387027467e-06
1.4444000244140625 2.54990667343414e-06
1.4454000244140626 2.548575975926779e-06
1.4464000244140625 2.603634859353994e-06
1.4474000244140626 2.5368405989980946e-06
1.4484000244140625 2.6410219557295977e-06
1.4494000244140626 2.4806873816642336e-06
1.4504000244140625 2.4022373213295816e-06
1.4514000244140626 2.4193315992835432e-06
1.4524000244140625 2.632060405715251e-06
1.4534000244140626 2.7689132561089887e-06
1.4544000244140625 2.801582026810995e-06
1.4554000244140626 2.6920018809486314e-06
1.4564000244140625 2.5783571101336286e-06
1.4574000244140626 2.5171226070132395e-06
1.4584000244140625 2.636185261594296e-06
1.4594000244140626 2.8044368513135934e-06
1.4604000244140625 2.7199045108063996e-06
1.4614000244140626 2.519586561399969e-06
1.4624000244140625 2.192644699561308e-06
1.4634000244140626 2.354073088476481e-06
1.4644000244140625 2.6623105463374357e-06
1.4654000244140626 2.920454933309042e-06
1.4664000244140625 2.761167283690409e-06
1.4674000244140626 2.8322502052965e-06
1.4684000244140625 2.86688666701206e-06
1.4694000244140626 3.0687585357292824e-06
1.4704000244140625 2.8872660338246922e-06
1.4714000244140626 2.9358094276809216e-06
1.4724000244140625 2.9607261429044385e-06
1.4734000244140626 2.8794458396891022e-06
1.4744000244140625 2.8187580937357688e-06
1.4754000244140626 2.820352820854995e-06
1.4764000244140625 2.911945433999761e-06
1.4774000244140626 2.8173734964409784e-06
1.4784000244140625 2.7952994808685315e-06
1.4794000244140626 2.642831193721776e-06
1.4804000244140625 2.9100678824952983e-06
1.4814000244140626 2.721382066265393e-06
1.4824000244140625 2.6997070430734233e-06
1.4834000244140626 2.529058165312872e-06
1.4844000244140625 2.7631550654507583e-06
1.4854000244140626 2.9598934166036805e-06
1.4864000244140625 3.205766643063777e-06
1.4874000244140626 3.2210418397809974e-06
1.4884000244140625 3.363336585845553e-06
1.4894000244140626 3.2005839628398645e-06
1.4904000244140625 3.139673776532766e-06
1.4914000244140626 2.9263672717776872e-06
1.4924000244140625 2.9148384838538515e-06
1.4934000244140626 3.144721489760368e-06
1.4944000244140625 3.1886772591839297e-06
1.4954000244140624 3.212301743749205e-06
1.4964000244140625 3.1792601853663537e-06
1.4974000244140624 3.2437173774406843e-06
1.4984000244140625 3.321201063943577e-06
1.4994000244140624 3.1822107130993714e-06
1.5004000244140625 3.2841922556257026e-06
1.5014000244140624 3.083382615008723e-06
1.5024000244140625 3.0622187304967163e-06
1.5034000244140624 3.041055341948659e-06
1.5044000244140625 3.1385463033831363e-06
1.5054000244140624 3.2025640410392726e-06
1.5064000244140625 3.2351896191726165e-06
1.5074000244140624 3.1727489004964596e-06
1.5084000244140625 3.1145071793840743e-06
1.5094000244140624 3.120682531759982e-06
1.5104000244140625 3.2767646197671342e-06
1.5114000244140624 3.2626102060706987e-06
1.5124000244140625 3.2923148835714483e-06
1.5134000244140624 3.2369280092544137e-06
1.5144000244140625 3.522710252615566e-06
1.5154000244140624 3.5163589386532443e-06
1.5164000244140625 3.5938985390430474e-06
1.5174000244140624 3.399455771153958e-06
1.5184000244140625 3.312787336718584e-06
1.5194000244140624 3.346915272476085e-06
1.5204000244140625 3.155834044862259e-06
1.5214000244140624 3.251119773798012e-06
1.5224000244140625 3.120649457355319e-06
1.5234000244140624 3.5619532253332473e-06
1.5244000244140625 3.5509006721804223e-06
1.5254000244140624 3.448226221625914e-06
1.5264000244140625 3.204974327729513e-06
1.5274000244140624 3.40142457589722e-06
1.5284000244140625 3.664133131976427e-06
1.5294000244140624 3.975845836311639e-06
1.5304000244140625 3.863442295334878e-06
1.5314000244140624 3.7153827474769704e-06
1.5324000244140625 3.430255207733998e-06
1.5334000244140624 3.575931083761398e-06
1.5344000244140625 3.650782348842959e-06
1.5354000244140624 3.724537031936542e-06
1.5364000244140625 3.4250360597836375e-06
1.5374000244140624 3.481869636628479e-06
1.5384000244140625 3.3618639611883255e-06
1.5394000244140624 3.511758424208437e-06
1.5404000244140625 3.3110966986387696e-06
1.5414000244140624 3.179864432074084e-06
1.5424000244140625 3.1164613524810496e-06
1.5434000244140624 3.3157957455321643e-06
1.5444000244140625 3.4772555266894446e-06
1.5454000244140624 3.3418641367029387e-06
1.5464000244140625 3.150843487245493e-06
1.5474000244140624 3.1460711161686905e-06
1.5484000244140625 3.4506747122464112e-06
1.5494000244140624 3.48862386727228e-06
1.5504000244140625 3.5714159103306225e-06
1.5514000244140624 3.311097559630326e-06
1.5524000244140626 3.449221367324295e-06
1.5534000244140624 3.597919786039109e-06
1.5544000244140626 3.941526220022956e-06
1.5554000244140624 4.064754009075057e-06
1.5564000244140626 3.96824344539606e-06
1.5574000244140624 3.7393627891217345e-06
1.5584000244140626 3.644797743236018e-06
1.5594000244140624 3.658594795470731e-06
1.5604000244140626 3.652223535043876e-06
1.5614000244140624 3.902234888292423e-06
1.5624000244140626 3.726780618998882e-06
1.5634000244140625 3.967213720884154e-06
1.5644000244140626 4.022616604959264e-06
1.5654000244140625 4.391748288917583e-06
1.5664000244140626 4.2620522911469594e-06
1.5674000244140625 4.110154733445656e-06
1.5684000244140626 4.055278569911084e-06
1.5694000244140625 4.159671790896364e-06
1.5704000244140626 4.291436365568662e-06
1.5714000244140625 4.141653766305653e-06
1.5724000244140626 4.0942624840126045e-06
1.5734000244140625 4.0527791242791165e-06
1.5744000244140626 4.167015922166227e-06
1.5754000244140625 4.171840785289678e-06
1.5764000244140626 4.037358104401771e-06
1.5774000244140625 4.029264181798254e-06
1.5784000244140626 4.185937495250224e-06
1.5794000244140625 4.011353526352386e-06
1.5804000244140626 4.005076311606529e-06
1.5814000244140625 3.863704965211949e-06
1.5824000244140626 4.086567166284141e-06
1.5834000244140625 4.219723090187395e-06
1.5844000244140626 4.3380294578543465e-06
1.5854000244140625 4.505014491458262e-06
1.5864000244140626 4.462562958832801e-06
1.5874000244140625 4.260322754339296e-06
1.5884000244140626 3.977662434201734e-06
1.5894000244140625 4.058723486986259e-06
1.5904000244140626 4.365907041962991e-06
1.5914000244140625 4.744054985226713e-06
1.5924000244140626 4.482132440064934e-06
1.5934000244140625 4.171229350236381e-06
1.5944000244140626 3.9411830894547386e-06
1.5954000244140625 3.909818523893617e-06
1.5964000244140626 3.970195075527008e-06
1.5974000244140625 3.849354023185638e-06
1.5984000244140626 3.980927576369493e-06
1.5994000244140625 4.186864832448813e-06
1.6004000244140626 4.297208061654584e-06
1.6014000244140625 4.499695248705746e-06
1.6024000244140626 4.390732340637302e-06
1.6034000244140625 4.7441696291913245e-06
1.6044000244140626 4.756796088468548e-06
1.6054000244140625 4.720060599855993e-06
1.6064000244140626 4.389963979576176e-06
1.6074000244140625 4.500201335518712e-06
1.6084000244140626 4.634638953217317e-06
1.6094000244140625 4.4668649472124015e-06
1.6104000244140626 4.028907808072519e-06
1.6114000244140625 4.2526677596809006e-06
1.6124000244140626 4.442906318131802e-06
1.6134000244140625 4.6867330835401396e-06
1.6144000244140626 4.44400640492389e-06
1.6154000244140625 4.483155974841378e-06
1.6164000244140626 4.405834710244073e-06
1.6174000244140625 4.763627537319383e-06
1.6184000244140626 5.1683623318572865e-06
1.6194000244140625 5.251815709828202e-06
1.6204000244140624 4.910110360143714e-06
1.6214000244140625 4.501906654100222e-06
1.6224000244140624 4.650155806079803e-06
1.6234000244140625 4.903713670047696e-06
1.6244000244140624 4.9120518134411e-06
1.6254000244140625 4.92171554033676e-06
1.6264000244140624 5.04078994531971e-06
1.6274000244140625 5.146436015625245e-06
1.6284000244140624 5.2333323315131165e-06
1.6294000244140625 5.028823842189822e-06
1.6304000244140624 5.125539358059541e-06
1.6314000244140625 5.364052701164795e-06
1.6324000244140624 5.486783444087138e-06
1.6334000244140625 5.638002449468569e-06
1.6344000244140624 5.78835059836452e-06
1.6354000244140625 5.5373613758436125e-06
1.6364000244140624 5.581493922445722e-06
1.6374000244140625 5.549068000778317e-06
1.6384000244140624 6.035865874549417e-06
1.6394000244140625 6.166900215572728e-06
1.6404000244140624 6.1022989343301935e-06
1.6414000244140625 6.503896359324787e-06
1.6424000244140624 6.758605597804583e-06
1.6434000244140625 7.194568486618734e-06
1.6444000244140624 7.508736464532857e-06
1.6454000244140625 7.871052298212364e-06
1.6464000244140624 8.291531410599008e-06
1.6474000244140625 8.134212322650044e-06
1.6484000244140624 8.574653979237505e-06
1.6494000244140625 8.793966460251384e-06
1.6504000244140624 8.97696074085535e-06
1.6514000244140625 8.77707667104045e-06
1.6524000244140624 8.688924154500336e-06
1.6534000244140625 9.253292731366305e-06
1.6544000244140624 9.569007447128591e-06
1.6554000244140625 9.99734314363456e-06
1.6564000244140624 1.0060076825652426e-05
1.6574000244140625 1.0802744957566193e-05
1.6584000244140624 1.1456819257242741e-05
1.6594000244140625 1.200540017557507e-05
1.6604000244140624 1.2472503981844181e-05
1.6614000244140625 1.2940858109622906e-05
1.6624000244140624 1.3930322467099246e-05
1.6634000244140625 1.4946409232888537e-05
1.6644000244140624 1.6112617445482988e-05
1.6654000244140625 1.7176016249462465e-05
1.6664000244140624 1.7978278428624116e-05
1.6674000244140625 1.8918194276646576e-05
1.6684000244140624 2.0373830674374707e-05
1.6694000244140625 2.169846628594523e-05
1.6704000244140624 2.334519002894098e-05
1.6714000244140625 2.4767755844066405e-05
1.6724000244140624 2.6872384040804335e-05
1.6734000244140625 2.8633734600216958e-05
1.6744000244140624 3.10838585544253e-05
1.6754000244140625 3.3589537609845056e-05
1.6764000244140624 3.625359283892264e-05
1.6774000244140626 3.8929050574371696e-05
1.6784000244140624 4.1803554720499826e-05
1.6794000244140626 4.5087430013608994e-05
1.6804000244140624 4.8336346174420834e-05
1.6814000244140626 5.2400344038353795e-05
1.6824000244140624 5.666134944406532e-05
1.6834000244140626 6.135012668731811e-05
1.6844000244140624 6.594120166105967e-05
1.6854000244140626 7.138945744735394e-05
1.6864000244140624 7.697244645758463e-05
1.6874000244140626 8.335102825841305e-05
1.6884000244140625 8.993723490478894e-05
1.6894000244140626 9.719221054832025e-05
1.6904000244140625 0.00010532310647598721
1.6914000244140626 0.00011443985414995138
1.6924000244140625 0.00012562998828909963
1.6934000244140626 0.00013784717154136864
1.6944000244140625 0.00015188302835787332
1.6954000244140626 0.00016712859674850015
1.6964000244140625 0.00018442870045870782
1.6974000244140626 0.00020460481492166712
1.6984000244140625 0.00022737578158599393
1.6994000244140626 0.00025332209553583575
1.7004000244140625 0.00028369828508689895
1.7014000244140626 0.0003179930730789806
1.7024000244140625 0.0003578020739382995
1.7034000244140626 0.00040328820777922706
1.7044000244140625 0.0004552880881202707
1.7054000244140626 0.000514293306628776
1.7064000244140625 0.0005809441212586183
1.7074000244140626 0.0006567328564830563
1.7084000244140625 0.0007421130036614412
1.7094000244140626 0.0008385803777665449
1.7104000244140625 0.0009483638373029606
1.7114000244140626 0.0010705540172003746
1.7124000244140625 0.0012089491408887564
1.7134000244140626 0.0013650359674846641
1.7144000244140625 0.0015407292261378658
1.7154000244140626 0.0017400334069264448
1.7164000244140625 0.001968814456231688
1.7174000244140626 0.002229669206743342
1.7184000244140625 0.002525386226750597
1.7194000244140626 0.002865495786977227
1.7204000244140625 0.003256980759093317
1.7214000244140626 0.003710881212146214
1.7224000244140625 0.004236510418248976
1.7234000244140626 0.004852353228777445
1.7244000244140625 0.005567743221347074
1.7254000244140626 0.006416860313714445
1.7264000244140625 0.00742003304153429
1.7274000244140626 0.008620195619728209
1.7284000244140625 0.01006062361240365
1.7294000244140626 0.011781198947074453
1.7304000244140625 0.013826759259710091
1.7314000244140626 0.016234897286856467
1.7324000244140625 0.01913302810542819
1.7334000244140626 0.02228742363391433
1.7344000244140625 0.025516969736524082
1.7354000244140626 0.028313613175926587
1.7364000244140625 0.03108136864453246
1.7374000244140626 0.0337460184154026
1.7384000244140625 0.03697408499059332
1.7394000244140626 0.040515977281603194
1.7404000244140625 0.04479036421352329
1.7414000244140626 0.04994553468355105
1.7424000244140625 0.055730155131226485
1.7434000244140626 0.06243171021136648
1.7444000244140625 0.06960335133852143
1.7454000244140624 0.07825097363236476
1.7464000244140625 0.08788822933578193
1.7474000244140624 0.09961908788311105
1.7484000244140625 0.11344813238346871
1.7494000244140624 0.1298533981467564
1.7504000244140625 0.14832997761936417
1.7514000244140624 0.1687943522082631
1.7524000244140625 0.1900940047799525
1.7534000244140624 0.21221494887605433
1.7544000244140625 0.23429360317103712
1.7554000244140624 0.2564426948025039
1.7564000244140625 0.277059110591825
1.7574000244140624 0.29615900500083225
1.7584000244140625 0.313148602337434
1.7594000244140624 0.32836162123331536
1.7604000244140625 0.3413413792077147
1.7614000244140624 0.35358059650068185
1.7624000244140625 0.3652985512683651
1.7634000244140624 0.3761555330889475
1.7644000244140625 0.38672549625003416
1.7654000244140624 0.3968012969259836
1.7664000244140625 0.4066656617777193
1.7674000244140624 0.41525690437699714
1.7684000244140625 0.42317007298975867
1.7694000244140624 0.4306735935917766
1.7704000244140625 0.4376690851048584
1.7714000244140624 0.4434712004905252
1.7724000244140625 0.4487671941470211
1.7734000244140624 0.4522715588023967
1.7744000244140625 0.4549591491068025
1.7754000244140624 0.4566752200482784
1.7764000244140625 0.4578745048229276
1.7774000244140624 0.4587244494731338
1.7784000244140625 0.45875794677725446
1.7794000244140624 0.459513492717278
1.7804000244140625 0.4600479849753506
1.7814000244140624 0.46060049456488894
1.7824000244140625 0.4605044216543446
1.7834000244140624 0.461029195953939
1.7844000244140625 0.4614635188430277
1.7854000244140624 0.4621272596493719
1.7864000244140625 0.46225406173807415
1.7874000244140624 0.4628824069223678
1.7884000244140625 0.4643506997978331
1.7894000244140624 0.4648980175378955
1.7904000244140625 0.465786823550376
1.7914000244140624 0.46567684403514964
1.7924000244140625 0.46589752120809885
1.7934000244140624 0.4652635891618803
1.7944000244140625 0.4646311530048217
1.7954000244140624 0.46399415558668816
1.7964000244140625 0.46299916974867
1.7974000244140624 0.46190599086857276
1.7984000244140625 0.4605740550071855
1.7994000244140624 0.4593064528107797
1.8004000244140625 0.45785851871893446
1.8014000244140624 0.45695369970945354
1.8024000244140626 0.45588607420924576
1.8034000244140624 0.4549755199463029
1.8044000244140626 0.45297493221655466
1.8054000244140624 0.4519851440293258
1.8064000244140626 0.45137807573589644
1.8074000244140624 0.4516050643761534
1.8084000244140626 0.4514237141801373
1.8094000244140624 0.4508078712829712
1.8104000244140626 0.45028461634951034
1.8114000244140624 0.450030784357326
1.8124000244140626 0.45107266430069093
1.8134000244140625 0.45181868518963963
1.8144000244140626 0.45313900411876323
1.8154000244140625 0.45323393904100157
1.8164000244140626 0.4544741549695027
1.8174000244140625 0.45546925586937126
1.8184000244140626 0.4567109960240157
1.8194000244140625 0.45728008061780917
1.8204000244140626 0.4580060861836672
1.8214000244140625 0.45906314914667046
1.8224000244140626 0.4605526516245253
1.8234000244140625 0.46104842133964435
1.8244000244140626 0.4620850404333901
1.8254000244140625 0.463419256639609
1.8264000244140626 0.46473216863591166
1.8274000244140625 0.46531837678000154
1.8284000244140626 0.4655578746008403
1.8294000244140625 0.4661780674847044
1.8304000244140626 0.466997669935239
1.8314000244140625 0.467862930013224
1.8324000244140626 0.4688377126335193
1.8334000244140625 0.4689363825142119
1.8344000244140626 0.46878922516830546
1.8354000244140625 0.4686739658710118
1.8364000244140626 0.46963197606330376
1.8374000244140625 0.47008460777373023
1.8384000244140626 0.4704202400441574
1.8394000244140625 0.4700721269165724
1.8404000244140626 0.47056030093108087
1.8414000244140625 0.47011944680355133
1.8424000244140626 0.4697681964834472
1.8434000244140625 0.46990962909858564
1.8444000244140626 0.46978898845876055
1.8454000244140625 0.4693633823809333
1.8464000244140626 0.46821996890342604
1.8474000244140625 0.46788724356947237
1.8484000244140626 0.46766334408978766
1.8494000244140625 0.4670994744940017
1.8504000244140626 0.466567074026262
1.8514000244140625 0.4661225696723562
1.8524000244140626 0.4660305687782018
1.8534000244140625 0.4654680431268289
1.8544000244140626 0.46453618635740707
1.8554000244140625 0.4638975392802331
1.8564000244140626 0.4634786754247295
1.8574000244140625 0.4639746587010401
1.8584000244140626 0.4638043779055439
1.8594000244140625 0.4628588370801856
1.8604000244140626 0.46234553290805275
1.8614000244140625 0.4617418156711993
1.8624000244140626 0.4609114305781087
1.8634000244140625 0.45993370451838234
1.8644000244140626 0.4599622618627676
1.8654000244140625 0.4600323772805679
1.8664000244140626 0.4601742019663759
1.8674000244140625 0.45993972432022306
1.8684000244140626 0.46071661189945207
1.8694000244140625 0.4612963203117129
1.8704000244140624 0.4621316441445947
1.8714000244140625 0.46334790598491543
1.8724000244140624 0.4641004902166957
1.8734000244140625 0.46550660042692427
1.8744000244140624 0.4665811879839682
1.8754000244140625 0.4673555936456838
1.8764000244140624 0.4680708787031858
1.8774000244140625 0.46766815228758735
1.8784000244140624 0.4681762016167622
1.8794000244140625 0.468597461193484
1.8804000244140624 0.4694506296076135
1.8814000244140625 0.4703008304939402
1.8824000244140624 0.4704064055485259
1.8834000244140625 0.4715479874220961
1.8844000244140624 0.4720657201189718
1.8854000244140625 0.4726457334865196
1.8864000244140624 0.47334578466681876
1.8874000244140625 0.4736929784242369
1.8884000244140624 0.474237826429697
1.8894000244140625 0.47464239453889445
1.8904000244140624 0.474768550277965
1.8914000244140625 0.47444326784473084
1.8924000244140624 0.4741872089734676
1.8934000244140625 0.47417591541736737
1.8944000244140624 0.4746695543868872
1.8954000244140625 0.4754586454325273
1.8964000244140624 0.4759533385829311
1.8974000244140625 0.4764013156042916
1.8984000244140624 0.476475019541816
1.8994000244140625 0.4769223929894639
1.9004000244140624 0.4766050193785589
1.9014000244140625 0.47707548788813897
1.9024000244140624 0.4770909465234213
1.9034000244140625 0.4779315108145684
1.9044000244140624 0.47753599901677696
1.9054000244140625 0.4778071154759127
1.9064000244140624 0.4777495460408157
1.9074000244140625 0.47827782499296057
1.9084000244140624 0.4786038946981928
1.9094000244140625 0.47805097549155423
1.9104000244140624 0.477959101263758
1.9114000244140625 0.4778052177873269
1.9124000244140624 0.47902381987517456
1.9134000244140625 0.4797162888944155
1.9144000244140624 0.4798435716692108
1.9154000244140625 0.4794283335011356
1.9164000244140624 0.4786273695662831
1.9174000244140625 0.4792335584312674
1.9184000244140624 0.47920809724774516
1.9194000244140625 0.4790204711061418
1.9204000244140624 0.4778332247523625
1.9214000244140625 0.4779511744766816
1.9224000244140624 0.4778566598584087
1.9234000244140625 0.47722426560260145
1.9244000244140624 0.47724254040374875
1.9254000244140625 0.4765033219714994
1.9264000244140624 0.476191757590057
1.9274000244140626 0.47587315531505653
1.9284000244140624 0.476100876020193
1.9294000244140626 0.4757376624724556
1.9304000244140624 0.4753911721814047
1.9314000244140626 0.4747682637875219
1.9324000244140624 0.4747284351661546
1.9334000244140626 0.473937409188733
1.9344000244140624 0.4732863412351155
1.9354000244140626 0.4724801740509227
1.9364000244140624 0.47224984909191486
1.9374000244140626 0.4713481072471945
1.9384000244140625 0.47110376525475317
1.9394000244140626 0.47071655737279533
1.9404000244140625 0.47096169832984697
1.9414000244140626 0.47105440312564806
1.9424000244140625 0.4714947802770957
1.9434000244140626 0.4723928522689527
1.9444000244140625 0.4730172446073227
1.9454000244140626 0.4739892667477897
1.9464000244140625 0.47431818034760787
1.9474000244140626 0.47482113508268703
1.9484000244140625 0.47523645198625597
1.9494000244140626 0.4753575109080904
1.9504000244140625 0.4757250110173879
1.9514000244140626 0.475914056754062
1.9524000244140625 0.47681973172770264
1.9534000244140626 0.4772026601199444
1.9544000244140625 0.47720609812761666
1.9554000244140626 0.4778006754758486
1.9564000244140625 0.4785657707843757
1.9574000244140626 0.4794939440176154
1.9584000244140625 0.47963733463901104
1.9594000244140626 0.4791781808354486
1.9604000244140625 0.4794540669664912
1.9614000244140626 0.4793153873969277
1.9624000244140625 0.4803849865169816
1.9634000244140626 0.4800724591299073
1.9644000244140625 0.4802545397071389
1.9654000244140626 0.479837634798608
1.9664000244140625 0.47943465679143654
1.9674000244140626 0.47928839777158966
1.9684000244140625 0.47962672026197917
1.9694000244140626 0.4796408297110034
1.9704000244140625 0.4791978755562822
1.9714000244140626 0.47908972246359943
1.9724000244140625 0.4792507136218722
1.9734000244140626 0.4787349908338707
1.9744000244140625 0.4779044062909289
1.9754000244140626 0.4777975760861707
1.9764000244140625 0.47832664902668526
1.9774000244140626 0.478701390387277
1.9784000244140625 0.47875293621692094
1.9794000244140626 0.4788858194216188
1.9804000244140625 0.4791898195851579
1.9814000244140626 0.4797775777197832
1.9824000244140625 0.4798946404596136
1.9834000244140626 0.47938451504477164
1.9844000244140625 0.47954649250899506
1.9854000244140626 0.4793591988563806
1.9864000244140625 0.4792715055804048
1.9874000244140626 0.479673965421244
1.9884000244140625 0.48016597628537255
1.9894000244140626 0.4811129247355464
1.9904000244140625 0.48070541355193175
1.9914000244140626 0.4808386825221442
1.9924000244140625 0.4807816179641217
1.9934000244140626 0.48097143313345336
1.9944000244140625 0.47980061881833086
1.9954000244140624 0.47823414448170426
1.9964000244140625 0.47592980620280756
1.9974000244140624 0.47579720574296563
1.9984000244140625 0.4775020616144694
1.9994000244140624 0.47903015344632704
2.0004000244140623 0.47964729619949203
2.0014000244140626 0.47991951781411885
2.0024000244140625 0.4809175373266819
2.0034000244140624 0.4824024601299777
2.0044000244140623 0.4826410910590793
2.0054000244140626 0.48225012453173827
2.0064000244140625 0.4814085758319108
2.0074000244140624 0.48113923276709275
2.0084000244140623 0.48063620809947544
2.0094000244140626 0.48091091697894683
2.0104000244140625 0.4813565067064836
2.0114000244140624 0.4814315390208019
2.0124000244140623 0.4811697020509131
2.0134000244140626 0.48100846689866145
2.0144000244140625 0.48179325913607507
2.0154000244140624 0.4826115720150234
2.0164000244140623 0.4831781382880886
2.0174000244140626 0.48345936149589475
2.0184000244140625 0.4846354879681045
2.0194000244140624 0.4838424280597085
2.0204000244140623 0.4837784673992518
2.0214000244140626 0.4828856812245057
2.0224000244140625 0.48386866479789115
2.0234000244140624 0.4849109120485824
2.0244000244140623 0.4864338542979506
2.0254000244140626 0.48766566179023324
2.0264000244140625 0.4879997985708149
2.0274000244140624 0.48782289086101
2.0284000244140623 0.4876845708458445
2.0294000244140626 0.48814754788207365
2.0304000244140625 0.4885645935967667
2.0314000244140624 0.4885246580268107
2.0324000244140623 0.48858643735924245
2.0334000244140626 0.4888734444546299
2.0344000244140625 0.48868392164963503
2.0354000244140624 0.4882800037336005
2.0364000244140623 0.48786683379412477
2.0374000244140626 0.4882183280586766
2.0384000244140625 0.4885730306287032
2.0394000244140624 0.488904713079575
2.0404000244140623 0.4881014902539842
2.0414000244140627 0.48687041330107694
2.0424000244140625 0.48623582719634545
2.0434000244140624 0.4847445068867009
2.0444000244140623 0.48403462180012247
2.0454000244140627 0.4828188122494737
2.0464000244140625 0.4819959752971202
2.0474000244140624 0.481523119089716
2.04839990234375 0.48035789133302126
2.04939990234375 0.4801867491719014
2.05039990234375 0.4800974191301486
2.05139990234375 0.47999814388249884
2.05239990234375 0.4798581928612035
2.05339990234375 0.4795517902455418
2.05439990234375 0.47953829152691907
2.05539990234375 0.47936984423462775
2.05639990234375 0.4791096150084699
2.05739990234375 0.47877316382122936
2.05839990234375 0.4788613717223224
2.05939990234375 0.4791623502119414
2.06039990234375 0.4797644952674336
2.06139990234375 0.4808312593570042
2.06239990234375 0.48142068133023436
2.06339990234375 0.48198135746060267
2.06439990234375 0.48275257951992634
2.06539990234375 0.4828389236996746
2.06639990234375 0.483667439004192
2.06739990234375 0.4847481234048365
2.06839990234375 0.4860232051020019
2.06939990234375 0.4867766217392109
2.07039990234375 0.48738070848893855
2.07139990234375 0.4886818448339365
2.07239990234375 0.4902159152977728
2.07339990234375 0.49137119862347
2.07439990234375 0.4920530389259814
2.07539990234375 0.4926841594706352
2.07639990234375 0.49260127990040403
2.07739990234375 0.4927472721930011
2.07839990234375 0.4928229259955513
2.07939990234375 0.4931523906022951
2.08039990234375 0.49352113620905214
2.08139990234375 0.4936478686999629
2.08239990234375 0.4938323133897496
2.08339990234375 0.4939748630743774
2.08439990234375 0.4946586440682973
2.08539990234375 0.4946835396484974
2.08639990234375 0.49502996062925525
2.08739990234375 0.49432792400482534
2.08839990234375 0.49426595038852017
2.08939990234375 0.4936701350192547
2.09039990234375 0.49321612847451524
2.09139990234375 0.49184591931349786
2.09239990234375 0.4907969124356818
2.09339990234375 0.49122085962277795
2.09439990234375 0.49213126915868555
2.09539990234375 0.4922386667782755
2.09639990234375 0.4916963051863971
2.09739990234375 0.4912216374733726
2.09839990234375 0.49101569375813536
2.09939990234375 0.49065845262768676
2.10039990234375 0.49037096180864814
2.10139990234375 0.4902695916762489
2.10239990234375 0.48974002163742764
2.10339990234375 0.4900485599916817
2.10439990234375 0.49092681059825755
2.10539990234375 0.49142630370051726
2.10639990234375 0.4910265555701054
2.10739990234375 0.49007310167457563
2.10839990234375 0.4902218857028064
2.10939990234375 0.4896636077685035
2.11039990234375 0.49000819726532435
2.11139990234375 0.4888908753047277
2.11239990234375 0.4895805502714262
2.11339990234375 0.48874686334242684
2.11439990234375 0.4889191248965744
2.11539990234375 0.48797781082553066
2.11639990234375 0.4881565463242469
2.11739990234375 0.4889753425909127
2.11839990234375 0.4892279679074181
2.11939990234375 0.48890963823248373
2.12039990234375 0.48780235990623283
2.12139990234375 0.4878619067890374
2.12239990234375 0.4878505212902541
2.12339990234375 0.4874082015411609
2.12439990234375 0.48655246171503347
2.12539990234375 0.4860494093452794
2.12639990234375 0.48592060164698125
2.12739990234375 0.4859951987693282
2.12839990234375 0.48561153090740944
2.12939990234375 0.48554378747219434
2.13039990234375 0.4854537478730621
2.13139990234375 0.48539450572830695
2.13239990234375 0.48583661346982493
2.13339990234375 0.485916659962762
2.13439990234375 0.48589157734885263
2.13539990234375 0.4858862617714068
2.13639990234375 0.48505605141333075
2.13739990234375 0.48552109114982184
2.13839990234375 0.48567140092652644
2.13939990234375 0.4864147827841857
2.14039990234375 0.48691337854667904
2.14139990234375 0.48730403642273123
2.14239990234375 0.4873875583673399
2.14339990234375 0.4877170769600096
2.14439990234375 0.488815167004924
2.14539990234375 0.4897179916478845
2.14639990234375 0.4900366932006899
2.14739990234375 0.4894479257547138
2.14839990234375 0.4900338031525429
2.14939990234375 0.49098122189157517
2.15039990234375 0.49143763555728165
2.15139990234375 0.49073642649460725
2.15239990234375 0.4903954810048795
2.15339990234375 0.49024805169447394
2.15439990234375 0.4900609785944238
2.15539990234375 0.4891659879547263
2.15639990234375 0.48854327875903036
2.15739990234375 0.48907735273282554
2.15839990234375 0.4886277196570436
2.15939990234375 0.48819668153583295
2.16039990234375 0.4870710341694484
2.16139990234375 0.48658492761681676
2.16239990234375 0.4849546457221221
2.16339990234375 0.4839501295493674
2.16439990234375 0.48383954327387907
2.16539990234375 0.4829307504768695
2.16639990234375 0.4822162712546173
2.16739990234375 0.4810524483723295
2.16839990234375 0.48058360001960104
2.16939990234375 0.4791044665270879
2.17039990234375 0.4777406447576445
2.17139990234375 0.47680777417767406
2.17239990234375 0.4765443034013463
2.17339990234375 0.47595702420761526
2.17439990234375 0.4760641594640554
2.17539990234375 0.47553014525047904
2.17639990234375 0.47604700898962665
2.17739990234375 0.4754855604194206
2.17839990234375 0.4758724031299101
2.17939990234375 0.4751342096170898
2.18039990234375 0.4747059024307765
2.18139990234375 0.4741070514094118
2.18239990234375 0.47344056071783774
2.18339990234375 0.473894660827926
2.18439990234375 0.47476111157965584
2.18539990234375 0.4760544756283395
2.18639990234375 0.47648566688756844
2.18739990234375 0.47635147688825086
2.18839990234375 0.476106294541675
2.18939990234375 0.47651193979908124
2.19039990234375 0.47703852212838604
2.19139990234375 0.4776743747145344
2.19239990234375 0.47805644176160444
2.19339990234375 0.47867236355351506
2.19439990234375 0.4793262592163095
2.19539990234375 0.4797049597073202
2.19639990234375 0.4805523711404155
2.19739990234375 0.48159289780224035
2.19839990234375 0.48286134434285494
2.19939990234375 0.48388952295417587
2.20039990234375 0.48444009836517704
2.20139990234375 0.48451002599920545
2.20239990234375 0.4856646115548745
2.20339990234375 0.48621883074527816
2.20439990234375 0.48683190927700765
2.20539990234375 0.4865292062957422
2.20639990234375 0.48560830771873803
2.20739990234375 0.48429671031730986
2.20839990234375 0.4824986860963396
2.20939990234375 0.48049001366644556
2.21039990234375 0.4775164263286151
2.21139990234375 0.47348581059558587
2.21239990234375 0.46828748482589794
2.21339990234375 0.4612435276747113
2.21439990234375 0.4527947891570991
2.21539990234375 0.44238627660703184
2.21639990234375 0.4310208647907806
2.21739990234375 0.41741824072014555
2.21839990234375 0.4024456033182327
2.21939990234375 0.38590278411839257
2.22039990234375 0.3680207714542628
2.22139990234375 0.3489402633408062
2.22239990234375 0.3290713794511163
2.22339990234375 0.30789815062290293
2.22439990234375 0.28554921752557333
2.22539990234375 0.2634546865192573
2.22639990234375 0.24235881641595566
2.22739990234375 0.22240101673545504
2.22839990234375 0.20362733664463148
2.22939990234375 0.18633139303491947
2.23039990234375 0.17017906406386532
2.23139990234375 0.15538599259817124
2.23239990234375 0.14182766948014103
2.23339990234375 0.12911332719658838
2.23439990234375 0.11730772443453842
2.23539990234375 0.10622755147637437
2.23639990234375 0.09586536133003129
2.23739990234375 0.08599367383571276
2.23839990234375 0.07676992580594806
2.23939990234375 0.068445458757118
2.24039990234375 0.06076502475249206
2.24139990234375 0.05376125236067834
2.24239990234375 0.047501003984113915
2.24339990234375 0.0418393855157648
2.24439990234375 0.036701961140593424
2.24539990234375 0.03212754279110834
2.24639990234375 0.028072311475983668
2.24739990234375 0.02454198510576138
2.24839990234375 0.021432530405884075
2.24939990234375 0.01871786794472324
2.25039990234375 0.01633694897675959
2.25139990234375 0.014257301337780397
2.25239990234375 0.012447223259810484
2.25339990234375 0.010869124801997726
2.25439990234375 0.00949269543711656
2.25539990234375 0.008291641933739845
2.25639990234375 0.00722930573296935
2.25739990234375 0.006322050438355373
2.25839990234375 0.005521921797437797
2.25939990234375 0.0048328795800681975
2.26039990234375 0.004222265150165093
2.26139990234375 0.003698825860839679
2.26239990234375 0.0032420297466493526
2.26339990234375 0.0028503689063720224
2.26439990234375 0.002507354802637259
2.26539990234375 0.002211250640210781
2.26639990234375 0.001949896476506194
2.26739990234375 0.0017281817389935693
2.26839990234375 0.001534867356764048
2.26939990234375 0.0013692694432099154
2.27039990234375 0.0012224891871481529
2.27139990234375 0.0010985757500504816
2.27239990234375 0.0009863655177148206
2.27339990234375 0.0008906831495196127
2.27439990234375 0.000802326232974024
2.27539990234375 0.0007261690488019728
2.27639990234375 0.000655389829039457
2.27739990234375 0.0005960439784202521
2.27839990234375 0.0005423219416463532
2.27939990234375 0.0004954374340644361
2.28039990234375 0.00045148556265538323
2.28139990234375 0.0004130387832009323
2.28239990234375 0.0003777295402836619
2.28339990234375 0.0003483133081994339
2.28439990234375 0.0003204454887292022
2.28539990234375 0.00029590682970223413
2.28639990234375 0.00027071830978828414
2.28739990234375 0.00025068089502534543
2.28839990234375 0.0002304580687902357
2.28939990234375 0.00021343149428746045
2.29039990234375 0.00019709834478186795
2.29139990234375 0.00018217223357120473
2.29239990234375 0.00016835041924872365
2.29339990234375 0.00015472302247696734
2.29439990234375 0.00014372027345008185
2.29539990234375 0.00013327136419442263
2.29639990234375 0.00012511686170665388
2.29739990234375 0.00011565242641511461
2.29839990234375 0.00010885726654944376
2.29939990234375 0.00010095671288560123
2.30039990234375 9.451358001267987e-05
2.30139990234375 8.698936821534488e-05
2.30239990234375 8.191043948151808e-05
2.30339990234375 7.65193986575212e-05
2.30439990234375 7.145812277162664e-05
2.30539990234375 6.665653531941454e-05
2.30639990234375 6.294726997720329e-05
2.30739990234375 5.907896805108322e-05
2.30839990234375 5.46671803367117e-05
2.30939990234375 5.168117886430805e-05
2.31039990234375 4.851681611068093e-05
2.31139990234375 4.570927056248635e-05
2.31239990234375 4.173570218302308e-05
2.31339990234375 3.8532959475284356e-05
2.31439990234375 3.574939537599945e-05
2.31539990234375 3.3626589310471196e-05
2.31639990234375 3.1455176040822906e-05
2.31739990234375 2.9822206950099933e-05
2.31839990234375 2.758046931701756e-05
2.31939990234375 2.5787270633239654e-05
2.32039990234375 2.377410299939767e-05
2.32139990234375 2.3061032431021774e-05
2.32239990234375 2.214385166269558e-05
2.32339990234375 2.084780552864358e-05
2.32439990234375 1.8685083712187618e-05
2.32539990234375 1.7248959908414082e-05
2.32639990234375 1.5661230582397114e-05
2.32739990234375 1.4814133269629003e-05
2.32839990234375 1.3627942752818855e-05
2.32939990234375 1.3032775709035454e-05
2.33039990234375 1.1843676597456664e-05
2.33139990234375 1.1025504766410397e-05
2.33239990234375 1.0061926572493774e-05
2.33339990234375 9.223961419240367e-06
2.33439990234375 8.522757031804737e-06
2.33539990234375 7.974525286253376e-06
2.33639990234375 7.452285147410953e-06
2.33739990234375 6.9829937342285534e-06
2.33839990234375 6.457481467513466e-06
2.33939990234375 5.99102968419723e-06
2.34039990234375 5.50004305367014e-06
2.34139990234375 5.143983503831855e-06
2.34239990234375 5.197138470422718e-06
2.34339990234375 5.054484856520293e-06
2.34439990234375 5.047376883776303e-06
2.34539990234375 4.739955877348472e-06
2.34639990234375 4.618874381124026e-06
2.34739990234375 4.37431849101599e-06
2.34839990234375 4.2325262902936375e-06
2.34939990234375 4.268622051444855e-06
2.35039990234375 4.261248010751832e-06
2.35139990234375 4.03712078829003e-06
2.35239990234375 3.812826837949504e-06
2.35339990234375 3.673295247996628e-06
2.35439990234375 3.635401269037147e-06
2.35539990234375 3.5307796156022273e-06
2.35639990234375 3.2577396417846785e-06
2.35739990234375 3.2031281116439613e-06
2.35839990234375 3.0250752360994133e-06
2.35939990234375 3.0231779125031715e-06
2.36039990234375 2.9792534465691933e-06
2.36139990234375 2.782531002037987e-06
2.36239990234375 2.575683232107981e-06
2.36339990234375 2.3108893991538703e-06
2.36439990234375 2.168709991885613e-06
2.36539990234375 2.034132585759675e-06
2.36639990234375 1.7900841903102913e-06
2.36739990234375 1.5390850919820416e-06
2.36839990234375 1.2779790967970598e-06
2.36939990234375 1.142384269805089e-06
2.37039990234375 9.605906564863277e-07
2.37139990234375 8.247410249635942e-07
2.37239990234375 6.915928383258817e-07
2.37339990234375 6.080509567011066e-07
2.37439990234375 5.533355265763098e-07
2.37539990234375 5.42509852399065e-07
2.37639990234375 5.355300123309325e-07
2.37739990234375 5.551757327360772e-07
2.37839990234375 5.16369192517761e-07
2.37939990234375 4.95807410045797e-07
2.38039990234375 4.170902451544789e-07
2.38139990234375 4.0006122415595273e-07
2.38239990234375 3.4049881666352003e-07
2.38339990234375 3.035015143832313e-07
2.38439990234375 2.486917965267397e-07
2.38539990234375 2.4559935310602027e-07
2.38639990234375 2.2643013245851328e-07
2.38739990234375 2.1898199014709446e-07
2.38839990234375 1.996247229363455e-07
2.38939990234375 1.764290635186513e-07
2.39039990234375 1.5208840446332643e-07
2.39139990234375 1.265996808568252e-07
2.39239990234375 1.2230113485718658e-07
2.39339990234375 1.157233316725043e-07
2.39439990234375 1.0926856477825892e-07
2.39539990234375 9.391202112779261e-08
2.39639990234375 8.103776687853872e-08
2.39739990234375 6.731523086682617e-08
2.39839990234375 6.179273412278605e-08
2.39939990234375 5.835827871595461e-08
2.40039990234375 5.577992056329775e-08
2.40139990234375 5.004472067328892e-08
2.40239990234375 4.3811557928026956e-08
2.40339990234375 3.7951163006715247e-08
2.40439990234375 3.284368466673459e-08
2.40539990234375 2.936503748402295e-08
2.40639990234375 2.8538044720824434e-08
2.40739990234375 2.582070086315625e-08
2.40839990234375 2.41874045609505e-08
2.40939990234375 2.102137611843569e-08
2.41039990234375 1.869046347038316e-08
2.41139990234375 1.5185383238034936e-08
2.41239990234375 1.2494116681913645e-08
2.41339990234375 1.0850846004792188e-08
2.41439990234375 9.400357907584361e-09
2.41539990234375 9.023527028168158e-09
2.41639990234375 7.79571693636028e-09
2.41739990234375 6.911105820015753e-09
2.41839990234375 6.0609968283931824e-09
2.41939990234375 5.563725066695606e-09
2.42039990234375 5.170446191432169e-09
2.42139990234375 4.719854769030578e-09
2.42239990234375 4.402710891927536e-09
2.42339990234375 3.7205240398371684e-09
2.42439990234375 3.303599494141925e-09
2.42539990234375 2.782262353536675e-09
2.42639990234375 2.594608786577006e-09
2.42739990234375 2.1155045538730567e-09
2.42839990234375 1.860166352745812e-09
2.42939990234375 1.6150257754553224e-09
2.43039990234375 1.3780150347246672e-09
2.43139990234375 1.2826300412336416e-09
2.43239990234375 1.1135742688847987e-09
2.43339990234375 1.0730165775577397e-09
2.43439990234375 9.182382145746034e-10
2.43539990234375 8.541612439786719e-10
2.43639990234375 6.856370227638195e-10
2.43739990234375 6.154371365691336e-10
2.43839990234375 5.042008190912188e-10
2.43939990234375 4.4973008219051716e-10
2.44039990234375 4.1113403064070636e-10
2.44139990234375 3.618520107165015e-10
2.44239990234375 3.3565438866135463e-10
2.44339990234375 2.78375971423464e-10
2.44439990234375 2.353903480335437e-10
2.44539990234375 1.8954519967582795e-10
2.44639990234375 1.526005593805247e-10
2.44739990234375 1.2541231687256054e-10
2.44839990234375 1.0414318851392957e-10
2.44939990234375 9.417170930884638e-11
2.45039990234375 9.492208078564394e-11
2.45139990234375 9.320558066906461e-11
2.45239990234375 8.854294870281081e-11
2.45339990234375 8.56669727312516e-11
2.45439990234375 7.770824592686762e-11
2.45539990234375 7.841035907309346e-11
2.45639990234375 7.390707185270088e-11
2.45739990234375 8.058678899679526e-11
2.45839990234375 7.707341993531611e-11
2.45939990234375 7.454743977250711e-11
2.46039990234375 6.76751671274021e-11
2.46139990234375 6.676000559449912e-11
2.46239990234375 6.136121411929579e-11
2.46339990234375 5.656443334374614e-11
2.46439990234375 4.586205682938989e-11
2.46539990234375 4.450330853172348e-11
2.46639990234375 3.9150809305776565e-11
2.46739990234375 4.008964626904601e-11
2.46839990234375 3.731695128272589e-11
2.46939990234375 3.5540572691561244e-11
2.47039990234375 3.1769217722803826e-11
2.47139990234375 3.060260663390707e-11
2.47239990234375 2.8134730827805952e-11
2.47339990234375 2.724014083362254e-11
2.47439990234375 2.3133330492608904e-11
2.47539990234375 2.2548859718527776e-11
2.47639990234375 1.9931672189993944e-11
2.47739990234375 1.802196913141698e-11
2.47839990234375 1.6051675255421437e-11
2.47939990234375 1.4557714639210605e-11
2.48039990234375 1.4500928707006704e-11
2.48139990234375 1.3543193751304937e-11
2.48239990234375 1.1772849672656416e-11
2.48339990234375 9.861396168748294e-12
2.48439990234375 8.298446525353202e-12
2.48539990234375 7.481230727899793e-12
2.48639990234375 6.829831863170998e-12
2.48739990234375 6.378980508797455e-12
2.48839990234375 6.315501687141935e-12
2.48939990234375 6.232753215090929e-12
2.49039990234375 5.9867680306131665e-12
2.49139990234375 5.3066653974427265e-12
2.49239990234375 4.674601586456195e-12
2.49339990234375 4.210454185425945e-12
2.49439990234375 3.5721362056855286e-12
2.49539990234375 3.13611460728722e-12
2.49639990234375 2.673628878520309e-12
2.49739990234375 2.6868128073115027e-12
2.49839990234375 2.3882214682929427e-12
2.49939990234375 2.190689559769513e-12
2.50039990234375 1.8383385009174535e-12
2.50139990234375 1.5906946884337442e-12
2.50239990234375 1.5495365870346066e-12
2.50339990234375 1.4497204724703846e-12
2.50439990234375 1.3869489755159481e-12
2.50539990234375 1.1659758006854882e-12
2.50639990234375 1.0750833702114309e-12
2.50739990234375 1.0047538540895734e-12
2.50839990234375 8.883745146119949e-13
2.50939990234375 8.06418469234334e-13
2.51039990234375 7.837223135433824e-13
2.51139990234375 7.366884856071811e-13
2.51239990234375 6.688228584672219e-13
2.51339990234375 5.579357555137079e-13
2.51439990234375 4.914869808915441e-13
2.51539990234375 4.578990484494581e-13
2.51639990234375 3.9313187215602904e-13
2.51739990234375 3.755283702418715e-13
2.51839990234375 3.3322700685193745e-13
2.51939990234375 3.237867142020028e-13
2.52039990234375 3.0207178380979014e-13
2.52139990234375 2.6076380398601653e-13
2.52239990234375 2.3452974806906406e-13
2.52339990234375 2.0177344717083259e-13
2.52439990234375 1.9838121883496075e-13
2.52539990234375 1.7391818449093612e-13
2.52639990234375 1.6518132380085765e-13
2.52739990234375 1.4885372996160743e-13
2.52839990234375 1.441181878435396e-13
2.52939990234375 1.2612406094348428e-13
2.53039990234375 1.1233443947391807e-13
2.53139990234375 1.0319738663619491e-13
2.53239990234375 9.802218346156852e-14
2.53339990234375 9.245833011333161e-14
2.53439990234375 8.923303802147572e-14
2.53539990234375 7.861184851291461e-14
2.53639990234375 7.081164997330595e-14
2.53739990234375 6.2798118253006e-14
2.53839990234375 6.182191576803402e-14
2.53939990234375 5.709271806304784e-14
2.54039990234375 5.2960373789203995e-14
2.54139990234375 4.848312426628222e-14
2.54239990234375 4.6666858086298527e-14
2.54339990234375 4.137103269290586e-14
2.54439990234375 3.968696221717579e-14
2.54539990234375 3.279707268909778e-14
2.54639990234375 3.234636927513389e-14
2.54739990234375 2.793110281093777e-14
2.54839990234375 2.6658790951097206e-14
2.54939990234375 2.2268076752961687e-14
2.55039990234375 1.9530658949692028e-14
2.55139990234375 1.7915404185429394e-14
2.55239990234375 1.8085667758316605e-14
2.55339990234375 1.7152816901466327e-14
2.55439990234375 1.4557323522675392e-14
2.55539990234375 1.2372437973363632e-14
2.55639990234375 1.1305563000594176e-14
2.55739990234375 1.1239809745827119e-14
2.55839990234375 9.830579563724295e-15
2.55939990234375 9.050914538074444e-15
2.56039990234375 8.105391126773981e-15
2.56139990234375 7.395173247893784e-15
2.56239990234375 6.926360047172379e-15
2.56339990234375 6.461009359002392e-15
2.56439990234375 6.0275975866261634e-15
2.56539990234375 5.188693851029892e-15
2.56639990234375 4.7807667671933445e-15
2.56739990234375 4.547563391872639e-15
2.56839990234375 4.300309139876368e-15
2.56939990234375 3.7336624327760634e-15
2.57039990234375 3.1851287148924258e-15
2.57139990234375 2.7272226948764274e-15
2.57239990234375 2.6656948920957045e-15
2.57339990234375 2.485080319590372e-15
2.57439990234375 2.2864421093267413e-15
2.57539990234375 2.1578824836615234e-15
2.57639990234375 1.946946749117411e-15
2.57739990234375 1.7742834045608676e-15
2.57839990234375 1.3973941242301787e-15
2.57939990234375 1.358508806117554e-15
2.58039990234375 1.1782737555369707e-15
2.58139990234375 1.1215525347707422e-15
2.58239990234375 1.0149520529869148e-15
2.58339990234375 9.277251760470551e-16
2.58439990234375 8.476254277197099e-16
2.58539990234375 7.282099236200791e-16
2.58639990234375 6.320045197003002e-16
2.58739990234375 5.445464774059255e-16
2.58839990234375 4.752272622990125e-16
2.58939990234375 4.118193121353196e-16
2.59039990234375 3.497935727847991e-16
2.59139990234375 2.995555172569308e-16
2.59239990234375 2.4847548362395154e-16
2.59339990234375 2.092289526923396e-16
2.59439990234375 1.7849052731594122e-16
2.59539990234375 1.4502842738424045e-16
2.59639990234375 1.2222207067397373e-16
2.59739990234375 9.204453251939227e-17
