Wavelength_microns Throughput
0.5505999755859375 8.896691595685516e-11
0.5515999755859375 9.753743222179214e-13
0.5525999755859375 1.8968432093061047e-11
0.5535999755859375 9.930014514505221e-13
0.5545999755859375 1.1455404189147263e-11
0.5555999755859375 5.884242079285342e-11
0.5565999755859375 1.1586972584087246e-12
0.5575999755859375 4.613936087363236e-11
0.5585999755859375 8.366528060949891e-13
0.5595999755859375 1.1797888327431852e-10
0.5605999755859375 9.464854854780914e-13
0.5615999755859375 1.4224325735178718e-12
0.5625999755859376 1.0592031275894673e-12
0.5635999755859376 5.662838605245594e-11
0.5645999755859376 1.3369593154982605e-10
0.5655999755859376 1.2430882288352874e-10
0.5665999755859376 2.1246660616059654e-12
0.5675999755859376 1.7428588312814272e-10
0.5685999755859374 2.5848537071171144e-12
0.5695999755859374 2.890115412981266e-10
0.5705999755859374 4.149644341718187e-10
0.5715999755859374 2.970293313440403e-12
0.5725999755859374 2.1725402770490383e-10
0.5735999755859374 6.289374313264681e-11
0.5745999755859375 6.407221122548713e-10
0.5755999755859375 2.843724247216218e-12
0.5765999755859375 3.1890834779367346e-11
0.5775999755859375 2.302581301822945e-10
0.5785999755859375 1.9200752157587585e-10
0.5795999755859375 9.069699416059952e-11
0.5805999755859375 2.4501706397372435e-12
0.5815999755859375 2.3686383605641823e-10
0.5825999755859375 4.4174681481296343e-10
0.5835999755859375 9.098656514699542e-11
0.5845999755859375 3.153452259339606e-10
0.5855999755859375 3.2277428059109696e-10
0.5865999755859375 5.789875547183713e-12
0.5875999755859375 2.145657411777906e-10
0.5885999755859375 2.3201489561942107e-10
0.5895999755859375 1.0810875594025392e-09
0.5905999755859375 4.915857108529717e-10
0.5915999755859375 1.0634553218276382e-09
0.5925999755859375 1.2912225261673258e-11
0.5935999755859375 3.637496782589933e-10
0.5945999755859375 1.5743575899702181e-09
0.5955999755859375 3.9617885356414504e-10
0.5965999755859375 4.248684743746814e-10
0.5975999755859375 5.891718305740321e-10
0.5985999755859375 8.458042005113926e-11
0.5995999755859375 1.5597823348432828e-10
0.6005999755859375 1.0124511850226381e-11
0.6015999755859375 1.0350049673941646e-11
0.6025999755859375 1.0571129813312385e-11
0.6035999755859375 1.0772390053232089e-11
0.6045999755859375 6.109507659777671e-10
0.6055999755859375 3.67172635512647e-10
0.6065999755859375 6.209801552541866e-10
0.6075999755859375 1.7653087825879978e-10
0.6085999755859375 1.1754942358478519e-11
0.6095999755859375 2.7761625542891247e-10
0.6105999755859375 2.8356036780607945e-10
0.6115999755859375 1.2280612430014773e-11
0.6125999755859375 8.798551889164936e-10
0.6135999755859375 5.976702833995683e-10
0.6145999755859375 1.2765089134256588e-11
0.6155999755859375 3.330365222459734e-10
0.6165999755859375 1.3724204186231363e-10
0.6175999755859375 1.3230993773922003e-11
0.6185999755859375 3.384905935571056e-10
0.6195999755859375 1.3547507118474647e-11
0.6205999755859375 1.3697843420155536e-11
0.6215999755859375 6.63798173655654e-10
0.6225999755859375 1.3911343667221613e-11
0.6235999755859375 1.0313107924085498e-10
0.6245999755859375 1.8743714923134003e-11
0.6255999755859375 1.4445484540805216e-11
0.6265999755859375 1.2673873405122873e-09
0.6275999755859375 1.478150354609689e-11
0.6285999755859375 1.6926754693883195e-09
0.6295999755859375 1.5075277229282157e-11
0.6305999755859375 1.7007455738295216e-10
0.6315999755859375 4.6011787783018896e-10
0.6325999755859375 1.5500259342371596e-11
0.6335999755859375 4.407024795761347e-10
0.6345999755859375 1.5771283889150268e-11
0.6355999755859375 1.5905049382770634e-11
0.6365999755859375 1.6034627515985e-11
0.6375999755859375 1.615496745080921e-11
0.6385999755859375 1.6617769720563614e-10
0.6395999755859375 8.226268357802502e-10
0.6405999755859375 1.655158468669446e-11
0.6415999755859375 1.6693775589122098e-11
0.6425999755859375 1.5151035935372786e-09
0.6435999755859375 1.7681709781206232e-11
0.6445999755859375 3.660960521622702e-10
0.6455999755859375 6.513346275057063e-10
0.6465999755859375 4.993918993410163e-10
0.6475999755859375 1.743027109913935e-11
0.6485999755859375 1.753599837444712e-11
0.6495999755859375 5.634362601019459e-10
0.6505999755859375 2.0310634500478107e-11
0.6515999755859375 1.786782335415625e-11
0.6525999755859375 1.796244933973314e-11
0.6535999755859375 1.806845502490824e-11
0.6545999755859375 1.0012607304892704e-09
0.6555999755859375 1.826153620372572e-11
0.6565999755859375 1.2606748083681706e-10
0.6575999755859375 1.8433464173440744e-11
0.6585999755859375 1.851006425199409e-11
0.6595999755859375 1.860372505432305e-11
0.6605999755859375 1.8681666094642237e-11
0.6615999755859375 1.8751097497393244e-11
0.6625999755859375 1.8830845683667818e-11
0.6635999755859375 1.8930231398283552e-11
0.6645999755859375 1.902349110080297e-11
0.6655999755859375 6.96947837568006e-10
0.6665999755859375 7.430297447475906e-11
0.6675999755859375 2.005529714338434e-11
0.6685999755859375 2.2965537209296258e-11
0.6695999755859375 1.9401461883017875e-11
0.6705999755859375 1.9467199060796793e-11
0.6715999755859375 1.9532942808574188e-11
0.6725999755859375 6.351818892603272e-10
0.6735999755859375 9.514292137330052e-10
0.6745999755859375 2.0042748041482903e-11
0.6755999755859375 4.262661536629146e-11
0.6765999755859375 9.167421765647413e-10
0.6775999755859375 1.2934458026459489e-10
0.6785999755859375 2.0005169187053364e-11
0.6795999755859375 5.102439087620941e-10
0.6805999755859375 2.676066240280015e-10
0.6815999755859375 2.0234221960017138e-11
0.6825999755859375 2.0269423204384514e-11
0.6835999755859375 2.032807528453298e-11
0.6845999755859375 1.234930570670788e-10
0.6855999755859375 1.2562219769921487e-09
0.6865999755859375 2.0528093652175545e-11
0.6875999755859376 4.427976029355078e-10
0.6885999755859376 2.0651655257058706e-11
0.6895999755859376 8.538421570659058e-11
0.6905999755859376 2.0801563584067622e-11
0.6915999755859376 2.0853438744467148e-11
0.6925999755859376 6.944367224040244e-11
0.6935999755859374 6.416396964010648e-10
0.6945999755859374 2.0999703119344147e-11
0.6955999755859374 2.142857069475537e-09
0.6965999755859374 2.112809975754478e-11
0.6975999755859374 2.1199773847673844e-11
0.6985999755859374 2.1271767906754997e-11
0.6995999755859375 2.1340142572108845e-11
0.7005999755859375 2.1429727011319205e-11
0.7015999755859375 1.3711790353064046e-09
0.7025999755859375 2.1539242080312545e-11
0.7035999755859375 2.1633865103746953e-11
0.7045999755859375 2.1703519063855606e-11
0.7055999755859375 2.1344482907959693e-10
0.7065999755859375 2.185433322720566e-11
0.7075999755859375 2.19216623103559e-11
0.7085999755859375 3.3152632491596637e-10
0.7095999755859375 3.7908528106340633e-10
0.7105999755859375 2.2168611902695894e-11
0.7115999755859375 2.2254824633416155e-11
0.7125999755859375 2.234807827101755e-11
0.7135999755859375 5.948318642507202e-10
0.7145999755859375 4.236276320819462e-09
0.7155999755859375 1.4711503851555487e-10
0.7165999755859375 7.23150349640499e-11
0.7175999755859375 2.276118156358039e-11
0.7185999755859375 2.2867801355540937e-11
0.7195999755859375 2.2974487359069783e-11
0.7205999755859375 8.145579960026858e-10
0.7215999755859375 1.5917172844062243e-10
0.7225999755859375 2.3204670135217337e-11
0.7235999755859375 2.3278264941054902e-11
0.7245999755859375 2.336840999839564e-11
0.7255999755859375 1.4687513541383922e-09
0.7265999755859375 2.357541393407871e-11
0.7275999755859375 8.322501199273202e-10
0.7285999755859375 1.3076307990993252e-09
0.7295999755859375 2.8780347678616965e-09
0.7305999755859375 2.3922881093969972e-11
0.7315999755859375 3.9370692540271943e-10
0.7325999755859375 1.5468914608113566e-09
0.7335999755859375 7.209994438783008e-10
0.7345999755859375 1.0734398609594128e-09
0.7355999755859375 8.312004382436899e-10
0.7365999755859375 1.26387357164541e-09
0.7375999755859375 2.7846049336707504e-09
0.7385999755859375 2.7099746671785e-10
0.7395999755859375 2.471990765551011e-11
0.7405999755859375 2.4811217643187295e-11
0.7415999755859375 8.079975519093558e-10
0.7425999755859375 5.32327567863896e-10
0.7435999755859375 6.353571320718873e-09
0.7445999755859375 2.5164106604807954e-11
0.7455999755859375 2.523306682250095e-11
0.7465999755859375 7.387803873381832e-09
0.7475999755859375 3.7459330456397195e-09
0.7485999755859375 2.549219546074075e-11
0.7495999755859375 1.7868743852081945e-10
0.7505999755859375 1.6059107401753756e-09
0.7515999755859375 2.5711960940549136e-11
0.7525999755859375 4.0160705910639045e-09
0.7535999755859375 8.84889323197231e-09
0.7545999755859375 1.2392361106306597e-09
0.7555999755859375 2.737296553382003e-09
0.7565999755859375 1.3666005115574872e-09
0.7575999755859375 2.606607450170288e-11
0.7585999755859375 3.319695441124835e-10
0.7595999755859375 2.614742150246508e-11
0.7605999755859375 1.0958068586970925e-10
0.7615999755859375 3.5983664032988033e-09
0.7625999755859375 2.630331876098079e-11
0.7635999755859375 2.7752032823034815e-09
0.7645999755859375 2.6432942453937884e-11
0.7655999755859375 9.409082155641018e-09
0.7665999755859375 1.4440795241895695e-09
0.7675999755859375 2.0043801482577344e-09
0.7685999755859375 2.661612635260073e-11
0.7695999755859375 2.668119645306758e-11
0.7705999755859375 2.674058158119677e-11
0.7715999755859375 1.925973673742437e-09
0.7725999755859375 1.156993986233447e-09
0.7735999755859375 2.694357317497032e-11
0.7745999755859375 9.49334835577048e-10
0.7755999755859375 3.7197721340081066e-09
0.7765999755859375 2.2309265100700074e-09
0.7775999755859375 2.714741335318751e-11
0.7785999755859375 1.474749366115157e-09
0.7795999755859375 1.8085680694766345e-09
0.7805999755859375 9.682995186601397e-10
0.7815999755859375 2.7354043929467285e-11
0.7825999755859375 5.65020457606129e-09
0.7835999755859375 6.408981698147016e-09
0.7845999755859375 2.746810592611729e-11
0.7855999755859375 5.154019045384833e-10
0.7865999755859375 5.5654221200152134e-09
0.7875999755859375 2.1820149924754134e-09
0.7885999755859375 2.7618046243499894e-11
0.7895999755859375 2.7638204218965292e-11
0.7905999755859375 2.4459336725360974e-09
0.7915999755859375 7.550477132071552e-09
0.7925999755859375 2.7724138716722894e-11
0.7935999755859375 3.869430615862554e-09
0.7945999755859375 1.994455572573708e-09
0.7955999755859375 7.42148003617663e-09
0.7965999755859375 5.492926289820826e-09
0.7975999755859375 7.214177499111396e-09
0.7985999755859375 1.3705105020420327e-09
0.7995999755859375 2.7687323346409876e-11
0.8005999755859375 2.7629811308010508e-11
0.8015999755859375 4.083937083192298e-09
0.8025999755859375 5.707410533890894e-09
0.8035999755859375 7.876151171614045e-10
0.8045999755859375 1.2385588101211775e-08
0.8055999755859375 3.2480083440694857e-09
0.8065999755859375 4.020828092128637e-09
0.8075999755859375 7.732862417166099e-10
0.8085999755859375 3.297189865248942e-08
0.8095999755859375 1.2938004954411894e-08
0.8105999755859375 9.195668941389274e-09
0.8115999755859375 1.264434586633487e-08
0.8125999755859376 1.933353133967986e-08
0.8135999755859376 1.6712524789059173e-08
0.8145999755859376 1.5192397271626445e-08
0.8155999755859376 1.7071920460313146e-08
0.8165999755859376 2.8634705599615995e-11
0.8175999755859376 6.333427020826961e-09
0.8185999755859374 1.4906707878831082e-08
0.8195999755859374 8.666103713388573e-09
0.8205999755859374 6.810699976263225e-09
0.8215999755859374 2.8835407062952718e-11
0.8225999755859374 2.8885661447754526e-11
0.8235999755859374 4.394615510921089e-09
0.8245999755859375 2.670608918930604e-09
0.8255999755859375 2.9200468854769947e-09
0.8265999755859375 2.9005055927836667e-11
0.8275999755859375 9.619363920116505e-09
0.8285999755859375 2.907466403046155e-11
0.8295999755859375 9.84537107119728e-10
0.8305999755859375 6.844951669423553e-09
0.8315999755859375 9.066262145338453e-09
0.8325999755859375 4.1323403690922e-10
0.8335999755859375 3.1434741941375196e-08
0.8345999755859375 2.6441751625680897e-08
0.8355999755859375 2.845651811370586e-09
0.8365999755859375 1.4703695293420663e-08
0.8375999755859375 9.052920085182356e-09
0.8385999755859375 1.9172445963749843e-08
0.8395999755859375 1.585042858404377e-08
0.8405999755859375 2.9488593458498596e-11
0.8415999755859375 1.6111947047543055e-09
0.8425999755859375 2.6017936253386126e-08
0.8435999755859375 5.464295217626412e-09
0.8445999755859375 3.293164875604973e-08
0.8455999755859375 2.972320803353632e-11
0.8465999755859375 8.718756743662464e-09
0.8475999755859375 2.980582792311237e-11
0.8485999755859375 5.2942202512216565e-09
0.8495999755859375 5.661195359167949e-08
0.8505999755859375 1.6585867390155152e-08
0.8515999755859375 7.144654510218901e-08
0.8525999755859375 1.4394524238355178e-07
0.8535999755859375 7.007984341442854e-08
0.8545999755859375 8.512833214999649e-08
0.8555999755859375 3.24418239834228e-08
0.8565999755859375 1.1311350024777041e-07
0.8575999755859375 3.0235022942659135e-11
0.8585999755859375 1.24690858306417e-07
0.8595999755859375 1.9473810063114706e-07
0.8605999755859375 8.725716621026721e-08
0.8615999755859375 2.2071628202050334e-08
0.8625999755859375 1.5546482733370594e-07
0.8635999755859375 7.604877200953443e-09
0.8645999755859375 3.0494836325052974e-11
0.8655999755859375 7.92116526917802e-07
0.8665999755859375 9.303782711777523e-08
0.8675999755859375 3.059870399669104e-11
0.8685999755859375 3.064088497227489e-11
0.8695999755859375 2.720237369327951e-07
0.8705999755859375 4.098241825084931e-08
0.8715999755859375 3.0773056791570475e-11
0.8725999755859375 2.3288895811641307e-08
0.8735999755859375 7.409068176687829e-07
0.8745999755859375 2.0219767334584202e-07
0.8755999755859375 3.2094339111494737e-08
0.8765999755859375 5.628999639544504e-07
0.8775999755859375 3.093227371146827e-11
0.8785999755859375 1.6022856078288718e-06
0.8795999755859375 8.276917623402768e-07
0.8805999755859375 2.885714026601276e-07
0.8815999755859375 5.188960583901749e-07
0.8825999755859375 3.0920940963441676e-11
0.8835999755859375 1.1121025960420027e-06
0.8845999755859375 3.1022386928598844e-11
0.8855999755859375 3.108546460980686e-11
0.8865999755859375 6.591443700153906e-07
0.8875999755859375 3.1232720064548255e-11
0.8885999755859375 1.5676747646279711e-06
0.8895999755859375 3.129642958064138e-11
0.8905999755859375 8.572920009866615e-07
0.8915999755859375 5.96905144071387e-07
0.8925999755859375 5.642907695386008e-06
0.8935999755859375 1.1600949713574701e-06
0.8945999755859375 5.318905688376536e-07
0.8955999755859375 1.3524424344046903e-06
0.8965999755859375 3.028636738575575e-06
0.8975999755859375 3.131572074659484e-11
0.8985999755859375 4.524393411801827e-07
0.8995999755859375 1.2807329873771757e-06
0.9005999755859375 2.4332100924578675e-06
0.9015999755859375 1.3045177728576273e-06
0.9025999755859375 1.741232184322429e-06
0.9035999755859375 9.437283754192217e-07
0.9045999755859375 9.407398636093685e-07
0.9055999755859375 1.496484960546278e-06
0.9065999755859375 8.860939464260091e-07
0.9075999755859375 1.7056167609281519e-06
0.9085999755859375 1.0281712144571205e-06
0.9095999755859375 1.9028356281812164e-06
0.9105999755859375 1.4790132260072214e-06
0.9115999755859375 1.2878755823226286e-06
0.9125999755859375 6.006095521935417e-07
0.9135999755859375 1.1801081566791981e-06
0.9145999755859375 8.107012650841266e-07
0.9155999755859375 1.3225258885129315e-06
0.9165999755859375 1.5524708734262838e-06
0.9175999755859375 1.560065541213258e-06
0.9185999755859375 9.541035333410808e-07
0.9195999755859375 1.0391909611456243e-06
0.9205999755859375 1.0077629960244339e-06
0.9215999755859375 9.209533767380593e-07
0.9225999755859375 3.244032306496237e-07
0.9235999755859375 9.982796553528157e-07
0.9245999755859375 9.054204639377636e-07
0.9255999755859375 1.306421156652872e-06
0.9265999755859375 8.8352950534298e-07
0.9275999755859375 7.012516857546279e-07
0.9285999755859375 8.654198779397673e-07
0.9295999755859375 1.6100866570823573e-06
0.9305999755859375 1.6201710727146786e-06
0.9315999755859375 9.635530490631542e-07
0.9325999755859375 2.3073592680090494e-07
0.9335999755859375 7.250102359283817e-07
0.9345999755859375 5.996139094359531e-07
0.9355999755859375 8.724938876887342e-07
0.9365999755859375 6.845511946054242e-07
0.9375999755859376 1.4485032728996544e-06
0.9385999755859376 8.345064561153191e-07
0.9395999755859376 7.803444354473646e-07
0.9405999755859376 6.058607637118046e-07
0.9415999755859376 4.1918021427833863e-07
0.9425999755859376 4.5627871267811557e-07
0.9435999755859374 5.810905023239403e-07
0.9445999755859374 1.606715389783915e-06
0.9455999755859374 4.969835713445031e-07
0.9465999755859374 1.0951349092710309e-06
0.9475999755859374 3.0644156892293e-07
0.9485999755859374 3.8622783720851476e-07
0.9495999755859375 7.922245911796149e-07
0.9505999755859375 9.015976176963867e-07
0.9515999755859375 2.4270795929434674e-07
0.9525999755859375 9.432676093549141e-07
0.9535999755859375 1.2561628450460313e-07
0.9545999755859375 8.351920887423435e-07
0.9555999755859375 8.353544200899597e-07
0.9565999755859375 2.1483278823118845e-08
0.9575999755859375 4.3066516009558724e-07
0.9585999755859375 6.397753293168574e-07
0.9595999755859375 1.8946772500386831e-07
0.9605999755859375 4.878080191876504e-07
0.9615999755859375 2.900067397037949e-07
0.9625999755859375 6.625517749524422e-07
0.9635999755859375 6.923859681035191e-07
0.9645999755859375 7.339028474723698e-07
0.9655999755859375 2.3380637495397668e-07
0.9665999755859375 2.1061830463682076e-07
0.9675999755859375 4.753300939597589e-07
0.9685999755859375 3.2236808942653535e-07
0.9695999755859375 8.663424448861718e-08
0.9705999755859375 4.2492779547501404e-07
0.9715999755859375 3.2483075874502076e-11
0.9725999755859375 2.369513333219872e-07
0.9735999755859375 5.187331578305515e-07
0.9745999755859375 2.9100305512461164e-07
0.9755999755859375 2.2684713275193894e-07
0.9765999755859375 3.911921045671895e-07
0.9775999755859375 5.939554746811733e-07
0.9785999755859375 3.3475965633609927e-07
0.9795999755859375 4.900778663504078e-07
0.9805999755859375 6.151043848990106e-07
0.9815999755859375 2.8963350299858766e-07
0.9825999755859375 3.6883437825604467e-07
0.9835999755859375 2.721909183383093e-07
0.9845999755859375 3.3400453921013384e-07
0.9855999755859375 2.0478639374216033e-07
0.9865999755859375 6.828009079671177e-07
0.9875999755859375 2.1113539574026102e-07
0.9885999755859375 2.1495413263877037e-07
0.9895999755859375 1.8296858316016276e-07
0.9905999755859375 3.851547881147649e-07
0.9915999755859375 4.215042784361179e-07
0.9925999755859375 2.0340667632243797e-07
0.9935999755859375 1.0039711072070791e-07
0.9945999755859375 3.4053628625843254e-07
0.9955999755859375 9.975798554381066e-08
0.9965999755859375 3.1354432335759285e-07
0.9975999755859375 1.938198694148849e-07
0.9985999755859375 3.717513146737595e-07
0.9995999755859375 1.7672486633590924e-07
1.0005999755859376 4.7086107769292394e-07
1.0015999755859375 2.731921397236644e-07
1.0025999755859376 3.9193914062680407e-07
1.0035999755859375 5.046838984541823e-07
1.0045999755859376 4.416130327075577e-07
1.0055999755859375 4.0659653347753015e-07
1.0065999755859374 3.8291933827347864e-07
1.0075999755859375 3.6047782710203837e-07
1.0085999755859374 5.908733352844736e-07
1.0095999755859375 3.8080100043926715e-07
1.0105999755859374 5.357750082693827e-08
1.0115999755859375 2.9054275089730184e-07
1.0125999755859374 5.255492147411129e-07
1.0135999755859375 2.967666044684326e-07
1.0145999755859374 2.5715583787336174e-07
1.0155999755859375 6.555827168552918e-08
1.0165999755859374 2.612133616063391e-07
1.0175999755859375 1.286639157838864e-07
1.0185999755859374 2.1435027312883704e-07
1.0195999755859375 2.2493729256595838e-07
1.0205999755859374 2.620180084601659e-07
1.0215999755859375 2.820093102945858e-07
1.0225999755859374 3.76933386066827e-07
1.0235999755859375 3.760626479255192e-07
1.0245999755859374 2.6232823254345897e-07
1.0255999755859375 3.526123548315196e-07
1.0265999755859374 2.3468449166801814e-07
1.0275999755859375 2.1823365933164326e-07
1.0285999755859374 2.0276008184511166e-07
1.0295999755859375 2.5059509937156126e-07
1.0305999755859374 3.0814700480997256e-07
1.0315999755859375 1.4034416682593462e-07
1.0325999755859374 4.1808616064179215e-07
1.0335999755859375 2.648155441735365e-07
1.0345999755859374 4.799462274670238e-07
1.0355999755859375 3.363642162418831e-07
1.0365999755859374 2.8805088681781034e-07
1.0375999755859375 1.9732985723885037e-07
1.0385999755859374 1.9943333600488734e-07
1.0395999755859375 5.8308275654704634e-08
1.0405999755859374 1.0279751538336815e-07
1.0415999755859375 2.2025754492635205e-07
1.0425999755859374 1.200033303289435e-07
1.0435999755859375 3.0456980153016623e-07
1.0445999755859374 2.626920107688492e-07
1.0455999755859375 2.080660167596488e-07
1.0465999755859374 1.6118956900197901e-07
1.0475999755859375 2.4076215529685114e-07
1.0485999755859374 3.0279693108634783e-07
1.0495999755859375 2.7716069134909737e-07
1.0505999755859374 3.4718677851290665e-07
1.0515999755859375 1.8202856798989785e-07
1.0525999755859374 1.310048013100969e-07
1.0535999755859375 2.601339130378819e-07
1.0545999755859374 4.1101534497991673e-07
1.0555999755859375 2.6887648723084e-07
1.0565999755859374 1.4622817794636004e-07
1.0575999755859375 1.8328229696305574e-07
1.0585999755859374 1.0633101731452113e-07
1.0595999755859375 2.1183064746865282e-07
1.0605999755859374 2.4038585053585864e-07
1.0615999755859375 2.061877194793028e-07
1.0625999755859374 1.764701441649916e-07
1.0635999755859376 8.036087120409818e-08
1.0645999755859374 2.6948568683471834e-07
1.0655999755859376 5.071983816687124e-07
1.0665999755859374 2.25101011292238e-07
1.0675999755859376 2.3803424276014733e-07
1.0685999755859374 4.4869595075488924e-08
1.0695999755859376 2.4030547027399466e-07
1.0705999755859374 1.898713550524499e-07
1.0715999755859376 2.3595453417113504e-07
1.0725999755859374 2.140932802585437e-07
1.0735999755859376 9.957266854644727e-08
1.0745999755859375 1.8831790968420576e-07
1.0755999755859376 2.9868979295902973e-07
1.0765999755859375 2.1652869925469205e-07
1.0775999755859376 2.048910115672787e-07
1.0785999755859375 8.489316291788823e-08
1.0795999755859376 1.7171410444738235e-07
1.0805999755859375 3.3688126425683507e-07
1.0815999755859376 2.3311555499399134e-07
1.0825999755859375 2.6924092599626264e-07
1.0835999755859376 1.9593657857416636e-07
1.0845999755859375 2.603881824534244e-07
1.0855999755859376 2.0790230870818856e-07
1.0865999755859375 2.4537104081157535e-07
1.0875999755859376 2.417336443739733e-07
1.0885999755859375 7.434106049644517e-08
1.0895999755859376 1.1640636959358914e-07
1.0905999755859375 3.3912603155751576e-07
1.0915999755859376 3.922826600910615e-07
1.0925999755859375 2.732789999627432e-07
1.0935999755859376 2.607464272134691e-08
1.0945999755859375 2.4295582697126325e-07
1.0955999755859376 5.5279403183507234e-08
1.0965999755859375 5.69431549307523e-08
1.0975999755859376 2.206799446946359e-07
1.0985999755859375 2.693957134919018e-07
1.0995999755859376 1.2274598053903593e-07
1.1005999755859375 1.8463578485872091e-07
1.1015999755859376 1.7051805587186685e-07
1.1025999755859375 1.8389881545685e-07
1.1035999755859376 1.9679037529414332e-07
1.1045999755859375 2.3951830153027756e-07
1.1055999755859376 2.6946116683939173e-07
1.1065999755859375 1.9999634623984577e-07
1.1075999755859376 3.598006450630407e-07
1.1085999755859375 3.3545704812602574e-07
1.1095999755859376 3.224433329422556e-09
1.1105999755859375 2.776221252352468e-07
1.1115999755859376 1.8608947976896397e-07
1.1125999755859375 1.7102885234094718e-07
1.1135999755859376 9.008651230565727e-08
1.1145999755859375 9.031388825701906e-08
1.1155999755859376 3.178893865733913e-07
1.1165999755859375 2.00291775531946e-07
1.1175999755859376 1.3746098775022115e-07
1.1185999755859375 3.5349172107157526e-07
1.1195999755859376 2.9010726808168234e-07
1.1205999755859375 1.9579131280026538e-07
1.1215999755859376 2.375968295345512e-07
1.1225999755859375 1.488162933588006e-07
1.1235999755859376 2.700446065171006e-07
1.1245999755859375 1.644522637277527e-07
1.1255999755859376 2.6861606792929584e-07
1.1265999755859375 1.1437566801532538e-07
1.1275999755859376 2.873719023148555e-07
1.1285999755859375 1.4619104724631554e-07
1.1295999755859376 1.3154495458613102e-07
1.1305999755859375 1.986448534233997e-07
1.1315999755859374 2.0279288388135642e-07
1.1325999755859375 1.1824732486417354e-07
1.1335999755859374 2.2467165186791193e-07
1.1345999755859375 1.3143723595510267e-07
1.1355999755859374 1.1602377964573173e-07
1.1365999755859375 3.780577793408007e-07
1.1375999755859374 1.344661975768752e-07
1.1385999755859375 8.419228721627949e-08
1.1395999755859374 1.6226117888260855e-07
1.1405999755859375 2.1760055790164825e-07
1.1415999755859374 2.5263305384039747e-07
1.1425999755859375 1.7564400316307533e-07
1.1435999755859374 1.9076458495497798e-07
1.1445999755859375 2.0717313744470955e-07
1.1455999755859374 1.8395238702980283e-07
1.1465999755859375 1.7358426925220702e-07
1.1475999755859374 2.0049554625644938e-07
1.1485999755859375 1.2374861292185407e-07
1.1495999755859374 2.0548657449374991e-07
1.1505999755859375 4.6611888543601014e-08
1.1515999755859374 1.7374548926152073e-07
1.1525999755859375 1.6174740439562692e-07
1.1535999755859374 1.637294494685455e-07
1.1545999755859375 1.672331805027251e-07
1.1555999755859374 2.607292009477209e-07
1.1565999755859375 3.034122717106051e-07
1.1575999755859374 2.0659030574711328e-07
1.1585999755859375 2.0110589067461433e-07
1.1595999755859374 1.5011493459549176e-07
1.1605999755859375 2.148238855385439e-07
1.1615999755859374 3.148935038648672e-07
1.1625999755859375 1.0509910611931358e-07
1.1635999755859374 6.247670228806439e-08
1.1645999755859375 1.7401986830332238e-07
1.1655999755859374 2.1318551044456321e-07
1.1665999755859375 1.4086725321395547e-07
1.1675999755859374 1.6654800913163336e-07
1.1685999755859375 1.7727329455909438e-07
1.1695999755859374 2.1690545914587553e-07
1.1705999755859375 1.2905862607975163e-07
1.1715999755859374 2.0783026625656674e-07
1.1725999755859375 2.4380027203760014e-07
1.1735999755859374 3.118497984190453e-07
1.1745999755859375 3.109037606175532e-07
1.1755999755859374 3.7488444704779883e-07
1.1765999755859375 4.8222722979629746e-08
1.1775999755859374 1.7468637077683424e-07
1.1785999755859375 4.478798092047313e-07
1.1795999755859374 2.40048828998163e-07
1.1805999755859375 2.311072828128771e-07
1.1815999755859374 2.2310671207749812e-07
1.1825999755859375 2.4879616001385275e-07
1.1835999755859374 2.2228651925663945e-07
1.1845999755859375 1.9506018226345822e-07
1.1855999755859374 1.743522670063278e-07
1.1865999755859375 2.818175468953266e-07
1.1875999755859374 2.659942442364544e-07
1.1885999755859376 6.017948776321273e-08
1.1895999755859374 3.050577366089619e-07
1.1905999755859376 2.3800841701349615e-07
1.1915999755859374 2.3212952301572198e-07
1.1925999755859376 2.1801206496932992e-07
1.1935999755859374 1.1232797490005751e-07
1.1945999755859376 2.8562669363348913e-07
1.1955999755859374 1.9844618295009743e-07
1.1965999755859376 2.2039388981158573e-07
1.1975999755859374 2.4870638957938296e-07
1.1985999755859376 1.7542896668720626e-07
1.1995999755859375 3.499420838053392e-07
1.2005999755859376 3.0204059430474774e-07
1.2015999755859375 7.04399925250961e-08
1.2025999755859376 3.249355603881614e-07
1.2035999755859375 4.361093963104654e-07
1.2045999755859376 4.4641355959292156e-08
1.2055999755859375 2.031841063454452e-07
1.2065999755859376 3.941498898414415e-07
1.2075999755859375 2.2851157770894667e-07
1.2085999755859376 6.878342383417725e-08
1.2095999755859375 3.57809737740329e-07
1.2105999755859376 3.1427558348047457e-07
1.2115999755859375 1.6912916194648722e-07
1.2125999755859376 1.9959165026724904e-07
1.2135999755859375 1.434515182151913e-07
1.2145999755859376 8.044456068563877e-08
1.2155999755859375 3.5740586285192344e-07
1.2165999755859376 1.7738389323354877e-07
1.2175999755859375 2.0518116310540078e-07
1.2185999755859376 2.436281255817447e-07
1.2195999755859375 3.140443424646098e-07
1.2205999755859376 1.664211700974887e-07
1.2215999755859375 2.3459973767581828e-07
1.2225999755859376 3.7534680385990963e-07
1.2235999755859375 7.365461100239239e-08
1.2245999755859376 2.3604530910836977e-07
1.2255999755859375 1.9111429864039595e-07
1.2265999755859376 2.4339745983663087e-07
1.2275999755859375 4.984977861673096e-08
1.2285999755859376 1.1662229351524748e-07
1.2295999755859375 2.1554668162764548e-07
1.2305999755859376 3.593196156604803e-07
1.2315999755859375 1.6080540801169005e-07
1.2325999755859376 2.3056722263202196e-07
1.2335999755859375 2.580218120276135e-07
1.2345999755859376 2.0917864663781254e-07
1.2355999755859375 2.98685683484075e-07
1.2365999755859376 2.487977458655866e-07
1.2375999755859375 4.319571620619325e-07
1.2385999755859376 6.641143929423791e-08
1.2395999755859375 4.042335991413722e-08
1.2405999755859376 2.4702924564539964e-07
1.2415999755859375 1.03712973932568e-07
1.2425999755859376 3.684369515810804e-07
1.2435999755859375 2.1335097816093704e-07
1.2445999755859376 3.456156292483079e-07
1.2455999755859375 1.3148542140447015e-07
1.2465999755859376 2.640085336750732e-07
1.2475999755859375 1.4478064472185708e-07
1.2485999755859376 2.2840254848069992e-07
1.2495999755859375 2.4833603158063967e-07
1.2505999755859376 1.7290110162562874e-07
1.2515999755859375 2.3713725604957363e-07
1.2525999755859376 4.014634751027254e-07
1.2535999755859375 9.383544150553815e-08
1.2545999755859376 1.59189873511578e-07
1.2555999755859375 2.9089061211100407e-07
1.2565999755859374 1.8277065332242968e-07
1.2575999755859375 2.159780890519723e-07
1.2585999755859374 2.1573129137457447e-07
1.2595999755859375 1.7831210932615945e-07
1.2605999755859374 3.14711926851124e-07
1.2615999755859375 2.620046131208628e-07
1.2625999755859374 2.758021409724365e-07
1.2635999755859375 1.7859323894120563e-07
1.2645999755859374 1.255656251561722e-07
1.2655999755859375 4.3519562262155255e-07
1.2665999755859374 1.5603187096415726e-07
1.2675999755859375 3.9709992646056297e-07
1.2685999755859374 2.8173695444582e-07
1.2695999755859375 2.916194446200322e-07
1.2705999755859374 2.8034033676034567e-07
1.2715999755859375 2.409814839084801e-07
1.2725999755859374 1.4434822883495862e-07
1.2735999755859375 1.902720794011814e-07
1.2745999755859374 1.4609242685299163e-07
1.2755999755859375 1.7516658525040353e-07
1.2765999755859374 1.85805434613319e-07
1.2775999755859375 2.7991918067562156e-07
1.2785999755859374 2.0736611453268957e-07
1.2795999755859375 2.052512588747144e-07
1.2805999755859374 1.4539031126192477e-07
1.2815999755859375 1.4041264625111963e-07
1.2825999755859374 3.584444067949779e-07
1.2835999755859375 2.6803849514216305e-07
1.2845999755859374 1.4415568128532894e-07
1.2855999755859375 1.1894559304359766e-07
1.2865999755859374 3.416660357167984e-07
1.2875999755859375 1.6725068985765368e-07
1.2885999755859374 1.7872248736176438e-07
1.2895999755859375 1.4520206915236925e-07
1.2905999755859374 3.765673956568491e-07
1.2915999755859375 2.0369899372225793e-07
1.2925999755859374 2.4182260353479595e-07
1.2935999755859375 2.1183164325534967e-07
1.2945999755859374 3.53272255819378e-07
1.2955999755859375 2.613011176876023e-07
1.2965999755859374 2.8349365164819034e-07
1.2975999755859375 2.7676709912399707e-07
1.2985999755859374 2.6066156696686817e-07
1.2995999755859375 1.7313858083039334e-07
1.3005999755859374 2.6169593698491567e-07
1.3015999755859375 2.718521918587154e-07
1.3025999755859374 3.1654239244109987e-07
1.3035999755859375 2.1151930226214938e-07
1.3045999755859374 2.495627277769916e-07
1.3055999755859375 3.5106480141848173e-07
1.3065999755859374 1.1682224189425538e-07
1.3075999755859375 2.416166776710941e-07
1.3085999755859374 1.800970136933776e-07
1.3095999755859375 3.169480840270154e-07
1.3105999755859374 3.1379126098312644e-07
1.3115999755859375 1.6399350308643453e-07
1.3125999755859374 8.206410658878695e-08
1.3135999755859376 2.425116017104557e-07
1.3145999755859374 2.520491825446113e-07
1.3155999755859376 2.009346006514328e-07
1.3165999755859374 1.752541555437036e-07
1.3175999755859376 2.7500303853328995e-07
1.3185999755859374 2.9863612207724887e-07
1.3195999755859376 1.4474747391085218e-07
1.3205999755859374 1.3317775665795666e-07
1.3215999755859376 1.968932909949715e-07
1.3225999755859374 1.7352438754588093e-07
1.3235999755859376 3.163613053847565e-07
1.3245999755859375 1.22036745854743e-07
1.3255999755859376 3.315944007515834e-07
1.3265999755859375 2.0042318104059367e-07
1.3275999755859376 3.035010412207957e-07
1.3285999755859375 3.3281297281860595e-07
1.3295999755859376 1.508725564314832e-07
1.3305999755859375 3.8932184494102884e-07
1.3315999755859376 2.605911134798761e-07
1.3325999755859375 2.6912129339738206e-07
1.3335999755859376 2.0105743742479086e-07
1.3345999755859375 3.2723677008582746e-07
1.3355999755859376 3.678066686616203e-07
1.3365999755859375 2.2473413517218226e-07
1.3375999755859376 9.125264727870848e-08
1.3385999755859375 2.9200617945380604e-07
1.3395999755859376 2.97066722987919e-07
1.3405999755859375 3.1706259353771207e-07
1.3415999755859376 2.6900532483460706e-07
1.3425999755859375 4.0795298406798347e-07
1.3435999755859376 1.508848677288422e-07
1.3445999755859375 1.3068906677234734e-07
1.3455999755859376 2.2560723475656106e-07
1.3465999755859375 2.2221223615336023e-07
1.3475999755859376 3.1076936362121316e-07
1.3485999755859375 3.0906228992464836e-07
1.3495999755859376 3.455568829312883e-07
1.3505999755859375 4.701827281345977e-08
1.3515999755859376 3.3782304585847284e-07
1.3525999755859375 2.9918082432929113e-07
1.3535999755859376 1.493045455518359e-07
1.3545999755859375 3.375823952698661e-07
1.3555999755859376 2.8513410286783027e-07
1.3565999755859375 3.752770326969517e-07
1.3575999755859376 1.6268907073290735e-07
1.3585999755859375 4.163332868284521e-07
1.3595999755859376 2.3679664356777172e-07
1.3605999755859375 2.1738088485449905e-07
1.3615999755859376 1.6746659701987372e-07
1.3625999755859375 3.837334389917484e-07
1.3635999755859376 3.623485450326896e-07
1.3645999755859375 7.524752687041221e-08
1.3655999755859376 2.955034369220179e-07
1.3665999755859375 2.826335313497953e-07
1.3675999755859376 2.344015060754168e-07
1.3685999755859375 4.150996310420493e-07
1.3695999755859376 2.809185358882052e-07
1.3705999755859375 1.993934761891211e-07
1.3715999755859376 4.4259636286011023e-07
1.3725999755859375 4.0335175681021956e-07
1.3735999755859376 2.0150261968918518e-07
1.3745999755859375 3.965338612775189e-07
1.3755999755859376 3.8603919240383795e-07
1.3765999755859375 4.7024073472016956e-07
1.3775999755859376 2.3610063667070944e-07
1.3785999755859375 3.330420507363692e-07
1.3795999755859376 1.467497580684643e-07
1.3805999755859375 3.3944172340734373e-07
1.3815999755859374 2.3768505325933256e-07
1.3825999755859375 5.22434349252082e-07
1.3835999755859374 1.221388989468908e-07
1.3845999755859375 1.7768327630549436e-07
1.3855999755859374 1.4862250783889577e-07
1.3865999755859375 4.330099541741438e-07
1.3875999755859374 1.6053600613436494e-07
1.3885999755859375 2.646241928784021e-07
1.3895999755859374 3.3937268743938045e-07
1.3905999755859375 4.290420302287092e-07
1.3915999755859374 2.4573316412831793e-07
1.3925999755859375 3.153587903114759e-07
1.3935999755859374 2.951492971651696e-07
1.3945999755859375 2.3656856459428222e-07
1.3955999755859374 3.9386785646201203e-07
1.3965999755859375 2.6456606500093307e-07
1.3975999755859374 2.3790175738538546e-07
1.3985999755859375 3.585084003498209e-07
1.3995999755859374 1.7516728931003617e-07
1.4005999755859375 3.4984989810046904e-07
1.4015999755859374 2.0036646042319096e-07
1.4025999755859375 4.359518849428914e-07
1.4035999755859374 2.558979189262135e-07
1.4045999755859375 6.198699520742711e-07
1.4055999755859374 4.1322993574579784e-08
1.4065999755859375 3.570910879891704e-07
1.4075999755859374 3.5427740588407315e-07
1.4085999755859375 1.766704574280077e-07
1.4095999755859374 1.3387136849073924e-07
1.4105999755859375 1.3749355865717929e-07
1.4115999755859374 1.7776508549889385e-07
1.4125999755859375 2.034118968651797e-07
1.4135999755859374 3.70176069228964e-07
1.4145999755859375 3.0962652179667137e-07
1.4155999755859374 2.5844155900939425e-07
1.4165999755859375 2.821394918791305e-07
1.4175999755859374 1.8001219997056854e-07
1.4185999755859375 6.945060546383904e-08
1.4195999755859374 2.518934611826859e-07
1.4205999755859375 3.357021373241558e-07
1.4215999755859374 4.1102490442268356e-07
1.4225999755859375 4.5949096085513464e-07
1.4235999755859374 4.0295186427964865e-07
1.4245999755859375 2.7348220502038145e-07
1.4255999755859374 3.383170831197499e-07
1.4265999755859375 1.7200836157731354e-07
1.4275999755859374 3.33796016188345e-08
1.4285999755859375 3.7403627618044615e-07
1.4295999755859374 3.0434288923935286e-07
1.4305999755859375 1.0257207641676935e-07
1.4315999755859374 1.646119203563923e-07
1.4325999755859375 3.6576937294552766e-07
1.4335999755859374 2.7042820462622376e-07
1.4345999755859375 3.5174985091681903e-07
1.4355999755859374 2.8881142767743974e-07
1.4365999755859375 4.5536366500906344e-07
1.4375999755859374 2.905156932016009e-07
1.4385999755859376 1.2439150568319814e-07
1.4395999755859374 2.3698956117074673e-07
1.4405999755859376 2.3571456150583898e-07
1.4415999755859374 1.574202664389357e-07
1.4425999755859376 1.7518839938138062e-07
1.4435999755859374 2.982605346226412e-07
1.4445999755859376 4.5090305025080714e-07
1.4455999755859374 1.6045677442860618e-07
1.4465999755859376 8.852746643061524e-08
1.4475999755859374 3.9536880756079985e-07
1.4485999755859376 2.3754184152156287e-07
1.4495999755859375 2.1482740534498493e-07
1.4505999755859376 3.242592389523038e-07
1.4515999755859375 2.1042608166732144e-07
1.4525999755859376 3.4134774748628966e-07
1.4535999755859375 2.949764646754293e-07
1.4545999755859376 3.784996661767645e-07
1.4555999755859375 2.4480088722833775e-07
1.4565999755859376 3.2467823810558846e-07
1.4575999755859375 2.440639388351537e-07
1.4585999755859376 3.81875970150792e-07
1.4595999755859375 2.8601016901314323e-07
1.4605999755859376 2.071843245138171e-07
1.4615999755859375 3.355228489937803e-07
1.4625999755859376 5.428773219581985e-07
1.4635999755859375 5.282323865612467e-07
1.4645999755859376 8.897747025448932e-08
1.4655999755859375 2.2770427360709972e-07
1.4665999755859376 2.0473733969643634e-07
1.4675999755859375 4.0129149896637676e-07
1.4685999755859376 5.174275880732381e-07
1.4695999755859375 2.2390143650893989e-07
1.4705999755859376 2.2301260614031346e-07
1.4715999755859375 1.4297402209487846e-07
1.4725999755859376 2.2553362079752018e-07
1.4735999755859375 1.5011011319180248e-07
1.4745999755859376 2.451669030053753e-07
1.4755999755859375 1.5393256004678197e-07
1.4765999755859376 7.647946806998748e-07
1.4775999755859375 2.439706917855018e-07
1.4785999755859376 2.3702293969210936e-07
1.4795999755859375 4.00092216325824e-07
1.4805999755859376 5.918022604715781e-07
1.4815999755859375 2.9564796971871293e-07
1.4825999755859376 3.771926100069558e-07
1.4835999755859375 5.074528548938902e-07
1.4845999755859376 4.196177524063837e-07
1.4855999755859375 1.7603472676480086e-07
1.4865999755859376 2.8556317464391153e-07
1.4875999755859375 1.1249719532338642e-08
1.4885999755859376 2.385858258191349e-07
1.4895999755859375 3.2463050321342317e-07
1.4905999755859376 5.65966040032043e-07
1.4915999755859375 4.072417720205897e-07
1.4925999755859376 2.774929973662683e-07
1.4935999755859375 1.936496022885815e-07
1.4945999755859376 2.107917882744017e-07
1.4955999755859375 5.107355189109746e-07
1.4965999755859376 1.0601724174901385e-07
1.4975999755859375 3.1799761051322306e-07
1.4985999755859376 4.108570530841378e-07
1.4995999755859375 3.1596211947577945e-07
1.5005999755859376 4.995302217158995e-07
1.5015999755859375 2.4839464345329394e-07
1.5025999755859376 4.369702372096414e-07
1.5035999755859375 1.1059087075379761e-07
1.5045999755859376 3.487189072624872e-07
1.5055999755859375 2.1060314412480963e-07
1.5065999755859374 3.961431482176302e-07
1.5075999755859375 4.705280323771731e-07
1.5085999755859374 3.5436288743430656e-07
1.5095999755859375 3.648833641762357e-07
1.5105999755859374 4.0403570077838625e-07
1.5115999755859375 4.595680702680974e-07
1.5125999755859374 3.4482862122648425e-07
1.5135999755859375 3.4681532693767475e-07
1.5145999755859374 4.348350607520805e-07
1.5155999755859375 3.541752287608751e-07
1.5165999755859374 4.3731148365801116e-07
1.5175999755859375 2.21395772503103e-07
1.5185999755859374 3.363629897397609e-07
1.5195999755859375 2.839485938247363e-07
1.5205999755859374 2.4793061155333763e-07
1.5215999755859375 3.1817029056088096e-07
1.5225999755859374 2.8977509214690635e-07
1.5235999755859375 4.512536642319383e-07
1.5245999755859374 2.776041822366792e-07
1.5255999755859375 4.4054769268960484e-07
1.5265999755859374 3.6928617413446874e-07
1.5275999755859375 4.827554825909187e-07
1.5285999755859374 3.187198858787399e-07
1.5295999755859375 2.465873170115564e-07
1.5305999755859374 3.243084816182156e-07
1.5315999755859375 2.948510234589984e-07
1.5325999755859374 2.7891941926682625e-07
1.5335999755859375 4.737170782082708e-07
1.5345999755859374 2.585166735900073e-07
1.5355999755859375 1.5609189122059472e-07
1.5365999755859374 2.171213047873327e-07
1.5375999755859375 4.218317155021932e-07
1.5385999755859374 8.516344680147892e-08
1.5395999755859375 2.3754942622540006e-07
1.5405999755859374 5.380543655629515e-07
1.5415999755859375 5.031386171950829e-07
1.5425999755859374 3.4423760879504696e-07
1.5435999755859375 1.506842232797062e-07
1.5445999755859374 5.885842752431432e-07
1.5455999755859375 1.4306100813810286e-07
1.5465999755859374 3.704149098708292e-07
1.5475999755859375 3.5078994681001146e-07
1.5485999755859374 5.607808703188145e-07
1.5495999755859375 4.6241539471441734e-07
1.5505999755859374 3.470157901834122e-07
1.5515999755859375 7.890946912804084e-08
1.5525999755859374 6.733132449525078e-07
1.5535999755859375 3.7689236315979894e-07
1.5545999755859374 4.354319493907859e-07
1.5555999755859375 2.7064188178440496e-07
1.5565999755859374 7.885273020127154e-08
1.5575999755859375 4.337406294128694e-07
1.5585999755859374 3.269073051887165e-07
1.5595999755859375 2.0490692510892697e-07
1.5605999755859374 3.0371494013488e-07
1.5615999755859375 4.331865565908855e-07
1.5625999755859374 3.731537198704787e-07
1.5635999755859376 4.7220253212902036e-07
1.5645999755859374 3.177511363582702e-07
1.5655999755859376 3.5513549529722366e-07
1.5665999755859374 1.294277623192337e-07
1.5675999755859376 3.680218546793173e-07
1.5685999755859374 3.3133041697161817e-07
1.5695999755859376 5.686723278690798e-07
1.5705999755859374 6.793747310567078e-07
1.5715999755859376 2.640670751933502e-07
1.5725999755859374 7.25284237250939e-07
1.5735999755859376 3.899666152389661e-07
1.5745999755859375 2.7015531941645597e-07
1.5755999755859376 4.0066723146622744e-07
1.5765999755859375 5.016698658021747e-07
1.5775999755859376 1.6541704766350435e-07
1.5785999755859375 1.303369423521354e-07
1.5795999755859376 1.2775033988256074e-07
1.5805999755859375 1.977187952756171e-07
1.5815999755859376 4.6072351110533706e-07
1.5825999755859375 4.2691041031435363e-07
1.5835999755859376 4.401644751505223e-07
1.5845999755859375 7.360394205796217e-07
1.5855999755859376 4.450415823074927e-07
1.5865999755859375 4.797980770044802e-07
1.5875999755859376 3.835930417931921e-07
1.5885999755859375 4.7131760433268824e-07
1.5895999755859376 1.492264569977998e-07
1.5905999755859375 2.272796146216467e-07
1.5915999755859376 3.0367746475300286e-07
1.5925999755859375 4.129282466145935e-07
1.5935999755859376 8.43710984272625e-07
1.5945999755859375 7.354510260562162e-08
1.5955999755859376 4.906747829882178e-07
1.5965999755859375 5.303969603144766e-07
1.5975999755859376 7.966570988063211e-07
1.5985999755859375 3.4011016901705307e-07
1.5995999755859376 2.7711230394038843e-07
1.6005999755859375 3.942727082073922e-07
1.6015999755859376 3.077216342752625e-07
1.6025999755859375 3.6443945332952824e-07
1.6035999755859376 1.801689585264767e-07
1.6045999755859375 3.039775678165057e-07
1.6055999755859376 2.3095378204514137e-07
1.6065999755859375 3.1312764713418525e-07
1.6075999755859376 9.432035115274942e-07
1.6085999755859375 2.1363695088806621e-07
1.6095999755859376 7.540525801846531e-07
1.6105999755859375 3.927583415412121e-07
1.6115999755859376 6.108510803685278e-07
1.6125999755859375 2.9655984481406443e-07
1.6135999755859376 5.521120698930175e-07
1.6145999755859375 6.145465866987975e-07
1.6155999755859376 6.438699456303661e-07
1.6165999755859375 7.172997204251176e-07
1.6175999755859376 5.580377190776015e-07
1.6185999755859375 5.864892024741189e-07
1.6195999755859376 6.977847252585379e-07
1.6205999755859375 4.620689646805994e-07
1.6215999755859376 3.446158653937151e-07
1.6225999755859375 4.628288380630787e-07
1.6235999755859376 5.725251173730535e-07
1.6245999755859375 3.058027777606076e-07
1.6255999755859376 7.818597193030484e-07
1.6265999755859375 1.9325287537616557e-07
1.6275999755859376 6.308533778565356e-07
1.6285999755859375 5.528577619221156e-07
1.6295999755859376 3.5373115241650667e-07
1.6305999755859375 7.213724983001045e-07
1.6315999755859374 6.145950347120122e-07
1.6325999755859375 6.380425548786697e-07
1.6335999755859374 7.150734989507467e-07
1.6345999755859375 1.9138025466244393e-07
1.6355999755859374 8.821153950699757e-07
1.6365999755859375 9.766913624360103e-07
1.6375999755859374 1.1083437741313693e-06
1.6385999755859375 5.7920555311408e-07
1.6395999755859374 5.187350885457993e-07
1.6405999755859375 5.989162063503384e-07
1.6415999755859374 6.185936013701083e-07
1.6425999755859375 6.690203118144143e-07
1.6435999755859374 5.551382397391637e-07
1.6445999755859375 2.8956798750153315e-07
1.6455999755859374 8.328050904466435e-07
1.6465999755859375 4.3077278877776274e-07
1.6475999755859374 8.040568841628721e-07
1.6485999755859375 4.660355764519849e-07
1.6495999755859374 8.615439347156349e-07
1.6505999755859375 7.27145016640459e-07
1.6515999755859374 4.942535099294419e-07
1.6525999755859375 3.544039901757933e-07
1.6535999755859374 4.569366149882535e-07
1.6545999755859375 5.977599920160424e-07
1.6555999755859374 6.520817502647007e-07
1.6565999755859375 6.174441043003927e-07
1.6575999755859374 8.616865184056648e-07
1.6585999755859375 4.5118816595315307e-07
1.6595999755859374 8.312955627518265e-07
1.6605999755859375 1.607626503406696e-06
1.6615999755859374 4.598129133551102e-11
1.6625999755859375 6.013282912416024e-07
1.6635999755859374 5.182881177934274e-07
1.6645999755859375 6.115176976295088e-07
1.6655999755859374 7.48684793209909e-07
1.6665999755859375 6.522788996746317e-07
1.6675999755859374 7.637550139882118e-07
1.6685999755859375 4.798749619317375e-07
1.6695999755859374 5.698840665614796e-07
1.6705999755859375 6.093095311812618e-07
1.6715999755859374 5.133504795149575e-07
1.6725999755859375 3.62429372009828e-07
1.6735999755859374 1.6056568313836023e-06
1.6745999755859375 1.0707667920500547e-07
1.6755999755859374 6.565667100329768e-07
1.6765999755859375 5.155537915088208e-07
1.6775999755859374 7.587239280571866e-07
1.6785999755859375 9.771387961805966e-07
1.6795999755859374 4.0823383072280357e-07
1.6805999755859375 5.344419693811096e-07
1.6815999755859374 7.598492387288813e-07
1.6825999755859375 7.686347391988066e-07
1.6835999755859374 8.962201963176897e-07
1.6845999755859375 5.559129076647142e-07
1.6855999755859374 8.731239808458767e-07
1.6865999755859375 1.0249166107715028e-06
1.6875999755859374 8.424986848198233e-07
1.6885999755859376 4.845843608474312e-07
1.6895999755859374 7.87584393952256e-07
1.6905999755859376 8.797713433673252e-07
1.6915999755859374 5.775475504364924e-07
1.6925999755859376 1.0237610373911019e-06
1.6935999755859374 4.771717721842882e-07
1.6945999755859376 6.412844260530082e-07
1.6955999755859374 1.3162033954797975e-06
1.6965999755859376 1.070571275031814e-06
1.6975999755859374 2.8784584542480464e-07
1.6985999755859376 1.4064446943672368e-06
1.6995999755859375 4.932694202843413e-07
1.7005999755859376 5.122061420707425e-07
1.7015999755859375 9.155120901765877e-07
1.7025999755859376 1.107045602972157e-06
1.7035999755859375 9.046132300512538e-07
1.7045999755859376 1.3059713846900543e-06
1.7055999755859375 6.651415178607671e-07
1.7065999755859376 9.787832150253841e-07
1.7075999755859375 7.86218420584614e-07
1.7085999755859376 7.18955941627235e-07
1.7095999755859375 5.757874955644344e-07
1.7105999755859376 6.296339686561366e-07
1.7115999755859375 5.847529621827306e-07
1.7125999755859376 6.230916660715713e-07
1.7135999755859375 8.731959108100241e-07
1.7145999755859376 1.2324373577191019e-06
1.7155999755859375 6.107017927807325e-07
1.7165999755859376 9.038898157040117e-07
1.7175999755859375 1.112715582861578e-06
1.7185999755859376 8.431523912110474e-07
1.7195999755859375 6.863658084001952e-07
1.7205999755859376 7.7190364982118e-07
1.7215999755859375 3.6269930455798296e-07
1.7225999755859376 7.988989347352646e-07
1.7235999755859375 5.236941017279196e-07
1.7245999755859376 1.022328018307681e-06
1.7255999755859375 5.410136463176183e-07
1.7265999755859376 9.508496435500951e-07
1.7275999755859375 6.741486123984158e-07
1.7285999755859376 7.054323259313772e-07
1.7295999755859375 3.989006498595583e-07
1.7305999755859376 6.925361672759418e-07
1.7315999755859375 1.1417068277431538e-06
1.7325999755859376 7.337126819856275e-07
1.7335999755859375 4.678764363257162e-07
1.7345999755859376 4.525798610189313e-07
1.7355999755859375 9.567951312030468e-07
1.7365999755859376 3.083319669119769e-07
1.7375999755859375 6.975885992535265e-07
1.7385999755859376 1.1322396090500894e-06
1.7395999755859375 6.826740236456618e-07
1.7405999755859376 1.1740534166970627e-06
1.7415999755859375 3.437035797268536e-07
1.7425999755859376 9.055513497338853e-07
1.7435999755859375 9.344400677344889e-07
1.7445999755859376 4.757595256851837e-07
1.7455999755859375 2.4391365360611225e-07
1.7465999755859376 6.774401977009637e-07
1.7475999755859375 6.138312835519574e-07
1.7485999755859376 1.1329274228558998e-06
1.7495999755859375 1.5066066417115828e-07
1.7505999755859376 1.334573460821224e-06
1.7515999755859375 1.210402964787691e-06
1.7525999755859376 3.6656406683449824e-07
1.7535999755859375 3.488789106101666e-07
1.7545999755859376 7.570079659509237e-07
1.7555999755859375 9.419071508480498e-07
1.7565999755859374 8.024014106330102e-07
1.7575999755859375 1.237059740211151e-06
1.7585999755859374 1.0854939652840966e-06
1.7595999755859375 7.402047385199848e-07
1.7605999755859374 7.808634935958733e-07
1.7615999755859375 8.345909155992178e-07
1.7625999755859374 1.021100814172073e-06
1.7635999755859375 7.036584710823894e-07
1.7645999755859374 1.1504853409004405e-06
1.7655999755859375 7.278669964164071e-07
1.7665999755859374 1.1566122183114686e-06
1.7675999755859375 8.582707484577012e-07
1.7685999755859374 3.2147537984990816e-07
1.7695999755859375 9.622293935594401e-07
1.7705999755859374 3.8619454923841063e-07
1.7715999755859375 6.965913634218128e-07
1.7725999755859374 8.289069696810779e-07
1.7735999755859375 4.661888531979711e-07
1.7745999755859374 8.469416207570238e-07
1.7755999755859375 9.526541995182209e-07
1.7765999755859374 8.476290070445096e-07
1.7775999755859375 1.1378243646889677e-06
1.7785999755859374 7.109447725680208e-07
1.7795999755859375 7.040751522069264e-07
1.7805999755859374 1.0334270690708983e-06
1.7815999755859375 1.0774300284116463e-06
1.7825999755859374 6.606355645531096e-07
1.7835999755859375 9.771578102598276e-07
1.7845999755859374 9.32721990606333e-07
1.7855999755859375 2.9059191936454115e-07
1.7865999755859374 7.704742119431191e-07
1.7875999755859375 8.337621042330647e-07
1.7885999755859374 6.83620044794845e-07
1.7895999755859375 1.099083070351356e-06
1.7905999755859374 9.078117720139462e-07
1.7915999755859375 4.3735602228844507e-07
1.7925999755859374 1.2070871402188943e-06
1.7935999755859375 3.584764859259953e-07
1.7945999755859374 5.146392901034256e-07
1.7955999755859375 1.0548269832839822e-06
1.7965999755859374 1.4226708537654203e-06
1.7975999755859375 4.327396762866787e-07
1.7985999755859374 1.247579177296734e-06
1.7995999755859375 9.854065110403983e-07
1.8005999755859374 9.405094504383618e-07
1.8015999755859375 1.1517469888465577e-06
1.8025999755859374 2.596099116893533e-08
1.8035999755859375 1.0819690548732916e-06
1.8045999755859374 1.1336027271010344e-06
1.8055999755859375 8.115252927006826e-07
1.8065999755859374 9.082237631846607e-07
1.8075999755859375 9.378492757636632e-07
1.8085999755859374 1.2198732063808232e-06
1.8095999755859375 1.9503805160079897e-06
1.8105999755859374 1.628560366907707e-07
1.8115999755859375 7.191673916527057e-07
1.8125999755859374 1.4406510955008772e-06
1.8135999755859376 8.197526703475332e-07
1.8145999755859374 1.1394469326538123e-06
1.8155999755859376 1.15200796530456e-06
1.8165999755859374 9.911047190504967e-07
1.8175999755859376 9.976995882237708e-07
1.8185999755859374 9.215736853215394e-07
1.8195999755859376 1.6113189118040041e-06
1.8205999755859374 1.3090681247928418e-06
1.8215999755859376 1.4787426860177923e-06
1.8225999755859374 6.829293215055845e-07
1.8235999755859376 9.212162457566669e-07
1.8245999755859375 8.404668286192773e-07
1.8255999755859376 1.5641455464350766e-06
1.8265999755859375 1.1590056119308062e-06
1.8275999755859376 1.1554929305851627e-06
1.8285999755859375 1.0108662759504481e-06
1.8295999755859376 8.58075913897572e-07
1.8305999755859375 9.58936508044807e-07
1.8315999755859376 1.1772925129316745e-06
1.8325999755859375 8.544171269138364e-07
1.8335999755859376 7.082359624689629e-07
1.8345999755859375 9.80165249576256e-07
1.8355999755859376 9.266669090833707e-07
1.8365999755859375 1.134402831615139e-06
1.8375999755859376 7.142941051810263e-07
1.8385999755859375 1.0321011884512586e-06
1.8395999755859376 1.2690822243633038e-06
1.8405999755859375 8.650965527027592e-07
1.8415999755859376 9.645830908571926e-07
1.8425999755859375 1.4149704512287161e-06
1.8435999755859376 1.3040066101467586e-06
1.8445999755859375 1.3289874095072421e-06
1.8455999755859376 9.958163982599216e-07
1.8465999755859375 9.380749017362298e-07
1.8475999755859376 1.712028988029626e-06
1.8485999755859375 1.266404441481604e-06
1.8495999755859376 1.3012661824269477e-06
1.8505999755859375 1.930158536322192e-06
1.8515999755859376 8.944301417389942e-07
1.8525999755859375 1.8574959546993527e-06
1.8535999755859376 1.3583835343238802e-06
1.8545999755859375 2.024570917613378e-06
1.8555999755859376 1.3597405172092332e-06
1.8565999755859375 1.7851588192410282e-06
1.8575999755859376 1.2457331486945754e-06
1.8585999755859375 1.9118050572514634e-06
1.8595999755859376 1.5287568581058347e-06
1.8605999755859375 1.202468019227108e-06
1.8615999755859376 7.289061109875589e-07
1.8625999755859375 1.7940730765016094e-06
1.8635999755859376 2.005194231939686e-06
1.8645999755859375 8.137849112259704e-07
1.8655999755859376 1.951759369401565e-06
1.8665999755859375 1.5498752308461488e-06
1.8675999755859376 2.084393452730373e-06
1.8685999755859375 2.6551631329682075e-06
1.8695999755859376 2.191215014743237e-06
1.8705999755859375 1.9016857803844814e-06
1.8715999755859376 1.402264897628048e-06
1.8725999755859375 1.765504218861669e-06
1.8735999755859376 1.948690674036749e-06
1.8745999755859375 1.5825175651851292e-06
1.8755999755859376 1.4281682901543755e-06
1.8765999755859375 2.8223833970584746e-06
1.8775999755859376 2.6830588614219346e-06
1.8785999755859375 2.4750376326019183e-06
1.8795999755859376 1.0978249280515546e-06
1.8805999755859375 2.828107282416181e-06
1.8815999755859374 2.7321071142050716e-06
1.8825999755859375 3.485803319029404e-06
1.8835999755859374 2.1186847840897385e-06
1.8845999755859375 2.499674118261778e-06
1.8855999755859374 2.5746753064718953e-06
1.8865999755859375 3.6087062590117985e-06
1.8875999755859374 2.9455694333697585e-06
1.8885999755859375 3.21644641443644e-06
1.8895999755859374 2.585368462841619e-06
1.8905999755859375 3.0565849366005587e-06
1.8915999755859374 4.673064631608991e-06
1.8925999755859375 2.754940279977376e-06
1.8935999755859374 3.7074773765476125e-06
1.8945999755859375 3.7061039907419363e-06
1.8955999755859374 5.228105130985087e-06
1.8965999755859375 4.039693822865589e-06
1.8975999755859374 5.583129554652107e-06
1.8985999755859375 6.017458035983881e-06
1.8995999755859374 4.81573370527165e-06
1.9005999755859375 6.615302554879223e-06
1.9015999755859374 6.933401708261728e-06
1.9025999755859375 7.402981798475511e-06
1.9035999755859374 9.018141230723662e-06
1.9045999755859375 8.303012612628181e-06
1.9055999755859374 9.344342455533051e-06
1.9065999755859375 9.039298273761919e-06
1.9075999755859374 1.0668256468761852e-05
1.9085999755859375 1.1978877316970859e-05
1.9095999755859374 1.2697281006413909e-05
1.9105999755859375 1.4789992132276182e-05
1.9115999755859374 1.4904292171296188e-05
1.9125999755859375 1.4752824566228138e-05
1.9135999755859374 1.853521613628842e-05
1.9145999755859375 1.949875077164318e-05
1.9155999755859374 2.1190898345534e-05
1.9165999755859375 2.4764621321700058e-05
1.9175999755859374 2.7486873542226703e-05
1.9185999755859375 3.063795799823869e-05
1.9195999755859374 3.3859615493193266e-05
1.9205999755859375 3.669960994435524e-05
1.9215999755859374 3.94678228955905e-05
1.9225999755859375 4.591442558368769e-05
1.9235999755859374 4.9642943448184014e-05
1.9245999755859375 5.609970630849644e-05
1.9255999755859374 6.27092260615417e-05
1.9265999755859375 7.035237025001465e-05
1.9275999755859374 7.676218730159925e-05
1.9285999755859375 8.53704514973154e-05
1.9295999755859374 0.00010236558566794685
1.9305999755859375 0.00010954156708841773
1.9315999755859374 0.00012180186054713168
1.9325999755859375 0.00013632386016894892
1.9335999755859374 0.00015505546753767364
1.9345999755859375 0.0001799808804610949
1.9355999755859374 0.00019711900731532586
1.9365999755859375 0.00022133017990717176
1.9375999755859374 0.0002503148463131048
1.9385999755859376 0.0002812463694866922
1.9395999755859374 0.00031555097169928093
1.9405999755859376 0.000359660307858556
1.9415999755859374 0.0004186600087413808
1.9425999755859376 0.0004588027899263087
1.9435999755859374 0.0005294522247800431
1.9445999755859376 0.0005956878341774584
1.9455999755859374 0.0006788415582295016
1.9465999755859376 0.0007588976574903207
1.9475999755859374 0.0009000494882592788
1.9485999755859376 0.0010077812280866539
1.9495999755859375 0.0011188666614569528
1.9505999755859376 0.0012871536146340289
1.9515999755859375 0.001474931632187058
1.9525999755859376 0.0016824835068191936
1.9535999755859375 0.0019230981236169377
1.9545999755859376 0.0021823207691437814
1.9555999755859375 0.0025587468371984943
1.9565999755859376 0.002900956408766242
1.9575999755859375 0.003305121441921888
1.9585999755859376 0.0038897053488815727
1.9595999755859375 0.0043824792617693595
1.9605999755859376 0.005152092590292778
1.9615999755859375 0.005854053371266896
1.9625999755859376 0.006648393145639756
1.9635999755859375 0.007907245600352742
1.9645999755859376 0.009084586671615118
1.9655999755859375 0.010587315847961885
1.9665999755859376 0.01223297400895212
1.9675999755859375 0.01431439234754591
1.9685999755859376 0.015973397470540204
1.9695999755859375 0.018693721344764856
1.9705999755859376 0.023029891868676416
1.9715999755859375 0.02601650295027121
1.9725999755859376 0.029544654676846537
1.9735999755859375 0.03301553119048861
1.9745999755859376 0.038095608052240645
1.9755999755859375 0.041366009579449275
1.9765999755859376 0.04612395887355672
1.9775999755859375 0.05227149102634646
1.9785999755859376 0.057295426530544084
1.9795999755859375 0.06607352805166043
1.9805999755859376 0.07269528387395496
1.9815999755859375 0.08150800314535617
1.9825999755859376 0.09024529646300615
1.9835999755859375 0.10121094250027472
1.9845999755859376 0.11389157008753419
1.9855999755859375 0.12546292086566743
1.9865999755859376 0.14701113416933972
1.9875999755859375 0.1669945333319787
1.9885999755859376 0.18884035380256858
1.9895999755859375 0.21976361910584388
1.9905999755859376 0.2377443097290686
1.9915999755859375 0.26839150382302507
1.9925999755859376 0.29291543904639794
1.9935999755859375 0.31860211429044943
1.9945999755859376 0.3425576605187863
1.9955999755859375 0.3666683145094664
1.9965999755859376 0.3859504204239149
1.9975999755859375 0.40016602503317633
1.9985999755859376 0.4082121015485119
1.9995999755859375 0.4257362559344596
2.0005999755859376 0.43732441821431806
2.0015999755859375 0.4502906598993064
2.0025999755859374 0.4537101229066012
2.0035999755859377 0.4525809269599838
2.0045999755859376 0.4555565811323209
2.0055999755859375 0.47438835715617167
2.0065999755859374 0.46985891389682505
2.0075999755859373 0.467490770384308
2.0085999755859376 0.47042253840194215
2.0095999755859375 0.4749028948624165
2.0105999755859374 0.46712452447972824
2.0115999755859373 0.47271351826434416
2.0125999755859376 0.4698435667104137
2.0135999755859375 0.4788608491478715
2.0145999755859374 0.4748654032374013
2.0155999755859373 0.468611929033289
2.0165999755859376 0.47762040057195937
2.0175999755859375 0.46888861487427463
2.0185999755859374 0.46873893099365505
2.0195999755859373 0.47078985167242926
2.0205999755859376 0.4706173554804338
2.0215999755859375 0.4706843331670738
2.0225999755859374 0.4686576177096621
2.0235999755859373 0.472463966931289
2.0245999755859376 0.46866636195578193
2.0255999755859375 0.4755155561955532
2.0265999755859374 0.46937651043770046
2.0275999755859373 0.474349643240383
2.0285999755859376 0.4689803377056897
2.0295999755859375 0.47341690406005293
2.0305999755859374 0.4706681878694187
2.0315999755859373 0.4649156101218081
2.0325999755859376 0.474340668613462
2.0335999755859375 0.4731620733465086
2.0345999755859374 0.46933097455464623
2.0355999755859373 0.4642297794772862
2.0365999755859376 0.479748236034412
2.0375999755859375 0.46858157982842596
2.0385999755859374 0.47498711758774503
2.0395999755859373 0.47098427002292886
2.0405999755859376 0.46163908862387565
2.0415999755859375 0.4688663211178619
2.0425999755859374 0.46609536559071724
2.0435999755859373 0.46681605378640145
2.0445999755859376 0.46700237735849476
2.0455999755859375 0.46781989487111997
2.0465999755859374 0.46490111208638196
2.0475999755859373 0.4694732460829187
2.04860009765625 0.4551362562565372
2.04960009765625 0.45403049881126556
2.05060009765625 0.47613949215809076
2.05160009765625 0.46188630463929314
2.05260009765625 0.466910360237161
2.05360009765625 0.4649407555657212
2.05460009765625 0.4629597026830313
2.05560009765625 0.4661874607440662
2.05660009765625 0.4612705171331515
2.05760009765625 0.4664505793566453
2.05860009765625 0.4658276978758016
2.05960009765625 0.4607607762432445
2.06060009765625 0.4750000830155639
2.06160009765625 0.47046206109885824
2.06260009765625 0.47646404487569766
2.06360009765625 0.4614755515372621
2.06460009765625 0.4654990343498137
2.06560009765625 0.4762542141942347
2.06660009765625 0.4668195946623118
2.06760009765625 0.47095288114408274
2.06860009765625 0.4828718328801133
2.06960009765625 0.48178204689960613
2.07060009765625 0.47464873773586025
2.07160009765625 0.4765905249778176
2.07260009765625 0.4778406342118033
2.07360009765625 0.47473650133236694
2.07460009765625 0.4742679110899618
2.07560009765625 0.482288162847998
2.07660009765625 0.4785679223138441
2.07760009765625 0.48009282283440485
2.07860009765625 0.4788428204699364
2.07960009765625 0.4795594047862867
2.08060009765625 0.4725161790872264
2.08160009765625 0.4824095366544545
2.08260009765625 0.4819407400983563
2.08360009765625 0.481410679170904
2.08460009765625 0.47865685794514123
2.08560009765625 0.4782766511594555
2.08660009765625 0.4812466837905199
2.08760009765625 0.47521417373741265
2.08860009765625 0.4876018614701815
2.08960009765625 0.4804379037327724
2.09060009765625 0.47952075040381364
2.09160009765625 0.47490669975478345
2.09260009765625 0.4813193379814904
2.09360009765625 0.47221130724082166
2.09460009765625 0.49172290737114693
2.09560009765625 0.4740286329482449
2.09660009765625 0.4809141296715372
2.09760009765625 0.471743772846918
2.09860009765625 0.47692095837895854
2.09960009765625 0.4801930987355844
2.10060009765625 0.4825633924648929
2.10160009765625 0.467719879638728
2.10260009765625 0.47935873703632437
2.10360009765625 0.47849406980822723
2.10460009765625 0.4734036595092444
2.10560009765625 0.46764800735919143
2.10660009765625 0.4759947100474237
2.10760009765625 0.4596784784016153
2.10860009765625 0.49639587907895916
2.10960009765625 0.47405841131749443
2.11060009765625 0.46763497071509735
2.11160009765625 0.47178223488582416
2.11260009765625 0.4756298173691617
2.11360009765625 0.4710147474615921
2.11460009765625 0.4709070481382535
2.11560009765625 0.4744015947776433
2.11660009765625 0.4695274568549227
2.11760009765625 0.4700258044376108
2.11860009765625 0.47447639998966706
2.11960009765625 0.4744309386790578
2.12060009765625 0.47329899854039503
2.12160009765625 0.4752868285450649
2.12260009765625 0.4682114679189311
2.12360009765625 0.46908716625143365
2.12460009765625 0.4672332112628916
2.12560009765625 0.47726563179176523
2.12660009765625 0.4753453370101258
2.12760009765625 0.4687830226170339
2.12860009765625 0.4836551646634917
2.12960009765625 0.47069379152894525
2.13060009765625 0.4749287245990637
2.13160009765625 0.4752968220672562
2.13260009765625 0.46953643906341674
2.13360009765625 0.4795969904474272
2.13460009765625 0.47167163241147797
2.13560009765625 0.478348861377775
2.13660009765625 0.47063348696075347
2.13760009765625 0.47809838144066913
2.13860009765625 0.47128651825505286
2.13960009765625 0.4756961246130222
2.14060009765625 0.47328224443094036
2.14160009765625 0.47268879958029203
2.14260009765625 0.4711882020743086
2.14360009765625 0.47276030195350405
2.14460009765625 0.4668155599023762
2.14560009765625 0.4761187996311868
2.14660009765625 0.47332991189784007
2.14760009765625 0.471505231391585
2.14860009765625 0.4691225245072602
2.14960009765625 0.47181618789550306
2.15060009765625 0.46782381619352315
2.15160009765625 0.46696530385807
2.15260009765625 0.4695715913786658
2.15360009765625 0.4695095319330746
2.15460009765625 0.4677905125214042
2.15560009765625 0.46812323811830636
2.15660009765625 0.4738079667695622
2.15760009765625 0.458272336616029
2.15860009765625 0.4673517321168452
2.15960009765625 0.46251576782904336
2.16060009765625 0.4658494307565163
2.16160009765625 0.4666028172707712
2.16260009765625 0.46737968409070435
2.16360009765625 0.46335449296890396
2.16460009765625 0.4502896426874455
2.16560009765625 0.46628747187014247
2.16660009765625 0.4550980584988836
2.16760009765625 0.47031200586098537
2.16860009765625 0.4532371889787304
2.16960009765625 0.46242369926525173
2.17060009765625 0.45508185022689635
2.17160009765625 0.45330110341193797
2.17260009765625 0.46367789569405543
2.17360009765625 0.4465722812054982
2.17460009765625 0.450443497323205
2.17560009765625 0.46373063350954824
2.17660009765625 0.4546309415503264
2.17760009765625 0.45822862303696826
2.17860009765625 0.4473637366221802
2.17960009765625 0.45533233077077956
2.18060009765625 0.45252667484687015
2.18160009765625 0.45367970004251007
2.18260009765625 0.45348059851803413
2.18360009765625 0.45656147869428376
2.18460009765625 0.441167231601089
2.18560009765625 0.4529556921173719
2.18660009765625 0.4411292037308845
2.18760009765625 0.4407750078633322
2.18860009765625 0.44042243066487724
2.18960009765625 0.4370130954800471
2.19060009765625 0.42745205394453123
2.19160009765625 0.41759017242319
2.19260009765625 0.41100167834972917
2.19360009765625 0.39472781887484787
2.19460009765625 0.3815569585841634
2.19560009765625 0.3627686962655852
2.19660009765625 0.3454238720024192
2.19760009765625 0.3250105311834042
2.19860009765625 0.3018633667023014
2.19960009765625 0.2817144007769706
2.20060009765625 0.25660533533442614
2.20160009765625 0.24622759092798502
2.20260009765625 0.22585214630901984
2.20360009765625 0.20894626212404907
2.20460009765625 0.1954145810322094
2.20560009765625 0.18138913000353402
2.20660009765625 0.17079498493307493
2.20760009765625 0.1566955449786526
2.20860009765625 0.1439885130412356
2.20960009765625 0.1306753514536472
2.21060009765625 0.11965086316502815
2.21160009765625 0.10705667959549783
2.21260009765625 0.09504399375158677
2.21360009765625 0.08686729527871768
2.21460009765625 0.07773989085392406
2.21560009765625 0.06883698651719564
2.21660009765625 0.06011729590097048
2.21760009765625 0.05162945388371848
2.21860009765625 0.04613663536111284
2.21960009765625 0.03946523116629844
2.22060009765625 0.03516604222762465
2.22160009765625 0.030023176567924477
2.22260009765625 0.025708906445916266
2.22360009765625 0.022287854210509054
2.22460009765625 0.019457763913976737
2.22560009765625 0.016708746918847394
2.22660009765625 0.014509925941815103
2.22760009765625 0.01237372032259945
2.22860009765625 0.011115721229646103
2.22960009765625 0.00948949202327113
2.23060009765625 0.008278628694637434
2.23160009765625 0.007205485240740054
2.23260009765625 0.006236908656142671
2.23360009765625 0.005457679880974161
2.23460009765625 0.004776707243992173
2.23560009765625 0.004133517297855664
2.23660009765625 0.0036172940433744733
2.23760009765625 0.003193500514863655
2.23860009765625 0.00279166447123444
2.23960009765625 0.0024388929839889903
2.24060009765625 0.0021671602259928577
2.24160009765625 0.0018477721833436453
2.24260009765625 0.0016846476913572744
2.24360009765625 0.0014643524725627148
2.24460009765625 0.001309027245031091
2.24560009765625 0.0011390807942173247
2.24660009765625 0.0010064604777844546
2.24760009765625 0.0008896746562802845
2.24860009765625 0.0007846066849229887
2.24960009765625 0.0007022332996412922
2.25060009765625 0.0006201077948850718
2.25160009765625 0.0005457307196485216
2.25260009765625 0.0004942014786149344
2.25360009765625 0.0004348341134636995
2.25460009765625 0.0003898381746282639
2.25560009765625 0.00033810077076856
2.25660009765625 0.00030499478904567683
2.25760009765625 0.00028091754746456787
2.25860009765625 0.000252560588158683
2.25960009765625 0.00022132267959830946
2.26060009765625 0.00019461988984877606
2.26160009765625 0.00017665481445507792
2.26260009765625 0.00015695262602807768
2.26360009765625 0.00014371754769814247
2.26460009765625 0.00013066189843232806
2.26560009765625 0.0001254327276951804
2.26660009765625 9.455284342827279e-05
2.26760009765625 8.974897891981563e-05
2.26860009765625 8.964703949155668e-05
2.26960009765625 7.8703132478639e-05
2.27060009765625 7.215547716558611e-05
2.27160009765625 7.146005968560502e-05
2.27260009765625 6.067764040587781e-05
2.27360009765625 5.23222356072663e-05
2.27460009765625 5.065287463143573e-05
2.27560009765625 4.791477262278934e-05
2.27660009765625 4.515016360620714e-05
2.27760009765625 4.1604190514086315e-05
2.27860009765625 3.9214617625480254e-05
2.27960009765625 3.517710420522142e-05
2.28060009765625 3.5972791191491867e-05
2.28160009765625 3.0337943696107953e-05
2.28260009765625 2.9655541684424658e-05
2.28360009765625 2.6775817968650543e-05
2.28460009765625 2.3795493526708885e-05
2.28560009765625 2.261479652321463e-05
2.28660009765625 2.2967128518338508e-05
2.28760009765625 2.1368487807493115e-05
2.28860009765625 2.1434627374796447e-05
2.28960009765625 1.82185525583884e-05
2.29060009765625 1.7720077362555967e-05
2.29160009765625 1.8022904278322467e-05
2.29260009765625 1.8406738323875612e-05
2.29360009765625 1.6309794525129203e-05
2.29460009765625 1.5584336980551724e-05
2.29560009765625 1.3545127535896803e-05
2.29660009765625 1.4410173486175168e-05
2.29760009765625 1.2981530818597724e-05
2.29860009765625 1.2849467311549956e-05
2.29960009765625 1.3592472952042148e-05
2.30060009765625 1.0286451097745127e-05
2.30160009765625 1.1575250383814793e-05
2.30260009765625 1.0960076080285413e-05
2.30360009765625 1.2649871154924115e-05
2.30460009765625 9.444392550231485e-06
2.30560009765625 9.500182910380907e-06
2.30660009765625 8.500248784434385e-06
2.30760009765625 6.730277596400321e-06
2.30860009765625 9.143501410745503e-06
2.30960009765625 7.767293444145455e-06
2.31060009765625 7.302375388694181e-06
2.31160009765625 5.953337860593216e-06
2.31260009765625 7.81486554499848e-06
2.31360009765625 7.0892514487996805e-06
2.31460009765625 6.504925803424287e-06
2.31560009765625 6.348496859042201e-06
2.31660009765625 6.010058973537457e-06
2.31760009765625 4.543438125165005e-06
2.31860009765625 4.528500461529834e-06
2.31960009765625 4.804073840696082e-06
2.32060009765625 4.669066578076516e-06
2.32160009765625 3.575192775452567e-06
2.32260009765625 5.111539432272599e-06
2.32360009765625 3.7557901238214656e-06
2.32460009765625 3.1241034703790176e-06
2.32560009765625 3.2278155854709214e-06
2.32660009765625 2.640975716703594e-06
2.32760009765625 2.389995911496587e-06
2.32860009765625 2.4091040930247794e-06
2.32960009765625 2.439030773135753e-06
2.33060009765625 1.8006728320543557e-06
2.33160009765625 2.5386529419857784e-06
2.33260009765625 1.9444713983515657e-06
2.33360009765625 1.9624524154415067e-06
2.33460009765625 1.338422265690581e-06
2.33560009765625 1.5958159006332108e-06
2.33660009765625 8.469364680254123e-07
2.33760009765625 1.4655051960609239e-06
2.33860009765625 1.3813983020561634e-06
2.33960009765625 1.2231174526080923e-06
2.34060009765625 1.249688736245987e-06
2.34160009765625 1.003466906680289e-06
2.34260009765625 8.022190142002154e-07
2.34360009765625 1.0355772191078202e-06
2.34460009765625 1.1812221897467141e-06
2.34560009765625 9.028854709938729e-07
2.34660009765625 9.235949261725712e-07
2.34760009765625 8.684161190970502e-07
2.34860009765625 8.558360762392099e-07
2.34960009765625 5.658951142382622e-07
2.35060009765625 1.1786702892093325e-06
2.35160009765625 8.733589777802918e-07
2.35260009765625 6.144098189129134e-07
2.35360009765625 7.526205552238158e-07
2.35460009765625 6.938064911132337e-07
2.35560009765625 8.051800748718176e-07
2.35660009765625 7.102379679867857e-07
2.35760009765625 4.446873360427715e-07
2.35860009765625 4.1073612027648886e-07
2.35960009765625 5.122874744056324e-07
2.36060009765625 5.283427906105044e-07
2.36160009765625 4.510349647937365e-07
2.36260009765625 5.69966992533434e-07
2.36360009765625 5.372062226586012e-07
2.36460009765625 3.8458096722541493e-07
2.36560009765625 2.7919691246302504e-07
2.36660009765625 3.139840964549915e-07
2.36760009765625 5.397376929125467e-07
2.36860009765625 8.382796831943087e-08
2.36960009765625 1.8694001699279502e-07
2.37060009765625 2.3042272418411958e-07
2.37160009765625 1.5724227915002926e-07
2.37260009765625 2.858500162281197e-07
2.37360009765625 7.13803473837231e-08
2.37460009765625 1.0567195862221847e-07
2.37560009765625 1.359917237831017e-07
2.37660009765625 6.26613850628413e-08
2.37760009765625 8.103827618685867e-08
2.37860009765625 1.1850862723654613e-07
2.37960009765625 1.0778738476990263e-07
2.38060009765625 1.1041638845969683e-07
2.38160009765625 8.800647458418015e-08
2.38260009765625 7.090331164076649e-08
2.38360009765625 5.2792991105046083e-08
2.38460009765625 3.1812980857629556e-08
2.38560009765625 6.482495163224893e-08
2.38660009765625 2.9111015579734522e-08
2.38760009765625 5.272403596939962e-08
2.38860009765625 4.6545082607985404e-08
2.38960009765625 5.029208044803876e-08
2.39060009765625 4.113871378416909e-08
2.39160009765625 2.1977546718126448e-08
2.39260009765625 3.04096731930198e-08
2.39360009765625 1.3690070494559709e-08
2.39460009765625 1.5734834715162585e-08
2.39560009765625 2.2772386464384696e-08
2.39660009765625 1.7601538657221367e-08
2.39760009765625 8.357720644895168e-09
2.39860009765625 2.0027365182541038e-08
2.39960009765625 3.0077449261816975e-09
2.40060009765625 1.1878630206680858e-08
2.40160009765625 7.836091671703572e-09
2.40260009765625 6.615301312952973e-09
2.40360009765625 4.695181987087026e-09
2.40460009765625 4.575400912324604e-09
2.40560009765625 1.9594075674280913e-09
2.40660009765625 6.818226396149543e-09
2.40760009765625 9.531786947888618e-10
2.40860009765625 4.429724583312712e-09
2.40960009765625 4.986135547021195e-09
2.41060009765625 1.550216453730446e-09
2.41160009765625 3.4084901349550646e-09
2.41260009765625 1.6144805217525898e-09
2.41360009765625 2.8975102996439632e-09
2.41460009765625 1.1071026030020072e-09
2.41560009765625 2.1328318825526157e-09
2.41660009765625 4.057284010431827e-10
2.41760009765625 2.502217731877981e-09
2.41860009765625 2.415220202397516e-09
2.41960009765625 2.032604662698782e-14
2.42060009765625 1.3228012388853722e-09
2.42160009765625 8.858434153781383e-10
2.42260009765625 1.2923416686087807e-09
2.42360009765625 6.529489552536645e-11
2.42460009765625 6.776461312930724e-10
2.42560009765625 4.202016969783103e-10
2.42660009765625 2.637231169079884e-10
2.42760009765625 1.7849447640168e-10
2.42860009765625 1.487702106681419e-10
2.42960009765625 2.8517104340976343e-10
2.43060009765625 4.381460190913227e-10
2.43160009765625 2.69531257542515e-10
2.43260009765625 6.347829884299686e-11
2.43360009765625 1.8575495173394136e-10
2.43460009765625 2.2159970413914416e-10
2.43560009765625 7.633135461255877e-11
2.43660009765625 5.746001013302996e-11
2.43760009765625 4.095264949021197e-11
2.43860009765625 8.599501906060082e-11
2.43960009765625 6.792005721327272e-11
2.44060009765625 8.185391917824579e-11
2.44160009765625 9.558150729879974e-11
2.44260009765625 3.141579700680636e-11
2.44360009765625 1.85607856890324e-11
2.44460009765625 2.4619380100484762e-11
2.44560009765625 1.58170004204838e-11
2.44660009765625 1.502449976900914e-11
2.44760009765625 1.6066922338498908e-11
2.44860009765625 3.0712422864098225e-11
2.44960009765625 8.975737421885812e-12
2.45060009765625 9.84567366388697e-12
2.45160009765625 3.7073449585723045e-11
2.45260009765625 1.0165889046892718e-11
2.45360009765625 1.5674779360908603e-11
2.45460009765625 1.9706167660899874e-11
2.45560009765625 1.3981325296932012e-11
2.45660009765625 1.7939775747713915e-11
2.45760009765625 4.675270111365294e-12
2.45860009765625 1.9156059792815008e-11
2.45960009765625 1.2452501959792196e-11
2.46060009765625 1.8954778140939943e-11
2.46160009765625 4.120538775274205e-12
2.46260009765625 4.5294644204933864e-12
2.46360009765625 1.022769656804489e-11
2.46460009765625 5.437182636937799e-12
2.46560009765625 4.7552731331110455e-12
2.46660009765625 8.805649237866279e-12
2.46760009765625 8.837886614328613e-12
2.46860009765625 1.2188120839596631e-11
2.46960009765625 3.6832810574092694e-12
2.47060009765625 3.983954122601881e-12
2.47160009765625 6.067942595383067e-12
2.47260009765625 3.3539393434365526e-12
2.47360009765625 7.302205995145928e-12
2.47460009765625 2.5208386081427167e-12
2.47560009765625 7.23740902473387e-12
2.47660009765625 1.045522443678903e-11
2.47760009765625 3.713762667743612e-17
2.47860009765625 3.5968779823733534e-12
2.47960009765625 4.968171145243596e-12
2.48060009765625 5.2600728594507476e-14
2.48160009765625 3.6282641591968684e-12
2.48260009765625 3.1576123660402963e-12
2.48360009765625 2.4702292580858178e-12
2.48460009765625 2.2929102224647507e-12
2.48560009765625 1.1092699888077243e-12
2.48660009765625 1.0836924246971026e-12
2.48760009765625 2.3576682140876813e-12
2.48860009765625 2.0002243193346224e-12
2.48960009765625 2.177908689555165e-12
2.49060009765625 9.851380096961919e-18
2.49160009765625 1.4038814309308275e-12
2.49260009765625 5.597624426160961e-13
2.49360009765625 5.052905874979618e-13
2.49460009765625 4.95784438389733e-13
2.49560009765625 8.685574911600747e-13
2.49660009765625 8.785919788526999e-13
2.49760009765625 5.774756882931995e-13
2.49860009765625 1.3495113235165712e-13
2.49960009765625 6.087606235059383e-13
2.50060009765625 3.9323237127028714e-13
2.50160009765625 1.1850386130701768e-13
2.50260009765625 4.623564784802078e-13
2.50360009765625 2.1925741661811887e-13
2.50460009765625 1.6872159693132485e-13
2.50560009765625 1.4782024041930888e-13
2.50660009765625 1.6442801434666964e-14
2.50760009765625 2.7132048873457724e-13
2.50860009765625 4.540870337493236e-14
2.50960009765625 1.388382317535524e-13
2.51060009765625 1.781135245691444e-13
2.51160009765625 6.807759863413715e-14
2.51260009765625 5.051929719775277e-14
2.51360009765625 6.116871813904683e-14
2.51460009765625 1.818483901274636e-13
2.51560009765625 1.0640987574005673e-13
2.51660009765625 1.2289310542445423e-13
2.51760009765625 1.4970891221866916e-13
2.51860009765625 4.071079872873714e-14
2.51960009765625 6.66495773087614e-14
2.52060009765625 5.2970387914400356e-14
2.52160009765625 5.84484869629157e-14
2.52260009765625 2.6847712774667716e-14
2.52360009765625 7.188670082237375e-14
2.52460009765625 2.4090292502483637e-19
2.52560009765625 3.9005370180153727e-14
2.52660009765625 7.817660755265413e-15
2.52760009765625 4.09318725530468e-14
2.52860009765625 3.830024791771034e-14
2.52960009765625 3.0299568421997086e-14
2.53060009765625 2.6130491904545083e-14
2.53160009765625 9.841214425980561e-15
2.53260009765625 2.0065339636417965e-14
2.53360009765625 1.2967606947560488e-14
2.53460009765625 2.1627877824286416e-14
2.53560009765625 1.9161992562673924e-14
2.53660009765625 7.178037776400701e-15
2.53760009765625 4.5594190035250924e-15
2.53860009765625 1.773855107142879e-14
2.53960009765625 6.2358253845178374e-15
2.54060009765625 4.2216389066111394e-15
2.54160009765625 1.1369412788108444e-14
2.54260009765625 7.192568734468353e-15
2.54360009765625 4.679123165117348e-16
2.54460009765625 5.099959959771977e-15
2.54560009765625 2.384931270595628e-15
2.54660009765625 4.326841487834301e-15
2.54760009765625 6.103397791348461e-15
2.54860009765625 4.8873151502669245e-15
2.54960009765625 7.684981196888936e-15
2.55060009765625 3.4436012112126914e-15
2.55160009765625 4.2870062377158617e-16
2.55260009765625 3.243084241995619e-15
2.55360009765625 2.809680943970724e-15
2.55460009765625 3.367830113813571e-15
2.55560009765625 1.2643222003881604e-15
2.55660009765625 3.318185873283621e-15
2.55760009765625 2.8991512359777718e-15
2.55860009765625 1.290774376802769e-15
2.55960009765625 2.617658751451367e-15
2.56060009765625 1.2413360666345495e-15
2.56160009765625 3.722410710144296e-15
2.56260009765625 1.923532116114254e-15
2.56360009765625 3.519329502063571e-16
2.56460009765625 1.5137149994334432e-15
2.56560009765625 1.47405464323528e-15
2.56660009765625 5.235350531334702e-16
2.56760009765625 1.1749167407321562e-15
2.56860009765625 8.582439834423896e-16
2.56960009765625 7.837823801119983e-16
2.57060009765625 7.128403627048508e-16
2.57160009765625 5.295116473342521e-16
2.57260009765625 4.3166749779128475e-16
2.57360009765625 4.778883710315263e-16
2.57460009765625 1.5077566557052923e-16
2.57560009765625 3.378400737038452e-16
2.57660009765625 2.3772933683050917e-16
2.57760009765625 4.1838138466093196e-16
2.57860009765625 1.057448134451777e-16
2.57960009765625 3.327492988061868e-16
2.58060009765625 2.649054650619139e-16
2.58160009765625 3.7988655557707734e-17
2.58260009765625 2.0806768029872998e-16
2.58360009765625 1.1726453313950348e-16
2.58460009765625 1.657060696996476e-16
2.58560009765625 7.175069201840438e-17
2.58660009765625 1.1703384768308887e-16
2.58760009765625 7.19754706408908e-17
2.58860009765625 1.7865211643358905e-16
2.58960009765625 5.4959147553837134e-17
2.59060009765625 4.471510395236521e-17
2.59160009765625 7.385850238378603e-17
2.59260009765625 3.5473334068830674e-17
2.59360009765625 1.8917793578726767e-17
2.59460009765625 1.4027221657227938e-17
2.59560009765625 3.193002616792611e-17
2.59660009765625 3.1805639068744656e-17
2.59760009765625 2.275622265005316e-17
2.59860009765625 1.5074569086249977e-17
2.59960009765625 1.90472789946016e-17
2.60060009765625 7.237035488297761e-18
