Wavelength_microns Throughput
0.5502999877929687 6.964590335817517e-13
0.5512999877929687 3.2641673562922045e-10
0.5522999877929687 8.767869800580153e-13
0.5532999877929687 9.676898356492973e-13
0.5542999877929687 1.1710936396183836e-09
0.5552999877929687 1.2488794540334313e-09
0.5562999877929687 1.1607097152616758e-12
0.5572999877929687 1.1101630878256888e-12
0.5582999877929687 3.4305471940317777e-10
0.5592999877929687 7.55938033346458e-13
0.5602999877929687 8.941530331809526e-13
0.5612999877929687 1.3510890362956176e-09
0.5622999877929687 1.046186066763193e-12
0.5632999877929687 5.412599318534228e-10
0.5642999877929687 4.644809618874713e-10
0.5652999877929688 1.7295203111997584e-12
0.5662999877929688 2.8544712869501486e-10
0.5672999877929688 2.308103449974924e-12
0.5682999877929688 1.595541379877818e-09
0.5692999877929688 2.70651667559497e-12
0.5702999877929688 7.006845480113686e-10
0.5712999877929688 2.9413910538869085e-10
0.5722999877929688 2.2374708564075205e-09
0.5732999877929688 2.0765972840091946e-09
0.5742999877929688 5.189806869521745e-09
0.5752999877929688 1.5376695181042818e-09
0.5762999877929688 1.3266949282132465e-10
0.5772999877929688 6.446420233051063e-10
0.5782999877929688 9.365148734701886e-10
0.5792999877929688 3.6341045137327527e-09
0.5802999877929688 2.3892559721315517e-12
0.5812999877929688 1.0501498633617364e-09
0.5822999877929688 3.0859725827626703e-12
0.5832999877929688 3.4300796910435483e-10
0.5842999877929688 1.244441944502015e-09
0.5852999877929688 6.895841570053643e-10
0.5862999877929688 5.603571313495073e-12
0.5872999877929688 2.853058750799555e-10
0.5882999877929688 4.8785836879861535e-09
0.5892999877929688 7.144735292361355e-12
0.5902999877929688 2.999519072467838e-09
0.5912999877929688 7.95393256781493e-12
0.5922999877929688 1.2227463704438694e-09
0.5932999877929688 5.230084959776604e-09
0.5942999877929688 9.071182226924186e-12
0.5952999877929688 2.197845448843356e-09
0.5962999877929688 3.2164063597038218e-09
0.5972999877929688 1.933897576313045e-09
0.5982999877929688 3.898772855155905e-09
0.5992999877929688 4.518592548898149e-10
0.6002999877929688 4.85085050730641e-09
0.6012999877929688 1.0411937603530674e-08
0.6022999877929688 4.980613233873623e-09
0.6032999877929688 1.0713923684780629e-11
0.6042999877929688 9.631333115231163e-09
0.6052999877929688 1.1118045259337682e-11
0.6062999877929688 1.1304114581532606e-11
0.6072999877929688 1.1980813212982833e-08
0.6082999877929688 8.083314169046221e-09
0.6092999877929688 1.1884365870720296e-11
0.6102999877929688 2.8965911206737637e-09
0.6112999877929688 1.4164423677548096e-09
0.6122999877929688 4.435311414871212e-09
0.6132999877929688 3.744051982468319e-09
0.6142999877929688 1.6355295219974014e-08
0.6152999877929688 1.8811844353369304e-09
0.6162999877929688 1.3043161184386887e-11
0.6172999877929688 7.715525524185097e-09
0.6182999877929688 1.3333339239974252e-11
0.6192999877929688 1.3495145593635332e-11
0.6202999877929688 1.365764568336202e-11
0.6212999877929688 4.677990786912549e-09
0.6222999877929688 8.665837722398265e-09
0.6232999877929688 3.083206692773987e-08
0.6242999877929688 6.685762499103517e-09
0.6252999877929688 2.6432813964537618e-09
0.6262999877929688 3.822407781217208e-08
0.6272999877929688 6.890557958905263e-09
0.6282999877929687 2.695737338097105e-08
0.6292999877929687 1.7341724400596118e-08
0.6302999877929687 6.501865179217633e-10
0.6312999877929687 5.1815769832376155e-08
0.6322999877929687 1.7887882659269483e-08
0.6332999877929687 3.829736453618938e-08
0.6342999877929687 5.115782553446777e-08
0.6352999877929687 4.1326958698768753e-08
0.6362999877929687 6.658008540067915e-08
0.6372999877929687 1.4335731880318858e-08
0.6382999877929687 4.095049520312723e-08
0.6392999877929687 3.489807270287765e-08
0.6402999877929687 3.756887022182143e-08
0.6412999877929687 4.690333684460667e-08
0.6422999877929687 4.896439573729681e-08
0.6432999877929687 7.738317909670296e-08
0.6442999877929687 7.013866628241738e-08
0.6452999877929687 6.957845383815276e-08
0.6462999877929687 5.7938568547141437e-08
0.6472999877929687 4.2032236474018985e-08
0.6482999877929687 3.8577309186281436e-08
0.6492999877929687 3.7352038231030375e-08
0.6502999877929687 3.624044784777375e-08
0.6512999877929687 4.9739987220480664e-08
0.6522999877929687 5.7401946314287435e-08
0.6532999877929687 5.2675180509701995e-08
0.6542999877929687 1.2011125602674023e-08
0.6552999877929687 3.5232441179690243e-08
0.6562999877929687 1.5578246212573196e-08
0.6572999877929687 2.7669516900854824e-08
0.6582999877929687 2.7204125649002977e-08
0.6592999877929687 4.019101155841906e-08
0.6602999877929687 4.8528439604134714e-09
0.6612999877929687 2.3902664457053156e-08
0.6622999877929687 1.9337524822448608e-08
0.6632999877929687 3.381493983734098e-09
0.6642999877929687 1.5563276517148674e-08
0.6652999877929687 5.855849623059464e-09
0.6662999877929687 8.9789042220331e-09
0.6672999877929687 4.391805210255381e-08
0.6682999877929687 6.761859147917812e-09
0.6692999877929687 5.207207576258848e-09
0.6702999877929687 1.5241537297845924e-08
0.6712999877929687 5.743467068314338e-08
0.6722999877929687 1.95892871564483e-11
0.6732999877929687 5.262081942605821e-09
0.6742999877929687 3.603875431184525e-08
0.6752999877929687 6.196748329727308e-09
0.6762999877929687 2.1648173847607912e-08
0.6772999877929687 6.608237110237876e-08
0.6782999877929687 6.381845532178105e-09
0.6792999877929687 2.3538839031403705e-08
0.6802999877929687 2.4787274752798123e-08
0.6812999877929687 2.340153415677065e-08
0.6822999877929687 1.4088867910537064e-08
0.6832999877929687 3.282450715916012e-08
0.6842999877929687 5.4569626898115133e-08
0.6852999877929687 4.582046290477634e-08
0.6862999877929687 2.0928272637119798e-08
0.6872999877929687 7.168589980873443e-09
0.6882999877929687 6.137212003349227e-08
0.6892999877929687 4.1649253563391646e-08
0.6902999877929688 5.086928025193367e-08
0.6912999877929688 5.042811984628116e-08
0.6922999877929688 6.410980178827271e-08
0.6932999877929688 5.826687683321236e-08
0.6942999877929688 2.2207659850719003e-08
0.6952999877929688 2.0078977726510254e-08
0.6962999877929688 1.2170389014523964e-08
0.6972999877929688 1.6923236195710693e-08
0.6982999877929688 2.40257317505469e-08
0.6992999877929688 2.094969601859894e-08
0.7002999877929688 2.7149794032817897e-08
0.7012999877929688 3.77158411255203e-09
0.7022999877929688 2.1516502990686274e-11
0.7032999877929688 2.0634028873177887e-08
0.7042999877929688 1.4521272334347418e-08
0.7052999877929688 4.65891999131846e-08
0.7062999877929688 3.584840420870774e-08
0.7072999877929688 7.643052919951182e-09
0.7082999877929688 1.5781057416088057e-08
0.7092999877929688 8.057082879750578e-08
0.7102999877929688 4.978013462385856e-09
0.7112999877929688 4.861155466242903e-08
0.7122999877929688 4.066859810463064e-08
0.7132999877929688 1.975343224027441e-08
0.7142999877929688 5.2878610389775116e-08
0.7152999877929688 2.4074669703193415e-08
0.7162999877929688 2.264495656135088e-11
0.7172999877929688 2.3426655661675216e-08
0.7182999877929688 1.3954441673810321e-08
0.7192999877929688 1.2176529229416453e-08
0.7202999877929688 5.2258291755998495e-09
0.7212999877929688 3.6553376255267617e-08
0.7222999877929688 2.3181219759760885e-11
0.7232999877929688 2.0967034087034044e-08
0.7242999877929688 6.013114015531883e-08
0.7252999877929688 9.5615228287693e-09
0.7262999877929688 3.436281498781839e-08
0.7272999877929688 3.1682051011274243e-09
0.7282999877929688 1.512351311312702e-08
0.7292999877929688 6.490171143123118e-08
0.7302999877929688 2.1134361631991794e-08
0.7312999877929688 1.6045138146163185e-08
0.7322999877929688 4.9543051883583956e-08
0.7332999877929688 1.2481192354716832e-08
0.7342999877929688 3.6403944857627716e-08
0.7352999877929688 1.0796908735698895e-08
0.7362999877929688 8.943590746701505e-09
0.7372999877929688 1.599088313418036e-08
0.7382999877929688 3.009276998334224e-08
0.7392999877929688 1.5308150415846612e-08
0.7402999877929688 3.726202358917408e-08
0.7412999877929688 6.264117024763889e-08
0.7422999877929688 3.496194162933106e-08
0.7432999877929688 2.223281470217956e-08
0.7442999877929688 2.513235672308873e-11
0.7452999877929688 2.521976824442467e-11
0.7462999877929688 5.865816472237372e-08
0.7472999877929688 3.42060689756123e-08
0.7482999877929688 3.432391822530013e-08
0.7492999877929688 3.451048836272319e-09
0.7502999877929688 6.69112896305658e-08
0.7512999877929688 1.4474608089683838e-08
0.7522999877929688 5.516382251054074e-08
0.7532999877929687 6.943313631826252e-08
0.7542999877929687 3.4574440820640245e-08
0.7552999877929687 4.4278019016783684e-08
0.7562999877929687 5.7306048415364356e-08
0.7572999877929687 1.294326204818128e-08
0.7582999877929687 3.3508309909743065e-08
0.7592999877929687 3.0839178444509404e-08
0.7602999877929687 3.7307745988120294e-08
0.7612999877929687 1.1749654556373088e-08
0.7622999877929687 5.786007473461583e-08
0.7632999877929687 4.812788915301817e-09
0.7642999877929687 1.2544189978223958e-08
0.7652999877929687 1.3561499907318795e-08
0.7662999877929687 1.6885560031205255e-08
0.7672999877929687 6.730996312229207e-08
0.7682999877929687 4.7534260985672194e-08
0.7692999877929687 2.7670544279455675e-08
0.7702999877929687 8.299003765186285e-08
0.7712999877929687 5.999650835237961e-08
0.7722999877929687 3.745967892654192e-08
0.7732999877929687 1.0500120201484703e-07
0.7742999877929687 7.058325178188422e-08
0.7752999877929687 5.8732468433666036e-08
0.7762999877929687 4.584401676289041e-08
0.7772999877929687 6.467743731732147e-08
0.7782999877929687 2.5801974182385947e-08
0.7792999877929687 2.6513205882001872e-08
0.7802999877929687 4.414428746766e-08
0.7812999877929687 5.216921627521637e-08
0.7822999877929687 8.683776477324092e-08
0.7832999877929687 5.143834038006819e-08
0.7842999877929687 5.364710546174019e-08
0.7852999877929687 4.476544957374591e-08
0.7862999877929687 3.682887328780638e-08
0.7872999877929687 5.6788035585629785e-08
0.7882999877929687 8.664764929224374e-08
0.7892999877929687 7.769598682992198e-08
0.7902999877929687 6.563167259783198e-08
0.7912999877929687 8.53570887273584e-08
0.7922999877929687 8.393924366609712e-08
0.7932999877929687 6.067086440011809e-08
0.7942999877929687 1.0646261642565984e-07
0.7952999877929687 1.3509510230988074e-07
0.7962999877929687 6.091222134011203e-08
0.7972999877929687 5.293718516337367e-08
0.7982999877929687 1.4214559421211787e-08
0.7992999877929687 5.932138689083308e-08
0.8002999877929687 1.0954317876091128e-07
0.8012999877929687 4.194431669054254e-08
0.8022999877929687 1.910779377490837e-08
0.8032999877929687 7.875931701281255e-08
0.8042999877929687 3.7981944881691594e-09
0.8052999877929687 4.1443357533060334e-08
0.8062999877929687 9.913774238787591e-08
0.8072999877929687 1.1005968266526987e-07
0.8082999877929687 9.464729432430548e-08
0.8092999877929687 5.3779963519699926e-09
0.8102999877929687 1.1890217451732552e-07
0.8112999877929687 1.0818935934610923e-07
0.8122999877929687 8.988644906797542e-08
0.8132999877929687 1.5377938420950186e-08
0.8142999877929687 1.7731916607549848e-07
0.8152999877929688 9.166920390742474e-08
0.8162999877929688 8.608609561912498e-08
0.8172999877929688 4.9430347625706846e-08
0.8182999877929688 6.482937422919442e-08
0.8192999877929688 1.1078621191196619e-08
0.8202999877929688 2.4885694663650133e-08
0.8212999877929688 5.977194045325774e-08
0.8222999877929688 5.347692889624089e-08
0.8232999877929688 1.37029570405111e-09
0.8242999877929688 2.5838233767907425e-08
0.8252999877929688 7.618345018592964e-08
0.8262999877929688 9.85424827901171e-08
0.8272999877929688 5.105530984998447e-08
0.8282999877929688 8.396634599928506e-08
0.8292999877929688 8.207948331050574e-08
0.8302999877929688 9.28772510406888e-08
0.8312999877929688 3.5015883462320317e-08
0.8322999877929688 3.235358115771703e-08
0.8332999877929688 2.0533784735486213e-08
0.8342999877929688 8.08179239383597e-08
0.8352999877929688 5.262692948548639e-08
0.8362999877929688 4.3853451455212047e-08
0.8372999877929688 6.9533118930131044e-09
0.8382999877929688 3.83564937564485e-08
0.8392999877929688 1.1652002029210688e-07
0.8402999877929688 9.727544235629318e-08
0.8412999877929688 4.1063937341818226e-08
0.8422999877929688 7.361662236104808e-08
0.8432999877929688 8.637789565548178e-08
0.8442999877929688 6.967883024456392e-08
0.8452999877929688 1.0578596039722558e-07
0.8462999877929688 1.2199035499193525e-07
0.8472999877929688 4.2693736820184134e-08
0.8482999877929688 1.1113655881486504e-07
0.8492999877929688 1.4577215415834817e-07
0.8502999877929688 1.0017154051495208e-07
0.8512999877929688 5.238930101468141e-08
0.8522999877929688 5.867805837286456e-08
0.8532999877929688 7.005945924803673e-08
0.8542999877929688 9.562936631763e-08
0.8552999877929688 1.571134272572999e-07
0.8562999877929688 2.273614612814263e-07
0.8572999877929688 2.855342194513711e-07
0.8582999877929688 5.781944409874346e-08
0.8592999877929688 1.6661675055363025e-07
0.8602999877929688 4.0712530658615925e-08
0.8612999877929688 1.168306089758784e-07
0.8622999877929688 2.2670493956896514e-07
0.8632999877929688 1.9915872818462648e-07
0.8642999877929688 2.4213332165184113e-07
0.8652999877929688 2.4679837815205857e-07
0.8662999877929688 2.439968820470992e-07
0.8672999877929688 4.53751629748136e-08
0.8682999877929688 4.1572450975363096e-07
0.8692999877929688 9.081108609135139e-08
0.8702999877929688 3.0698463955428814e-11
0.8712999877929688 8.772950001052885e-08
0.8722999877929688 2.5930459284700544e-08
0.8732999877929688 1.2093100404708757e-07
0.8742999877929688 4.5681023906903706e-08
0.8752999877929688 7.815282945018879e-08
0.8762999877929688 2.1692294477577034e-07
0.8772999877929688 1.6185726347406975e-07
0.8782999877929687 3.094946373482421e-11
0.8792999877929687 2.1713219135323145e-07
0.8802999877929687 1.1078468638843534e-07
0.8812999877929687 4.85927549899139e-07
0.8822999877929687 1.2281905096953822e-06
0.8832999877929687 1.306226127790325e-06
0.8842999877929687 3.099881985861727e-11
0.8852999877929687 3.1069645646897074e-11
0.8862999877929687 2.8856824965483535e-07
0.8872999877929687 1.2434726589269115e-06
0.8882999877929687 1.519575300440965e-06
0.8892999877929687 1.445520026743292e-07
0.8902999877929687 3.1316181025777146e-11
0.8912999877929687 6.195697832598056e-07
0.8922999877929687 3.138035417926646e-11
0.8932999877929687 1.6247735094314452e-06
0.8942999877929687 2.631922516078647e-06
0.8952999877929687 3.139379047079467e-11
0.8962999877929687 2.4352454235637293e-06
0.8972999877929687 3.952444187182637e-06
0.8982999877929687 3.795349293395748e-06
0.8992999877929687 1.489571412860769e-06
0.9002999877929687 1.8805086538599368e-06
0.9012999877929687 3.6389029172101555e-06
0.9022999877929687 1.9150095552387506e-06
0.9032999877929687 2.7664493156939577e-06
0.9042999877929687 3.079477302739541e-06
0.9052999877929687 1.5684619060426447e-06
0.9062999877929687 4.02184407512458e-06
0.9072999877929687 2.9202477169225437e-06
0.9082999877929687 1.588726524594799e-06
0.9092999877929687 3.0112209905909687e-06
0.9102999877929687 2.6215919572119357e-06
0.9112999877929687 2.351606898399695e-06
0.9122999877929687 2.148167360402255e-06
0.9132999877929687 2.8977090369794754e-06
0.9142999877929687 1.6389471303230755e-06
0.9152999877929687 2.035971418712425e-06
0.9162999877929687 1.444317314282956e-06
0.9172999877929687 1.872253058295736e-06
0.9182999877929687 2.1244369904677787e-06
0.9192999877929687 1.9401563652028717e-06
0.9202999877929687 1.3266429441774645e-06
0.9212999877929687 2.13122641582042e-06
0.9222999877929687 1.8310447608139816e-06
0.9232999877929687 1.1760912688601987e-06
0.9242999877929687 1.6020839808532375e-06
0.9252999877929687 9.545305148327927e-07
0.9262999877929687 1.856040015005995e-06
0.9272999877929687 2.227328199412473e-06
0.9282999877929687 1.385178824857398e-06
0.9292999877929687 7.832718216110023e-07
0.9302999877929687 1.012447559073705e-06
0.9312999877929687 3.047837271892884e-06
0.9322999877929687 7.110414310923267e-07
0.9332999877929687 2.3259194382418555e-06
0.9342999877929687 7.347423112372215e-07
0.9352999877929687 2.499620328231774e-06
0.9362999877929687 1.72942873979475e-06
0.9372999877929687 1.7797611030577877e-06
0.9382999877929687 2.247989040766239e-06
0.9392999877929687 1.564910781597732e-06
0.9402999877929688 1.2953499963690542e-06
0.9412999877929688 1.7710774563051358e-06
0.9422999877929688 4.119063808787687e-07
0.9432999877929688 1.8140627360850208e-06
0.9442999877929688 2.1634080285312957e-06
0.9452999877929688 8.403160541436978e-07
0.9462999877929688 1.8565417680116366e-06
0.9472999877929688 2.0469178301467857e-06
0.9482999877929688 5.077579614890359e-07
0.9492999877929688 1.6230380586898157e-06
0.9502999877929688 2.1482214346517826e-06
0.9512999877929688 9.294627381207817e-07
0.9522999877929688 1.4316165558972141e-06
0.9532999877929688 1.2720276098166058e-06
0.9542999877929688 1.5950322164461877e-06
0.9552999877929688 1.1948991256307968e-06
0.9562999877929688 9.474215927244373e-07
0.9572999877929688 6.717049054322256e-07
0.9582999877929688 1.505033273455886e-06
0.9592999877929688 1.3035185341902868e-06
0.9602999877929688 1.417163603148775e-06
0.9612999877929688 1.5710821266909437e-06
0.9622999877929688 1.5513166099607997e-06
0.9632999877929688 7.919012485477155e-07
0.9642999877929688 1.1864458299991074e-06
0.9652999877929688 1.1410247881764377e-06
0.9662999877929688 1.8153144969528586e-06
0.9672999877929688 1.2716378216837965e-06
0.9682999877929688 1.3364834120563656e-06
0.9692999877929688 6.255104605323201e-07
0.9702999877929688 7.5394772846628e-07
0.9712999877929688 1.4940967525731382e-06
0.9722999877929688 1.1618291387270423e-06
0.9732999877929688 1.5219675153105496e-06
0.9742999877929688 1.1971259637339864e-06
0.9752999877929688 9.066129268435955e-07
0.9762999877929688 1.1201718384234648e-06
0.9772999877929688 1.0463085048260797e-06
0.9782999877929688 9.149911092292725e-07
0.9792999877929688 1.2088637853331844e-06
0.9802999877929688 4.841874046740083e-07
0.9812999877929688 1.1696697214740367e-06
0.9822999877929688 9.777743883086142e-07
0.9832999877929688 1.1072456079810186e-06
0.9842999877929688 1.0402507260687725e-06
0.9852999877929688 6.765099002496702e-07
0.9862999877929688 5.693731848140113e-07
0.9872999877929688 6.47609868564471e-07
0.9882999877929688 9.439773128925769e-07
0.9892999877929688 8.323588123470673e-07
0.9902999877929688 1.0259978788393268e-06
0.9912999877929688 1.138003794529981e-06
0.9922999877929688 1.382057180364116e-06
0.9932999877929688 1.216641673418073e-06
0.9942999877929688 1.124858389611775e-06
0.9952999877929688 9.738983126735707e-07
0.9962999877929688 8.807289711096088e-07
0.9972999877929688 8.408189868381587e-07
0.9982999877929688 9.4493503660799e-07
0.9992999877929688 8.624221296876701e-07
1.0002999877929688 9.857493402287967e-07
1.0012999877929687 1.223554897566926e-06
1.0022999877929688 1.2987530706415006e-06
1.0032999877929687 1.0092175798806887e-06
1.0042999877929688 1.0768116216576844e-06
1.0052999877929687 1.3707353882630894e-06
1.0062999877929688 1.2713427045903459e-06
1.0072999877929687 8.97999609064444e-07
1.0082999877929688 1.1440086923360734e-06
1.0092999877929687 7.147888413941444e-07
1.0102999877929688 8.967070002338628e-07
1.0112999877929687 8.272363714598319e-07
1.0122999877929688 1.1593851367130808e-06
1.0132999877929687 5.225673282178729e-07
1.0142999877929688 1.0168935101304434e-06
1.0152999877929687 9.133680714877058e-07
1.0162999877929688 7.916393704590499e-07
1.0172999877929687 8.679306322296234e-07
1.0182999877929688 1.2561563446660798e-06
1.0192999877929687 1.2479540352285587e-06
1.0202999877929688 7.965868770634327e-07
1.0212999877929687 1.3703551237038518e-06
1.0222999877929688 9.879351716711378e-07
1.0232999877929687 8.187388991058187e-07
1.024300048828125 7.59677293653767e-07
1.025300048828125 5.815760528349092e-07
1.026300048828125 8.119960652582797e-07
1.027300048828125 1.0480766115524755e-06
1.028300048828125 1.4158744624706943e-06
1.029300048828125 7.955242558911135e-07
1.030300048828125 1.0240045778662647e-06
1.031300048828125 8.610432369055782e-07
1.032300048828125 6.276628788172881e-07
1.033300048828125 5.866160275130684e-07
1.034300048828125 1.2291933609056005e-06
1.035300048828125 8.74139217790192e-07
1.036300048828125 7.187632232955411e-07
1.037300048828125 1.4269788319242203e-06
1.038300048828125 1.2030948358687394e-06
1.039300048828125 1.1079361729535195e-06
1.040300048828125 1.5429384488261811e-06
1.041300048828125 1.1749619891445166e-06
1.042300048828125 1.2573300368910877e-06
1.043300048828125 1.4647562480888697e-06
1.044300048828125 1.325187426469995e-06
1.045300048828125 1.347943748611e-06
1.046300048828125 1.2608306814355567e-06
1.047300048828125 1.7702811611314057e-06
1.048300048828125 1.5895311180007469e-06
1.049300048828125 2.0169751192007497e-06
1.050300048828125 1.309668233680633e-06
1.051300048828125 1.7152976863432552e-06
1.052300048828125 1.7325856681679404e-06
1.053300048828125 1.6781163294029547e-06
1.054300048828125 1.7711323950203565e-06
1.055300048828125 1.6900124517512452e-06
1.056300048828125 1.573298754416475e-06
1.057300048828125 1.2965569883864927e-06
1.058300048828125 1.565308374997586e-06
1.059300048828125 1.3486032163661932e-06
1.060300048828125 1.0346106808127573e-06
1.061300048828125 1.448848689772923e-06
1.062300048828125 1.3412169147366155e-06
1.063300048828125 1.179888118858286e-06
1.064300048828125 1.6683259566158903e-06
1.065300048828125 9.443636912414191e-07
1.066300048828125 9.250718258141247e-07
1.067300048828125 9.013553004998064e-07
1.068300048828125 5.983949470719362e-07
1.069300048828125 1.0714599970336408e-06
1.070300048828125 1.0852371754171392e-06
1.071300048828125 1.031374517856864e-06
1.072300048828125 1.1788854147931518e-06
1.073300048828125 1.0829717067227128e-06
1.074300048828125 8.774116936910138e-07
1.075300048828125 1.2180011179763672e-06
1.076300048828125 1.1614056262026673e-06
1.077300048828125 7.91031619833549e-07
1.078300048828125 9.530636062022283e-07
1.079300048828125 1.3234178651694411e-06
1.080300048828125 1.3263673973854094e-06
1.081300048828125 1.1913749459723017e-06
1.082300048828125 9.036018856246697e-07
1.083300048828125 8.946274950379873e-07
1.084300048828125 1.2956740831995642e-06
1.085300048828125 1.0953214196268084e-06
1.086300048828125 1.000498351472298e-06
1.087300048828125 8.851381238578197e-07
1.088300048828125 9.040218859690464e-07
1.089300048828125 1.141873368319433e-06
1.090300048828125 8.389193836356789e-07
1.091300048828125 1.3134008959658026e-06
1.092300048828125 1.1895939954415855e-06
1.093300048828125 1.0085779552461306e-06
1.094300048828125 1.316400239597629e-06
1.095300048828125 1.1305388067916882e-06
1.096300048828125 1.381163375181014e-06
1.097300048828125 1.4147890651643661e-06
1.098300048828125 1.0038432938631542e-06
1.099300048828125 1.037352867078686e-06
1.100300048828125 1.1413862488624353e-06
1.101300048828125 1.0110328536136061e-06
1.102300048828125 1.3516190128261426e-06
1.103300048828125 1.357529835316478e-06
1.104300048828125 1.1443959004359704e-06
1.105300048828125 1.5772364628592563e-06
1.106300048828125 1.388065946310375e-06
1.107300048828125 1.1256268671521644e-06
1.108300048828125 1.1347381012271405e-06
1.109300048828125 1.0901082873311666e-06
1.110300048828125 8.702656176180513e-07
1.111300048828125 1.4412059765029594e-06
1.112300048828125 1.154534157387848e-06
1.113300048828125 1.1222574979939249e-06
1.114300048828125 1.3107166405202726e-06
1.115300048828125 1.2339028800863703e-06
1.116300048828125 1.3311075785171496e-06
1.117300048828125 1.0328626352948905e-06
1.118300048828125 1.1651289730039805e-06
1.119300048828125 1.6777757380027428e-06
1.120300048828125 1.3014554341282186e-06
1.121300048828125 1.506226735887776e-06
1.122300048828125 1.4173603698995533e-06
1.123300048828125 1.3169433154792819e-06
1.124300048828125 1.0816719533298213e-06
1.125300048828125 1.1870241478126145e-06
1.126300048828125 1.0452594630529362e-06
1.127300048828125 1.2214296171041476e-06
1.128300048828125 1.2567172483777143e-06
1.129300048828125 1.38373174022572e-06
1.130300048828125 1.5835527736033825e-06
1.131300048828125 1.3057960744207064e-06
1.132300048828125 1.5218834853626336e-06
1.133300048828125 1.059205586607807e-06
1.134300048828125 1.6761174086459428e-06
1.135300048828125 1.4050352305325307e-06
1.136300048828125 1.4458624419478466e-06
1.137300048828125 1.3130226194182252e-06
1.138300048828125 1.44026686731976e-06
1.139300048828125 1.5159230512190063e-06
1.140300048828125 1.352834924363443e-06
1.141300048828125 1.7910472245962257e-06
1.142300048828125 1.2497417979841235e-06
1.143300048828125 1.5861287541663834e-06
1.144300048828125 1.458159823749795e-06
1.145300048828125 1.3546077114207406e-06
1.146300048828125 1.5189525712347298e-06
1.147300048828125 1.2647581914766866e-06
1.148300048828125 1.2163121429118603e-06
1.149300048828125 1.2571897714479657e-06
1.150300048828125 1.518195843083715e-06
1.151300048828125 1.0690031387881896e-06
1.152300048828125 1.244365236837264e-06
1.153300048828125 1.0863318409719053e-06
1.154300048828125 1.7244679138074894e-06
1.155300048828125 9.43002637674272e-07
1.156300048828125 1.0705394497246335e-06
1.157300048828125 1.0773804462789814e-06
1.158300048828125 1.2162798758993403e-06
1.159300048828125 9.868579203104666e-07
1.160300048828125 1.2494719080658422e-06
1.161300048828125 1.1381211424657555e-06
1.162300048828125 9.445038833339923e-07
1.163300048828125 1.3181771361639983e-06
1.164300048828125 8.595281916415407e-07
1.165300048828125 1.0960054105802511e-06
1.166300048828125 1.1834518529382489e-06
1.167300048828125 8.84144498884963e-07
1.168300048828125 1.3094720837458608e-06
1.169300048828125 1.1251967754846757e-06
1.170300048828125 1.631260121437789e-06
1.171300048828125 1.0599394308593565e-06
1.172300048828125 1.0886771968555627e-06
1.173300048828125 8.804575665584387e-07
1.174300048828125 1.4610677306837662e-06
1.175300048828125 1.2965395669572721e-06
1.176300048828125 1.1765725906106347e-06
1.177300048828125 8.757797358796547e-07
1.178300048828125 9.808888591069378e-07
1.179300048828125 1.1138305407015043e-06
1.180300048828125 1.1581545788794971e-06
1.181300048828125 1.2105873989203726e-06
1.182300048828125 1.1412606257444244e-06
1.183300048828125 7.932039827513338e-07
1.184300048828125 1.427710005645273e-06
1.185300048828125 1.211222490461458e-06
1.186300048828125 1.2710738974833226e-06
1.187300048828125 1.278847974767095e-06
1.188300048828125 1.1596303003364812e-06
1.189300048828125 1.4893737634166965e-06
1.190300048828125 1.4189158158804782e-06
1.191300048828125 1.6431527179189004e-06
1.192300048828125 1.4923201398425805e-06
1.193300048828125 1.6815306180349816e-06
1.194300048828125 1.1568361010489944e-06
1.195300048828125 1.0434162021559523e-06
1.196300048828125 1.1885047141402419e-06
1.197300048828125 1.3172000646764683e-06
1.198300048828125 1.4113977044190159e-06
1.199300048828125 1.4144613894629727e-06
1.200300048828125 1.4318856519641617e-06
1.201300048828125 1.4566892782303538e-06
1.202300048828125 1.6153839462566735e-06
1.203300048828125 1.2376734153476145e-06
1.204300048828125 1.238050158382927e-06
1.205300048828125 1.177755678538207e-06
1.206300048828125 1.0399144722954808e-06
1.207300048828125 7.071451745180661e-07
1.208300048828125 1.31461096653914e-06
1.209300048828125 1.1000468283743567e-06
1.210300048828125 9.172122641061889e-07
1.211300048828125 1.1665278341082613e-06
1.212300048828125 1.0291664261956189e-06
1.213300048828125 1.0688143936820236e-06
1.214300048828125 9.524249819224833e-07
1.215300048828125 1.1202854002409437e-06
1.216300048828125 1.2136200337936729e-06
1.217300048828125 1.2121754402905876e-06
1.218300048828125 8.585539537617965e-07
1.219300048828125 1.5706114547314283e-06
1.220300048828125 1.0736398095634879e-06
1.221300048828125 1.1667395891169034e-06
1.222300048828125 1.3503083453110463e-06
1.223300048828125 1.2010470968293054e-06
1.224300048828125 1.0143163823166115e-06
1.225300048828125 1.0067660913415457e-06
1.226300048828125 1.0172903779245135e-06
1.227300048828125 9.040191080844827e-07
1.228300048828125 8.882614101284235e-07
1.229300048828125 1.3251842796293036e-06
1.230300048828125 1.3290349743485502e-06
1.231300048828125 1.5597271080354491e-06
1.232300048828125 1.0330381178326505e-06
1.233300048828125 1.0725611815436118e-06
1.234300048828125 1.0595203582397056e-06
1.235300048828125 1.3232874171690253e-06
1.236300048828125 1.1529129875785237e-06
1.237300048828125 1.1707758274021536e-06
1.238300048828125 1.2802937799294463e-06
1.239300048828125 1.1371692070185107e-06
1.240300048828125 1.1849205647319418e-06
1.241300048828125 1.613312003800868e-06
1.242300048828125 1.3462328260210803e-06
1.243300048828125 1.4498935583721484e-06
1.244300048828125 1.0851765920589209e-06
1.245300048828125 1.1400725951201437e-06
1.246300048828125 1.1800417336969438e-06
1.247300048828125 1.0445006750243013e-06
1.248300048828125 9.59333036351493e-07
1.249300048828125 7.921777162964633e-07
1.250300048828125 8.521955204789135e-07
1.251300048828125 1.2754040549989917e-06
1.252300048828125 9.303181627894761e-07
1.253300048828125 1.4259085768318943e-06
1.254300048828125 9.799373181133141e-07
1.255300048828125 1.1640744401878332e-06
1.256300048828125 9.437406068595007e-07
1.257300048828125 1.4638299023017702e-06
1.258300048828125 1.1681393395597403e-06
1.259300048828125 1.2194427403513238e-06
1.260300048828125 1.475796645257405e-06
1.261300048828125 1.190591880337521e-06
1.262300048828125 1.2271064979153396e-06
1.263300048828125 1.0615483140082616e-06
1.264300048828125 1.4336965734799616e-06
1.265300048828125 1.0189333122751572e-06
1.266300048828125 1.1948195125221232e-06
1.267300048828125 1.2645775163142548e-06
1.268300048828125 1.2726003861991828e-06
1.269300048828125 1.3538784711739206e-06
1.270300048828125 1.2116179403709452e-06
1.271300048828125 1.0955765545366538e-06
1.272300048828125 1.1790548067793544e-06
1.273300048828125 1.3486932559361729e-06
1.274300048828125 1.456100481298641e-06
1.275300048828125 1.4842310091012874e-06
1.276300048828125 1.3103318456618135e-06
1.277300048828125 1.2412191479085415e-06
1.278300048828125 1.1409575254789863e-06
1.279300048828125 1.4758631721396037e-06
1.280300048828125 7.284267450337761e-07
1.281300048828125 1.4559831721541916e-06
1.282300048828125 1.3766120372451585e-06
1.283300048828125 1.0563258429716242e-06
1.284300048828125 1.6097029565370879e-06
1.285300048828125 1.0502521420798508e-06
1.286300048828125 9.490748051000417e-07
1.287300048828125 9.507785637990941e-07
1.288300048828125 1.4825839471779926e-06
1.289300048828125 1.172447939136388e-06
1.290300048828125 1.1271704223207509e-06
1.291300048828125 1.4206249200545237e-06
1.292300048828125 1.915167251397754e-06
1.293300048828125 9.73749159769102e-07
1.294300048828125 1.4525680009550058e-06
1.295300048828125 1.1129793752844676e-06
1.296300048828125 1.162575705438603e-06
1.297300048828125 1.1149428863315296e-06
1.298300048828125 1.2218109223624874e-06
1.299300048828125 8.871235265955913e-07
1.300300048828125 1.3932577330517801e-06
1.301300048828125 1.4913691131588546e-06
1.302300048828125 9.818947546281754e-07
1.303300048828125 1.4001244087811513e-06
1.304300048828125 1.2168336842160878e-06
1.305300048828125 1.376162776445793e-06
1.306300048828125 1.0837767193408825e-06
1.307300048828125 9.896114095030637e-07
1.308300048828125 1.174420065547896e-06
1.309300048828125 1.0529765740663914e-06
1.310300048828125 1.38920962947002e-06
1.311300048828125 1.2435351270607567e-06
1.312300048828125 1.5794311315552934e-06
1.313300048828125 1.2168793455372708e-06
1.314300048828125 1.2026848546299169e-06
1.315300048828125 1.41789193934076e-06
1.316300048828125 1.163849391616346e-06
1.317300048828125 8.35749344005626e-07
1.318300048828125 9.960297193446441e-07
1.319300048828125 1.3637697859524495e-06
1.320300048828125 1.4874212686923406e-06
1.321300048828125 8.664006485342033e-07
1.322300048828125 1.0723339650594572e-06
1.323300048828125 1.6796109655998796e-06
1.324300048828125 1.3112387074136796e-06
1.325300048828125 1.3601522096462509e-06
1.326300048828125 1.2967517943455347e-06
1.327300048828125 9.335235067105873e-07
1.328300048828125 1.1832370843210757e-06
1.329300048828125 1.1152807028094328e-06
1.330300048828125 1.2756208124779773e-06
1.331300048828125 1.5075430258276135e-06
1.332300048828125 1.6311525326693999e-06
1.333300048828125 9.280378347194739e-07
1.334300048828125 1.3421087202462061e-06
1.335300048828125 1.6933339859458225e-06
1.336300048828125 1.4584086713714355e-06
1.337300048828125 1.5828140312890516e-06
1.338300048828125 1.4327191296349775e-06
1.339300048828125 1.2348532406038824e-06
1.340300048828125 7.737112818787516e-07
1.341300048828125 1.0933263427556013e-06
1.342300048828125 6.902466820853345e-07
1.343300048828125 1.3365524614436319e-06
1.344300048828125 1.4845376065286197e-06
1.345300048828125 1.5077268303008673e-06
1.346300048828125 1.516931822018582e-06
1.347300048828125 1.1561312433923924e-06
1.348300048828125 1.2962922322336453e-06
1.349300048828125 1.1556237349724907e-06
1.350300048828125 1.7090562919920122e-06
1.351300048828125 1.4297171899125959e-06
1.352300048828125 1.3923070809935771e-06
1.353300048828125 1.2282007323606053e-06
1.354300048828125 1.6102728314892664e-06
1.355300048828125 1.751926247488426e-06
1.356300048828125 1.2294227273317608e-06
1.357300048828125 1.3189627535227884e-06
1.358300048828125 1.7864050452724216e-06
1.359300048828125 1.6436064014989353e-06
1.360300048828125 1.296755549139586e-06
1.361300048828125 1.506590448142309e-06
1.362300048828125 1.3121632630239695e-06
1.363300048828125 1.3581226055010358e-06
1.364300048828125 1.036969857537594e-06
1.365300048828125 1.363196241759321e-06
1.366300048828125 8.58801170881942e-07
1.367300048828125 1.3395743239257214e-06
1.368300048828125 1.415200115177807e-06
1.369300048828125 1.371497178628455e-06
1.370300048828125 1.6149208772730275e-06
1.371300048828125 1.1913125207694985e-06
1.372300048828125 1.324148488437746e-06
1.373300048828125 1.312771092213554e-06
1.374300048828125 1.3346103000174654e-06
1.375300048828125 1.5185887974064467e-06
1.376300048828125 1.1458772673538655e-06
1.377300048828125 1.7345842893768265e-06
1.378300048828125 1.8976860062822768e-06
1.379300048828125 1.0763068364799829e-06
1.380300048828125 1.4821196873508782e-06
1.381300048828125 1.458390003278626e-06
1.382300048828125 1.4152264040615834e-06
1.383300048828125 1.0098621196108551e-06
1.384300048828125 1.1293205173831246e-06
1.385300048828125 1.1042321648841459e-06
1.386300048828125 1.2509547019899762e-06
1.387300048828125 1.7940648141713748e-06
1.388300048828125 1.3708280715292395e-06
1.389300048828125 1.968236456897392e-06
1.390300048828125 1.0341610774324793e-06
1.391300048828125 1.5357921172352904e-06
1.392300048828125 1.5552764940921807e-06
1.393300048828125 1.4754461344259417e-06
1.394300048828125 1.904351542008853e-06
1.395300048828125 1.434330635159675e-06
1.396300048828125 1.3270101046387962e-06
1.397300048828125 1.0754651003313393e-06
1.398300048828125 1.6774965259605744e-06
1.399300048828125 1.789792400597134e-06
1.400300048828125 1.2952240272133643e-06
1.401300048828125 1.4235711398706993e-06
1.402300048828125 1.5308977467827954e-06
1.403300048828125 1.5143491295471937e-06
1.404300048828125 1.409207092493876e-06
1.405300048828125 1.7570132582840939e-06
1.406300048828125 1.3814462839251155e-06
1.407300048828125 1.404275732744944e-06
1.408300048828125 1.5402020765899777e-06
1.409300048828125 1.792977130405997e-06
1.410300048828125 1.4695518822990003e-06
1.411300048828125 1.5351426077342734e-06
1.412300048828125 1.5039209789758954e-06
1.413300048828125 1.8045291085726864e-06
1.414300048828125 1.522159510053562e-06
1.415300048828125 1.782932782393203e-06
1.416300048828125 1.3942994156716832e-06
1.417300048828125 1.031808044059829e-06
1.418300048828125 1.4155975421784809e-06
1.419300048828125 1.4498593413987531e-06
1.420300048828125 1.2982037260078686e-06
1.421300048828125 1.0763899526359883e-06
1.422300048828125 1.6196683071522386e-06
1.423300048828125 1.5856018737528654e-06
1.424300048828125 1.591276437467344e-06
1.425300048828125 1.5462481277705032e-06
1.426300048828125 1.5388993889418548e-06
1.427300048828125 1.5125288937636299e-06
1.428300048828125 1.6493929694196566e-06
1.429300048828125 1.262235076839477e-06
1.430300048828125 1.5493711371215718e-06
1.431300048828125 1.5477531172139642e-06
1.432300048828125 1.1164475889372185e-06
1.433300048828125 1.2075822475984745e-06
1.434300048828125 1.2056167442745275e-06
1.435300048828125 1.2582811413308834e-06
1.436300048828125 1.3599132641627844e-06
1.437300048828125 1.620104735855651e-06
1.438300048828125 1.5047008913045616e-06
1.439300048828125 1.5247468444830416e-06
1.440300048828125 1.4651016552059515e-06
1.441300048828125 1.2857886102453454e-06
1.442300048828125 1.6368615088897055e-06
1.443300048828125 1.6347194046472264e-06
1.444300048828125 1.318015690080487e-06
1.445300048828125 1.5617972206887334e-06
1.446300048828125 8.712842146448443e-07
1.447300048828125 1.424074489543483e-06
1.448300048828125 1.1767466658505495e-06
1.449300048828125 1.2165696392991473e-06
1.450300048828125 1.2696611208967731e-06
1.451300048828125 1.472766352188981e-06
1.452300048828125 1.3750563013296194e-06
1.453300048828125 1.3841032598652923e-06
1.454300048828125 1.956514267778029e-06
1.455300048828125 1.5227915313194707e-06
1.456300048828125 1.447627247299809e-06
1.457300048828125 1.3624766142554759e-06
1.458300048828125 1.1284793187232639e-06
1.459300048828125 1.4039350318574327e-06
1.460300048828125 1.506598722084753e-06
1.461300048828125 1.4955652960805054e-06
1.462300048828125 1.2855925858484095e-06
1.463300048828125 1.3429826961192572e-06
1.464300048828125 1.157159024987525e-06
1.465300048828125 1.7902496709638208e-06
1.466300048828125 1.0737917314258646e-06
1.467300048828125 1.502884819774093e-06
1.468300048828125 1.893284822066743e-06
1.469300048828125 1.4993574443153366e-06
1.470300048828125 1.4079821442641599e-06
1.471300048828125 1.5598099334500936e-06
1.472300048828125 1.3281233463176666e-06
1.473300048828125 1.4688575759399698e-06
1.474300048828125 1.1469861037443637e-06
1.475300048828125 1.4194835783958666e-06
1.476300048828125 1.118695202681105e-06
1.477300048828125 9.963924680537297e-07
1.478300048828125 1.754586739458293e-06
1.479300048828125 1.43118357623893e-06
1.480300048828125 1.4529421831968593e-06
1.481300048828125 1.4506247115057478e-06
1.482300048828125 1.6052399202369662e-06
1.483300048828125 8.439736128241013e-07
1.484300048828125 1.7306363943740287e-06
1.485300048828125 1.6358813728151556e-06
1.486300048828125 1.455663247554482e-06
1.487300048828125 1.7341652635562365e-06
1.488300048828125 1.5639096247935171e-06
1.489300048828125 1.4944848481761262e-06
1.490300048828125 1.0065902365846096e-06
1.491300048828125 1.1335748682933478e-06
1.492300048828125 1.0608476632895828e-06
1.493300048828125 1.7495211409067638e-06
1.494300048828125 1.606881162141299e-06
1.495300048828125 1.4208318172059856e-06
1.496300048828125 1.7040944984227453e-06
1.497300048828125 1.3989283504190024e-06
1.498300048828125 1.0721371067931934e-06
1.499300048828125 1.2108926209545469e-06
1.500300048828125 1.8212519025994955e-06
1.501300048828125 1.1328987560656359e-06
1.502300048828125 1.7209124189760584e-06
1.503300048828125 1.2032234735385453e-06
1.504300048828125 1.342764639115957e-06
1.505300048828125 1.8521726007804523e-06
1.506300048828125 1.8380171677845758e-06
1.507300048828125 1.197375835092902e-06
1.508300048828125 2.178220986603082e-06
1.509300048828125 1.8468880680096591e-06
1.510300048828125 1.9611092296672808e-06
1.511300048828125 1.2107626698112629e-06
1.512300048828125 1.1844786189113835e-06
1.513300048828125 1.8511351912896031e-06
1.514300048828125 1.807105814564767e-06
1.515300048828125 1.2687887422534982e-06
1.516300048828125 2.0408277366278363e-06
1.517300048828125 2.0696342814995853e-06
1.518300048828125 1.2983785657578501e-06
1.519300048828125 1.2485876190901316e-06
1.520300048828125 1.9079180809639806e-06
1.521300048828125 1.7450642923632508e-06
1.522300048828125 1.5329337767421627e-06
1.523300048828125 1.9020220660525147e-06
1.524300048828125 1.2369494222235846e-06
1.525300048828125 1.5466564160325922e-06
1.526300048828125 1.1736799066947864e-06
1.527300048828125 1.4934223251326695e-06
1.528300048828125 1.7961789832962766e-06
1.529300048828125 1.1941501611955033e-06
1.530300048828125 1.5864429936218492e-06
1.531300048828125 2.119377039022325e-06
1.532300048828125 1.166886339046248e-06
1.533300048828125 1.2428890591211719e-06
1.534300048828125 1.996205396612226e-06
1.535300048828125 2.224278745265702e-06
1.536300048828125 1.4784346345800797e-06
1.537300048828125 1.8451857622010616e-06
1.538300048828125 1.5707807314879259e-06
1.539300048828125 2.1738854257246664e-06
1.540300048828125 1.8588907948772328e-06
1.541300048828125 1.9689754885846375e-06
1.542300048828125 1.6683023781830497e-06
1.543300048828125 9.763134622223063e-07
1.544300048828125 1.4895127074381277e-06
1.545300048828125 1.4099290766990208e-06
1.546300048828125 1.5320767524432e-06
1.547300048828125 1.6956469162431457e-06
1.548300048828125 1.9804805542738817e-06
1.549300048828125 1.6967149706032828e-06
1.550300048828125 1.9293162196303805e-06
1.551300048828125 2.3939728006517324e-06
1.552300048828125 1.9728981240939382e-06
1.553300048828125 1.6112242684080125e-06
1.554300048828125 1.3195230281249254e-06
1.555300048828125 1.8704042452917435e-06
1.556300048828125 2.2993712961423308e-06
1.557300048828125 2.066975364764646e-06
1.558300048828125 1.384831967984888e-06
1.559300048828125 2.0652237759860235e-06
1.560300048828125 1.8662235102715128e-06
1.561300048828125 1.4821920051933658e-06
1.562300048828125 1.8936314029507061e-06
1.563300048828125 1.577945538000244e-06
1.564300048828125 1.972269628958467e-06
1.565300048828125 1.866295073033547e-06
1.566300048828125 2.3705365012436627e-06
1.567300048828125 1.8547546549421078e-06
1.568300048828125 1.4384317354234596e-06
1.569300048828125 1.5510588479786813e-06
1.570300048828125 2.070096896593725e-06
1.571300048828125 1.965669565587969e-06
1.572300048828125 1.3838736335557478e-06
1.573300048828125 2.1673195832846725e-06
1.574300048828125 2.028315591790772e-06
1.575300048828125 1.6009457264641769e-06
1.576300048828125 1.7382876711537627e-06
1.577300048828125 2.158660806818919e-06
1.578300048828125 2.199964845325113e-06
1.579300048828125 1.7216669325843285e-06
1.580300048828125 1.6567994662337954e-06
1.581300048828125 1.8772814990829056e-06
1.582300048828125 1.883720619535143e-06
1.583300048828125 2.0441176650410553e-06
1.584300048828125 1.6202202279962473e-06
1.585300048828125 1.3309073353198721e-06
1.586300048828125 1.6620650821259569e-06
1.587300048828125 2.0846716707635384e-06
1.588300048828125 2.1090749520684848e-06
1.589300048828125 2.0461257109105995e-06
1.590300048828125 1.959913809093469e-06
1.591300048828125 1.0510168422049785e-06
1.592300048828125 1.8854441498195573e-06
1.593300048828125 1.33266182694861e-06
1.594300048828125 2.11398706745933e-06
1.595300048828125 1.5203262535150525e-06
1.596300048828125 1.7546474277454687e-06
1.597300048828125 1.8140964999516216e-06
1.598300048828125 1.617373748142366e-06
1.599300048828125 2.136229428340964e-06
1.600300048828125 1.5950375035535618e-06
1.601300048828125 1.4339269638176481e-06
1.602300048828125 1.5418499646025799e-06
1.603300048828125 1.6741790627487484e-06
1.604300048828125 1.343575872825874e-06
1.605300048828125 1.65365050813059e-06
1.606300048828125 1.6747510999555167e-06
1.607300048828125 1.3722208908949805e-06
1.608300048828125 1.9924299119241756e-06
1.609300048828125 1.740034977120015e-06
1.610300048828125 1.955473308458888e-06
1.611300048828125 2.6391863780335353e-06
1.612300048828125 1.7673640517359926e-06
1.613300048828125 1.2982755933046183e-06
1.614300048828125 2.2493697464753165e-06
1.615300048828125 1.6163081294037906e-06
1.616300048828125 2.153937354066078e-06
1.617300048828125 2.1518340941103147e-06
1.618300048828125 2.697012881208419e-06
1.619300048828125 1.9717212635717594e-06
1.620300048828125 1.3697479197084457e-06
1.621300048828125 1.4458889822692115e-06
1.622300048828125 1.7028029222858938e-06
1.623300048828125 2.372555487145091e-06
1.624300048828125 1.4635078923218516e-06
1.625300048828125 2.5562362048656035e-06
1.626300048828125 1.5419328725458613e-06
1.627300048828125 1.768624624174274e-06
1.628300048828125 1.9233702780212767e-06
1.629300048828125 2.0085492137774945e-06
1.630300048828125 2.232715786837346e-06
1.631300048828125 1.8048666628375524e-06
1.632300048828125 1.6055120025457798e-06
1.633300048828125 1.640143511928491e-06
1.634300048828125 1.8311452043723398e-06
1.635300048828125 1.7571676653594393e-06
1.636300048828125 1.94057171868897e-06
1.637300048828125 2.611661954731909e-06
1.638300048828125 2.016791705050282e-06
1.639300048828125 1.4526072112662693e-06
1.640300048828125 1.6567381308295858e-06
1.641300048828125 1.761532325348675e-06
1.642300048828125 2.0317871435082734e-06
1.643300048828125 1.536250657981686e-06
1.644300048828125 1.7828783168697144e-06
1.645300048828125 2.2431181182279044e-06
1.646300048828125 9.85730914904289e-07
1.647300048828125 2.241609830025666e-06
1.648300048828125 1.2536881421649223e-06
1.649300048828125 1.0282717843069966e-06
1.650300048828125 1.3202862424184442e-06
1.651300048828125 2.4924359242641827e-06
1.652300048828125 2.018977185513628e-06
1.653300048828125 1.6738448219305392e-06
1.654300048828125 2.063484765279912e-06
1.655300048828125 2.479599959121694e-06
1.656300048828125 1.7081935257428844e-06
1.657300048828125 1.1938825234644558e-06
1.658300048828125 2.265160757002758e-06
1.659300048828125 1.7796627837390185e-06
1.660300048828125 1.6396087473015943e-06
1.661300048828125 1.0283328428697149e-06
1.662300048828125 1.8285994241524068e-06
1.663300048828125 1.4893319611939643e-06
1.664300048828125 1.2586621450900493e-06
1.665300048828125 1.2922223053539588e-06
1.666300048828125 2.234137003779921e-06
1.667300048828125 2.2769213257761116e-06
1.668300048828125 2.082349095975476e-06
1.669300048828125 2.1906576643480583e-06
1.670300048828125 1.3486866023110805e-06
1.671300048828125 2.561011758374568e-06
1.672300048828125 1.1088631225415748e-06
1.673300048828125 2.20044699357948e-06
1.674300048828125 2.107620863113588e-06
1.675300048828125 1.6013434531519312e-06
1.676300048828125 1.4932560861474165e-06
1.677300048828125 1.6317528574955356e-06
1.678300048828125 1.69351291237453e-06
1.679300048828125 2.7588245593701593e-06
1.680300048828125 1.5241553774351252e-06
1.681300048828125 1.4587452546354462e-06
1.682300048828125 2.254730640090309e-06
1.683300048828125 1.8605091840079211e-06
1.684300048828125 2.466335386637326e-06
1.685300048828125 2.043210155663751e-06
1.686300048828125 1.8897880018185727e-06
1.687300048828125 2.3217076780429135e-06
1.688300048828125 2.6113281763070533e-06
1.689300048828125 1.9144016077430396e-06
1.690300048828125 3.0200812407201794e-06
1.691300048828125 2.3832055196025556e-06
1.692300048828125 3.254290529172766e-06
1.693300048828125 2.9318126951256675e-06
1.694300048828125 1.504600328507752e-06
1.695300048828125 3.242175818910307e-06
1.696300048828125 1.4428864733772091e-06
1.697300048828125 3.741781618012406e-06
1.698300048828125 2.35224246452371e-06
1.699300048828125 2.8293293404988303e-06
1.700300048828125 2.7538366811504764e-06
1.701300048828125 3.515888644080131e-06
1.702300048828125 4.217910066458888e-06
1.703300048828125 2.589010527917238e-06
1.704300048828125 2.9031604157000745e-06
1.705300048828125 4.114938851866791e-06
1.706300048828125 3.0860623172935985e-06
1.707300048828125 2.787458516140128e-06
1.708300048828125 3.278014882542897e-06
1.709300048828125 2.6574681777339833e-06
1.710300048828125 2.6572089100388387e-06
1.711300048828125 3.5326839864947064e-06
1.712300048828125 3.74014622284899e-06
1.713300048828125 2.43878503525154e-06
1.714300048828125 2.8571602653421066e-06
1.715300048828125 2.787329745113969e-06
1.716300048828125 3.1685147326068766e-06
1.717300048828125 3.0826893604876852e-06
1.718300048828125 3.0141762090309504e-06
1.719300048828125 3.3130369582358706e-06
1.720300048828125 2.067227716359502e-06
1.721300048828125 2.529391398706179e-06
1.722300048828125 4.346301979352337e-06
1.723300048828125 3.5699060271054063e-06
1.724300048828125 3.7383838885270003e-06
1.725300048828125 3.1126738808411664e-06
1.726300048828125 3.7599127016076335e-06
1.727300048828125 4.39774810428483e-06
1.728300048828125 3.860549224023316e-06
1.729300048828125 3.942731143435894e-06
1.730300048828125 3.2942777123991177e-06
1.731300048828125 3.653452539550304e-06
1.732300048828125 4.33572434009982e-06
1.733300048828125 2.9387219418851602e-06
1.734300048828125 4.308655391619142e-06
1.735300048828125 2.8072508546644533e-06
1.736300048828125 4.61737014024434e-06
1.737300048828125 2.8261804833253434e-06
1.738300048828125 3.543091668897819e-06
1.739300048828125 2.817855380556836e-06
1.740300048828125 3.316395400692077e-06
1.741300048828125 2.8115305221314905e-06
1.742300048828125 2.395399651720176e-06
1.743300048828125 4.544598292678749e-06
1.744300048828125 3.90284215186633e-06
1.745300048828125 2.1886703999194083e-06
1.746300048828125 2.650033163431268e-06
1.747300048828125 3.897457567571538e-06
1.748300048828125 3.260941847651848e-06
1.749300048828125 2.3000078084888155e-06
1.750300048828125 2.3748592591009113e-06
1.751300048828125 1.5959159648743482e-06
1.752300048828125 3.1095733537459684e-06
1.753300048828125 2.179388421727534e-06
1.754300048828125 2.0848082766087193e-06
1.755300048828125 2.610248275736549e-06
1.756300048828125 3.1603070383963097e-06
1.757300048828125 3.2787266477031126e-06
1.758300048828125 2.2824467786309616e-06
1.759300048828125 2.467711000010388e-06
1.760300048828125 3.2696764797596858e-06
1.761300048828125 4.054573751602072e-06
1.762300048828125 3.170039763550013e-06
1.763300048828125 2.338582579980137e-06
1.764300048828125 2.6623211951260417e-06
1.765300048828125 2.5102057005395715e-06
1.766300048828125 2.696401346791822e-06
1.767300048828125 3.1131590620309604e-06
1.768300048828125 3.7156569253768735e-06
1.769300048828125 1.7284571172998774e-06
1.770300048828125 4.346807541887695e-06
1.771300048828125 2.9907778448623828e-06
1.772300048828125 2.3383721421018255e-06
1.773300048828125 3.144734659895338e-06
1.774300048828125 3.450784502728633e-06
1.775300048828125 3.6852702810957352e-06
1.776300048828125 3.964831691031846e-06
1.777300048828125 4.985846017224988e-06
1.778300048828125 3.7745966399389072e-06
1.779300048828125 3.5265291648232495e-06
1.780300048828125 3.1653797507500187e-06
1.781300048828125 4.387040249989839e-06
1.782300048828125 3.5856366723282207e-06
1.783300048828125 3.3521189996705274e-06
1.784300048828125 2.1635717133675777e-06
1.785300048828125 4.514837296704548e-06
1.786300048828125 4.927440446932911e-06
1.787300048828125 4.269897850373773e-06
1.788300048828125 3.14654606824239e-06
1.789300048828125 3.7220929621007444e-06
1.790300048828125 2.757261819177155e-06
1.791300048828125 5.455956872470886e-06
1.792300048828125 4.927916446402807e-06
1.793300048828125 2.996910322676185e-06
1.794300048828125 3.953530271632858e-06
1.795300048828125 4.6559076615304505e-06
1.796300048828125 4.7407584536863935e-06
1.797300048828125 3.211012100453383e-06
1.798300048828125 3.7958007052911164e-06
1.799300048828125 3.827998556500055e-06
1.800300048828125 4.448677892491098e-06
1.801300048828125 4.521296734619986e-06
1.802300048828125 3.6257631357506138e-06
1.803300048828125 4.150837502970435e-06
1.804300048828125 3.1445551672337223e-06
1.805300048828125 2.7656784839165985e-06
1.806300048828125 3.110931658024231e-06
1.807300048828125 4.833512840997451e-06
1.808300048828125 3.3438041152552604e-06
1.809300048828125 2.8465980077213892e-06
1.810300048828125 3.2186116048179117e-06
1.811300048828125 3.4293991261849934e-06
1.812300048828125 3.282535805985636e-06
1.813300048828125 5.137237489911343e-06
1.814300048828125 4.033922183954469e-06
1.815300048828125 5.321755601738599e-06
1.816300048828125 4.419032374880983e-06
1.817300048828125 4.496895412871911e-06
1.818300048828125 3.4153042933493083e-06
1.819300048828125 4.285146424687751e-06
1.820300048828125 3.0459012904242485e-06
1.821300048828125 3.3699153177610795e-06
1.822300048828125 2.963306893483103e-06
1.823300048828125 3.405152294997363e-06
1.824300048828125 2.3839629150619755e-06
1.825300048828125 4.952296885320802e-06
1.826300048828125 3.4540108882982106e-06
1.827300048828125 3.3096146382178196e-06
1.828300048828125 3.6625604444689373e-06
1.829300048828125 5.624189247763048e-06
1.830300048828125 4.0013928405653816e-06
1.831300048828125 4.869595352842385e-06
1.832300048828125 4.727813681896706e-06
1.833300048828125 4.537285398870427e-06
1.834300048828125 6.536212014157862e-06
1.835300048828125 4.346814593439662e-06
1.836300048828125 4.266238344045635e-06
1.837300048828125 5.0900426902796895e-06
1.838300048828125 3.5150424695614287e-06
1.839300048828125 6.65826371820774e-06
1.840300048828125 3.9006321211005914e-06
1.841300048828125 5.011673789632405e-06
1.842300048828125 3.3254712994998256e-06
1.843300048828125 4.447223885838381e-06
1.844300048828125 3.6699799293564945e-06
1.845300048828125 3.438862793646514e-06
1.846300048828125 5.243804374012585e-06
1.847300048828125 3.0141898793227917e-06
1.848300048828125 4.484295124030136e-06
1.849300048828125 2.7849873427522094e-06
1.850300048828125 4.247163946372154e-06
1.851300048828125 4.184398001798217e-06
1.852300048828125 3.575691622625064e-06
1.853300048828125 4.3400270347491926e-06
1.854300048828125 3.195653061156907e-06
1.855300048828125 2.2145993560992063e-06
1.856300048828125 5.095939977817773e-06
1.857300048828125 2.2102774623968998e-06
1.858300048828125 4.572863945472092e-06
1.859300048828125 3.3502192377286626e-06
1.860300048828125 2.266534947070273e-06
1.861300048828125 5.816435054320432e-06
1.862300048828125 1.6554428233475252e-06
1.863300048828125 5.329038119755872e-06
1.864300048828125 2.9538031940172053e-06
1.865300048828125 2.661857495785634e-06
1.866300048828125 3.6694899033672833e-06
1.867300048828125 3.1628103714430203e-06
1.868300048828125 3.889666472440191e-06
1.869300048828125 4.647380525799775e-06
1.870300048828125 2.6865974921516825e-06
1.871300048828125 3.7531940895041192e-06
1.872300048828125 3.857725780575087e-06
1.873300048828125 4.5016130876470976e-06
1.874300048828125 2.15833252433089e-06
1.875300048828125 3.832323804636627e-06
1.876300048828125 2.9939790304250416e-06
1.877300048828125 3.5231556391735157e-06
1.878300048828125 4.201641134874144e-06
1.879300048828125 3.7395656326928564e-06
1.880300048828125 5.263724169568983e-06
1.881300048828125 3.0787036289312736e-06
1.882300048828125 4.98511269750064e-06
1.883300048828125 3.1353739072682913e-06
1.884300048828125 3.871285705839343e-06
1.885300048828125 6.029999171955152e-06
1.886300048828125 5.225042734595996e-06
1.887300048828125 5.056434570362987e-06
1.888300048828125 6.685765742587074e-06
1.889300048828125 3.607123932768309e-06
1.890300048828125 6.576615195992626e-06
1.891300048828125 4.537124759832718e-06
1.892300048828125 4.392485858030658e-06
1.893300048828125 6.497233841519784e-06
1.894300048828125 5.077121223021659e-06
1.895300048828125 4.938524726020272e-06
1.896300048828125 5.4679546355447335e-06
1.897300048828125 4.520912425864908e-06
1.898300048828125 5.101659210119295e-06
1.899300048828125 4.7493671933848855e-06
1.900300048828125 4.474829864729125e-06
1.901300048828125 4.853084584393786e-06
1.902300048828125 4.86852770958304e-06
1.903300048828125 5.945898634253739e-06
1.904300048828125 4.533973858854277e-06
1.905300048828125 4.9469426377289265e-06
1.906300048828125 3.6989678130068835e-06
1.907300048828125 3.2118069018005404e-06
1.908300048828125 4.482656381033721e-06
1.909300048828125 4.69482485681735e-06
1.910300048828125 3.566462478548029e-06
1.911300048828125 3.467155946960944e-06
1.912300048828125 5.943915233332435e-06
1.913300048828125 2.891288701237097e-06
1.914300048828125 3.4025816816669154e-06
1.915300048828125 3.988728745038763e-06
1.916300048828125 3.4313634260255113e-06
1.917300048828125 2.3104812620477364e-06
1.918300048828125 4.566397758369073e-06
1.919300048828125 1.9340670697814892e-06
1.920300048828125 3.997696646440029e-06
1.921300048828125 9.633155469590366e-07
1.922300048828125 3.3971266370120524e-06
1.923300048828125 4.220597405814742e-06
1.924300048828125 4.865675125925457e-06
1.925300048828125 2.376510624047333e-06
1.926300048828125 4.889312586537985e-06
1.927300048828125 2.036394243158929e-06
1.928300048828125 2.885967814500064e-06
1.929300048828125 4.263569746042831e-06
1.930300048828125 2.4289646409790274e-06
1.931300048828125 3.344448432738698e-06
1.932300048828125 1.4793530092878704e-06
1.933300048828125 4.486954022424686e-06
1.934300048828125 2.0089208018850236e-06
1.935300048828125 4.326299265090061e-06
1.936300048828125 4.53913362897243e-07
1.937300048828125 4.893440511488398e-06
1.938300048828125 3.518001258098987e-06
1.939300048828125 2.767742511186473e-06
1.940300048828125 1.2744616534600356e-06
1.941300048828125 2.7843929391415683e-06
1.942300048828125 2.1862228756558614e-06
1.943300048828125 2.5175215911167488e-06
1.944300048828125 3.5110382797077024e-06
1.945300048828125 2.3120944096249356e-06
1.946300048828125 2.833467533714184e-06
1.947300048828125 5.043479189541145e-06
1.948300048828125 2.0466695292579174e-06
1.949300048828125 5.329912806248663e-06
1.950300048828125 2.500609558011953e-06
1.951300048828125 4.89833261555843e-06
1.952300048828125 1.588023945903471e-06
1.953300048828125 4.149858375555618e-06
1.954300048828125 1.319551816591475e-06
1.955300048828125 1.6242905040164758e-06
1.956300048828125 3.774994336853095e-06
1.957300048828125 4.789958125089485e-06
1.958300048828125 2.5407644339703325e-06
1.959300048828125 4.4026778004147795e-06
1.960300048828125 4.4784130138353836e-06
1.961300048828125 3.6270848349498473e-06
1.962300048828125 3.687402996376412e-06
1.963300048828125 3.4334256255440875e-06
1.964300048828125 3.491426841140015e-06
1.965300048828125 4.3468707563141764e-06
1.966300048828125 4.1875318221557666e-06
1.967300048828125 2.5515393526982546e-06
1.968300048828125 3.5345880138806377e-06
1.969300048828125 3.5203400348040754e-06
1.970300048828125 2.2123580852028213e-06
1.971300048828125 3.2748533902082573e-06
1.972300048828125 3.4142397334076307e-06
1.973300048828125 3.5307805961911203e-06
1.974300048828125 3.5991129564020878e-06
1.975300048828125 2.5250913484091226e-06
1.976300048828125 3.339646767003777e-06
1.977300048828125 3.2341410442795127e-06
1.978300048828125 3.8097104594547593e-06
1.979300048828125 1.4766719785772762e-06
1.980300048828125 4.684492680380801e-06
1.981300048828125 1.494319274813619e-06
1.982300048828125 3.7341904127203157e-06
1.983300048828125 4.6769152935475e-06
1.984300048828125 5.255795692624901e-06
1.985300048828125 2.615326045461506e-06
1.986300048828125 1.936726888556388e-06
1.987300048828125 5.436004728613788e-06
1.988300048828125 4.430773388954e-06
1.989300048828125 3.91609193818263e-06
1.990300048828125 4.244854258080146e-06
1.991300048828125 1.1500503439375024e-06
1.992300048828125 3.900086250550621e-06
1.993300048828125 3.971647761873617e-06
1.994300048828125 3.7059011069487412e-06
1.995300048828125 3.6265643252888986e-06
1.996300048828125 3.7943373252769633e-06
1.997300048828125 4.355548786414353e-06
1.998300048828125 3.6010242349246436e-06
1.999300048828125 2.871553210188749e-06
2.000300048828125 4.536055447547721e-06
2.001300048828125 4.149413580499504e-06
2.002300048828125 4.597204448369092e-06
2.003300048828125 5.2188153385671685e-06
2.004300048828125 3.4111173640801265e-06
2.005300048828125 4.804285579366446e-06
2.006300048828125 5.531456252113031e-06
2.007300048828125 7.020844505337784e-06
2.008300048828125 2.628730056302702e-06
2.009300048828125 3.728148342271504e-06
2.010300048828125 4.71747131787491e-06
2.011300048828125 3.457395789419745e-06
2.012300048828125 4.022817350853869e-06
2.013300048828125 1.809968965666311e-06
2.014300048828125 2.510120438620486e-06
2.015300048828125 4.16153337939969e-06
2.016300048828125 5.128876120002244e-06
2.017300048828125 3.050185083018114e-06
2.018300048828125 3.98272137443583e-06
2.019300048828125 4.686189763129656e-06
2.020300048828125 5.62526488927242e-06
2.021300048828125 5.024731678514502e-06
2.022300048828125 3.974129580685899e-06
2.023300048828125 3.1140611839238646e-06
2.024300048828125 5.115658909436688e-06
2.025300048828125 3.7918435649409468e-06
2.026300048828125 5.367759591644682e-06
2.027300048828125 2.716285357327989e-06
2.028300048828125 6.80699225192908e-06
2.029300048828125 3.584004870894854e-06
2.030300048828125 6.149736326354526e-06
2.031300048828125 5.7948291399830215e-06
2.032300048828125 4.3803066393497935e-06
2.033300048828125 6.983573418003208e-06
2.034300048828125 6.25158115229845e-06
2.035300048828125 4.637060065743087e-06
2.036300048828125 3.6487322312351885e-06
2.037300048828125 3.536505798292644e-06
2.038300048828125 5.848614467044131e-06
2.039300048828125 3.7941781014653846e-06
2.040300048828125 3.3841357991133723e-06
2.041300048828125 4.611189083463569e-06
2.042300048828125 1.8511063566278114e-06
2.043300048828125 7.5550613850192496e-06
2.044300048828125 2.562324347363905e-06
2.045300048828125 3.3611847199779362e-06
2.046300048828125 3.3605207740158603e-06
2.047300048828125 3.945785089636291e-06
2.048300048828125 5.449391493601357e-06
2.049300048828125 3.4259664340539165e-06
2.050300048828125 3.996291114363864e-06
2.051300048828125 4.379656524625638e-06
2.052300048828125 6.437893338593749e-06
2.053300048828125 9.374677404922283e-06
2.054300048828125 3.6532040642998128e-06
2.055300048828125 5.204809358016934e-06
2.056300048828125 6.930436757460277e-06
2.057300048828125 6.969019655746344e-06
2.058300048828125 6.371605630197281e-06
2.059300048828125 7.562053356575976e-06
2.060300048828125 6.337692854072223e-06
2.061300048828125 6.108911671979678e-06
2.062300048828125 1.0095398459705781e-05
2.063300048828125 8.197733728870507e-06
2.064300048828125 1.0909959331267013e-05
2.065300048828125 1.1096937109368957e-05
2.066300048828125 1.1714281953417735e-05
2.067300048828125 1.1373327202914853e-05
2.068300048828125 1.3908556835577998e-05
2.069300048828125 1.6343288762971894e-05
2.070300048828125 1.564820178771703e-05
2.071300048828125 1.7839990111031777e-05
2.072300048828125 2.175079098483907e-05
2.073300048828125 2.7204727644037925e-05
2.074300048828125 3.260950862963097e-05
2.075300048828125 3.6318569415582604e-05
2.076300048828125 5.026805301485879e-05
2.077300048828125 5.912774560691958e-05
2.078300048828125 6.989391925226601e-05
2.079300048828125 9.410744744067042e-05
2.080300048828125 0.0001176604445145302
2.081300048828125 0.00015543899311492798
2.082300048828125 0.00021081540926377136
2.083300048828125 0.0002832477880280816
2.084300048828125 0.00038489335817428697
2.085300048828125 0.0005401478476802209
2.086300048828125 0.0007724197324247789
2.087300048828125 0.001130816983615688
2.088300048828125 0.001672685005260502
2.089300048828125 0.002555670085499136
2.090300048828125 0.0038756665185538334
2.091300048828125 0.0058780863925491575
2.092300048828125 0.009019487974422835
2.093300048828125 0.01310053469840972
2.094300048828125 0.0186990329983993
2.095300048828125 0.025714238882163162
2.096300048828125 0.03414048955237467
2.097300048828125 0.044058188038450435
2.098300048828125 0.05553981552360469
2.099300048828125 0.06749548727825194
2.100300048828125 0.07753121921400362
2.101300048828125 0.08604069744988553
2.102300048828125 0.0953056231084931
2.103300048828125 0.10506829349119114
2.104300048828125 0.1167428549515056
2.105300048828125 0.1319534702077289
2.106300048828125 0.1481197252984558
2.107300048828125 0.1688596223959891
2.108300048828125 0.1917741059036409
2.109300048828125 0.2185540196148494
2.110300048828125 0.24811029235057272
2.111300048828125 0.28307681894126474
2.112300048828125 0.3194159347632049
2.113300048828125 0.3548949432507203
2.114300048828125 0.39257974006968765
2.115300048828125 0.4220801611643376
2.116300048828125 0.44738792238266917
2.117300048828125 0.46410445169927256
2.118300048828125 0.48029227393667184
2.119300048828125 0.48310999421849715
2.120300048828125 0.4897304223366764
2.121300048828125 0.4920878457056063
2.122300048828125 0.4935358227587462
2.123300048828125 0.4946047834473529
2.124300048828125 0.4912484492136728
2.125300048828125 0.49110524521122034
2.126300048828125 0.48677091942755585
2.127300048828125 0.47656118877608694
2.128300048828125 0.461517470470471
2.129300048828125 0.4385729387784067
2.130300048828125 0.40409443038272375
2.131300048828125 0.3711346703859325
2.132300048828125 0.3306861358157148
2.133300048828125 0.2920733504169563
2.134300048828125 0.25550493610077457
2.135300048828125 0.22115673025754126
2.136300048828125 0.18894052635388667
2.137300048828125 0.16241145068179413
2.138300048828125 0.1421676384772705
2.139300048828125 0.12299967068128476
2.140300048828125 0.10789931814373056
2.141300048828125 0.09419179518306599
2.142300048828125 0.08066872124826825
2.143300048828125 0.06796321210594376
2.144300048828125 0.0566872602735657
2.145300048828125 0.04700441528834766
2.146300048828125 0.03765132125078737
2.147300048828125 0.030067949727926514
2.148300048828125 0.023422604312491543
2.149300048828125 0.01765053838704662
2.150300048828125 0.013029535772363062
2.151300048828125 0.009245395817891505
2.152300048828125 0.006323939066202611
2.153300048828125 0.004184535818225795
2.154300048828125 0.0027514050410684422
2.155300048828125 0.001778225051645031
2.156300048828125 0.0011649230432858354
2.157300048828125 0.0007876382957648723
2.158300048828125 0.0005398978965127062
2.159300048828125 0.00037603149321828775
2.160300048828125 0.00027174511279762876
2.161300048828125 0.00019892075400246642
2.162300048828125 0.0001457864931345965
2.163300048828125 0.00011436008315784024
2.164300048828125 8.570533946385734e-05
2.165300048828125 6.982419596246438e-05
2.166300048828125 5.496806241458748e-05
2.167300048828125 4.529412794458422e-05
2.168300048828125 3.3422821039578304e-05
2.169300048828125 2.713058241747529e-05
2.170300048828125 2.3887327885574974e-05
2.171300048828125 2.5405632301176226e-05
2.172300048828125 1.6341323564739202e-05
2.173300048828125 1.528530340235954e-05
2.174300048828125 1.4047534218027247e-05
2.175300048828125 1.4162147424794084e-05
2.176300048828125 1.0958844464882178e-05
2.177300048828125 1.1435662840568687e-05
2.178300048828125 1.0032823655662766e-05
2.179300048828125 8.997266315715063e-06
2.180300048828125 1.0941355305320563e-05
2.181300048828125 9.347185797497906e-06
2.182300048828125 1.1028487622954271e-05
2.183300048828125 2.9494308177028078e-06
2.184300048828125 6.912041232181365e-06
2.185300048828125 6.114092464056768e-06
2.186300048828125 7.3128544794299425e-06
2.187300048828125 5.366532543332662e-06
2.188300048828125 4.8582628846253595e-06
2.189300048828125 3.511038261325159e-06
2.190300048828125 8.831173438733662e-06
2.191300048828125 8.172027532142426e-06
2.192300048828125 6.7013984845283825e-06
2.193300048828125 3.2707403538243134e-06
2.194300048828125 8.034831249521078e-06
2.195300048828125 4.922013430071853e-06
2.196300048828125 5.514282877216102e-06
2.197300048828125 6.631084966565695e-06
2.198300048828125 7.988691676463508e-06
2.199300048828125 4.8010967719659275e-06
2.200300048828125 6.811573114545391e-06
2.201300048828125 4.149040595814195e-06
2.202300048828125 8.9446651451742e-06
2.203300048828125 8.286942137241139e-06
2.204300048828125 6.7703417644595515e-06
2.205300048828125 6.789222467101753e-06
2.206300048828125 6.970650967971919e-06
2.207300048828125 4.208422760688798e-06
2.208300048828125 6.9221433971878075e-06
2.209300048828125 6.134669733153394e-06
2.210300048828125 2.9742497892393375e-06
2.211300048828125 6.400516739755245e-06
2.212300048828125 9.468783664627057e-06
2.213300048828125 2.8713791699984688e-06
2.214300048828125 1.0012765870281645e-05
2.215300048828125 5.019296848117277e-06
2.216300048828125 6.966078321180436e-06
2.217300048828125 5.6653400324461485e-06
2.218300048828125 1.5183789261786205e-05
2.219300048828125 1.29129882496729e-05
2.220300048828125 3.0325316230940353e-06
2.221300048828125 8.683645414271015e-06
2.222300048828125 6.623665451739234e-06
2.223300048828125 1.0215786382424989e-05
2.224300048828125 5.017499699804282e-06
2.225300048828125 8.226500913138676e-06
2.226300048828125 6.774924546674441e-06
2.227300048828125 7.630404873283665e-06
2.228300048828125 1.4134240517516716e-06
2.229300048828125 1.2563403219073802e-05
2.230300048828125 7.844191342343184e-06
2.231300048828125 1.2530629259211902e-05
2.232300048828125 6.388716832298871e-06
2.233300048828125 7.313373490335821e-06
2.234300048828125 2.0338195755256236e-06
2.235300048828125 8.099445564437091e-06
2.236300048828125 5.808443755881038e-06
2.237300048828125 8.72909537791323e-06
2.238300048828125 4.9731574272671e-06
2.239300048828125 1.1648535504598597e-05
2.240300048828125 9.761131768399797e-06
2.241300048828125 1.2128612108322441e-05
2.242300048828125 1.3253675869365875e-05
2.243300048828125 5.374505205191642e-06
2.244300048828125 6.37473037158651e-06
2.245300048828125 1.6054689534941656e-05
2.246300048828125 1.2205835305955212e-05
2.247300048828125 9.093381139840931e-06
2.248300048828125 6.200306785780993e-06
2.249300048828125 1.242021966870885e-05
2.250300048828125 1.3768992823736783e-05
2.251300048828125 1.2898521536616825e-05
2.252300048828125 4.98061561507049e-06
2.253300048828125 9.838600021384432e-06
2.254300048828125 4.1132327436268964e-06
2.255300048828125 8.023693897032292e-06
2.256300048828125 1.1125308930283508e-05
2.257300048828125 4.911132726291788e-11
2.258300048828125 8.003740308088746e-06
2.259300048828125 8.437426199850903e-06
2.260300048828125 6.951576492425218e-06
2.261300048828125 6.439457630528893e-06
2.262300048828125 8.242894055187914e-06
2.263300048828125 9.28336084790502e-06
2.264300048828125 1.900150823276099e-05
2.265300048828125 4.221005952932569e-06
2.266300048828125 9.355509496508886e-06
2.267300048828125 7.698814172627903e-06
2.268300048828125 4.034842596719214e-06
2.269300048828125 8.406448890547751e-06
2.270300048828125 9.45258722987998e-06
2.271300048828125 5.0058352455460655e-06
2.272300048828125 1.3612246787412687e-05
2.273300048828125 1.0113528931190621e-05
2.274300048828125 1.2336459185708693e-05
2.275300048828125 1.4575344326260789e-05
2.276300048828125 5.513130913384135e-06
2.277300048828125 4.267192830869804e-06
2.278300048828125 1.0738868521833423e-05
2.279300048828125 7.956517191201749e-06
2.280300048828125 7.684255846802075e-06
2.281300048828125 6.9600033916491775e-06
2.282300048828125 7.997163322135084e-06
2.283300048828125 7.000483154322612e-06
2.284300048828125 5.5058654554593416e-06
2.285300048828125 6.310062807139397e-06
2.286300048828125 8.780589709587176e-06
2.287300048828125 1.7294158577082425e-06
2.288300048828125 7.577551507115166e-06
2.289300048828125 7.851534250441167e-06
2.290300048828125 9.17545381736423e-06
2.291300048828125 7.709884575475662e-06
2.292300048828125 3.1040795543586615e-06
2.293300048828125 3.0322270822660456e-06
2.294300048828125 8.315340334506105e-06
2.295300048828125 5.925990852150398e-06
2.296300048828125 4.149082248763407e-06
2.297300048828125 3.884884186198357e-06
2.298300048828125 1.0474600436399992e-06
2.299300048828125 6.300410833815366e-06
2.300300048828125 5.563457932675475e-06
2.301300048828125 3.8023346976141675e-06
2.302300048828125 1.1117315189208894e-06
2.303300048828125 5.549678912391e-06
2.304300048828125 3.648311536378522e-06
2.305300048828125 2.375578072548296e-06
2.306300048828125 4.165724130138115e-06
2.307300048828125 3.9583719075928425e-06
2.308300048828125 3.839689941572253e-06
2.309300048828125 2.181668551317645e-06
2.310300048828125 1.952067424830879e-06
2.311300048828125 3.821145769657047e-06
2.312300048828125 3.2183198509174184e-06
2.313300048828125 4.52390494458154e-06
2.314300048828125 2.1610249521352907e-06
2.315300048828125 2.6676957819791503e-06
2.316300048828125 2.077891144452499e-06
2.317300048828125 3.688135165869852e-07
2.318300048828125 2.854902332782545e-06
2.319300048828125 1.6713990373338729e-06
2.320300048828125 2.401244248311076e-06
2.321300048828125 6.01355513497987e-07
2.322300048828125 1.2498467214190188e-06
2.323300048828125 1.5754531260998665e-06
2.324300048828125 8.230010777887807e-07
2.325300048828125 6.678830120086721e-07
2.326300048828125 1.4119595016195681e-06
2.327300048828125 1.507945236659053e-06
2.328300048828125 1.440711525654876e-06
2.329300048828125 1.0999668969873347e-06
2.330300048828125 3.624112519177156e-07
2.331300048828125 3.32378882983623e-06
2.332300048828125 2.193247820008251e-06
2.333300048828125 1.5293788966094002e-06
2.334300048828125 1.943640068803896e-06
2.335300048828125 1.666890503798148e-06
2.336300048828125 1.2365460356187412e-06
2.337300048828125 1.5372384791259212e-06
2.338300048828125 9.925612832757646e-07
2.339300048828125 9.462570346319634e-07
2.340300048828125 6.972149573344243e-07
2.341300048828125 3.5706050721114555e-07
2.342300048828125 1.063198818499666e-06
2.343300048828125 1.3963489100016886e-06
2.344300048828125 1.332710698437221e-06
2.345300048828125 8.499202147007148e-07
2.346300048828125 3.882103207105219e-07
2.347300048828125 1.3169369953563217e-06
2.348300048828125 7.449313999024117e-07
2.349300048828125 1.2654271385797423e-06
2.350300048828125 1.0671299703741427e-06
2.351300048828125 5.745350729988259e-07
2.352300048828125 7.917025935050556e-07
2.353300048828125 8.602272141168218e-07
2.354300048828125 1.09183228021646e-06
2.355300048828125 7.476333121084784e-07
2.356300048828125 9.151776345025879e-07
2.357300048828125 8.360441150232953e-07
2.358300048828125 5.138254834313528e-07
2.359300048828125 1.01144671739668e-06
2.360300048828125 8.122948906998047e-07
2.361300048828125 4.3083282094912187e-07
2.362300048828125 7.254802794073167e-07
2.363300048828125 8.573818255779888e-07
2.364300048828125 4.907997135756953e-07
2.365300048828125 4.5662310043707884e-07
2.366300048828125 5.940116294467223e-07
2.367300048828125 5.870809709002984e-07
2.368300048828125 4.1585688550725086e-07
2.369300048828125 3.069288255730025e-07
2.370300048828125 2.1736661250337364e-07
2.371300048828125 7.077723267010622e-08
2.372300048828125 1.5041641277950348e-07
2.373300048828125 1.6830186940249748e-07
2.374300048828125 1.8850858052764832e-07
2.375300048828125 1.0039471660654658e-07
2.376300048828125 9.520530298967121e-08
2.377300048828125 1.113271997178801e-07
2.378300048828125 1.4138748781660531e-07
2.379300048828125 1.3426521829382513e-07
2.380300048828125 1.0013768140248572e-07
2.381300048828125 1.5299969255737547e-07
2.382300048828125 1.448439700458974e-07
2.383300048828125 4.876577709996701e-08
2.384300048828125 7.300513404891964e-08
2.385300048828125 5.306622029240882e-08
2.386300048828125 1.1265296250355069e-07
2.387300048828125 5.4102573949566105e-08
2.388300048828125 5.2315023044050564e-08
2.389300048828125 6.848952929356578e-08
2.390300048828125 5.8922930923392195e-08
2.391300048828125 5.7749721924904304e-08
2.392300048828125 1.9737471643062018e-08
2.393300048828125 2.996425424077796e-08
2.394300048828125 3.3784422199792827e-08
2.395300048828125 4.2739491055457925e-08
2.396300048828125 3.123253404538641e-08
2.397300048828125 3.7054804560956186e-08
2.398300048828125 1.9584734364085132e-08
2.399300048828125 2.522971635716957e-08
2.400300048828125 1.860925184361708e-08
2.401300048828125 2.837671698691588e-08
2.402300048828125 2.075912527326541e-08
2.403300048828125 1.3621779740056779e-08
2.404300048828125 1.8325287087559188e-08
2.405300048828125 1.2926583511718977e-08
2.406300048828125 1.3339738793674444e-08
2.407300048828125 9.448971918025731e-09
2.408300048828125 9.637557014577693e-09
2.409300048828125 1.001392785865906e-08
2.410300048828125 8.35118613650327e-09
2.411300048828125 6.475141312954254e-09
2.412300048828125 3.6665505928934735e-09
2.413300048828125 5.942140932296978e-09
2.414300048828125 2.9146324401458195e-09
2.415300048828125 4.45883064216513e-09
2.416300048828125 4.711450933714345e-09
2.417300048828125 2.4546149663482553e-09
2.418300048828125 3.5900604609503117e-09
2.419300048828125 2.29425169451947e-09
2.420300048828125 1.581874811210979e-09
2.421300048828125 2.334546206752285e-09
2.422300048828125 1.8863516191974433e-09
2.423300048828125 1.5847734582117979e-09
2.424300048828125 1.1812474118047165e-09
2.425300048828125 6.809971241586728e-10
2.426300048828125 1.0268400009620424e-09
2.427300048828125 3.9341857773614046e-10
2.428300048828125 1.0352370013095104e-09
2.429300048828125 7.460617885879845e-10
2.430300048828125 4.845716155742599e-10
2.431300048828125 7.164871535069863e-10
2.432300048828125 1.9142364236439983e-10
2.433300048828125 2.5856534698547926e-10
2.434300048828125 4.519693363424212e-10
2.435300048828125 4.745848209679053e-10
2.436300048828125 2.5321206648864024e-10
2.437300048828125 3.095083916357489e-10
2.438300048828125 2.1391610119882769e-10
2.439300048828125 9.685252368325432e-11
2.440300048828125 1.3051875902859994e-10
2.441300048828125 2.114760637123207e-10
2.442300048828125 1.7310479438352567e-10
2.443300048828125 8.751957871251558e-11
2.444300048828125 3.3006267362687564e-11
2.445300048828125 8.876272926111239e-11
2.446300048828125 4.273529530511248e-11
2.447300048828125 2.0016393843784965e-11
2.448300048828125 2.6667990970067862e-11
2.449300048828125 2.9499422986131365e-11
2.450300048828125 3.054732286218347e-11
2.451300048828125 3.371665819657077e-11
2.452300048828125 3.805115289098746e-11
2.453300048828125 2.5389474932424394e-11
2.454300048828125 2.3288628210612576e-11
2.455300048828125 3.9058075834180356e-11
2.456300048828125 3.67722522488215e-11
2.457300048828125 9.328442837038763e-12
2.458300048828125 5.213246023998501e-11
2.459300048828125 2.532767409388925e-11
2.460300048828125 2.202682872491735e-11
2.461300048828125 2.7057184554948036e-11
2.462300048828125 2.274338085643195e-11
2.463300048828125 2.2484358348190096e-11
2.464300048828125 1.4603929400113e-11
2.465300048828125 2.7109205251054888e-12
2.466300048828125 9.780780332998508e-12
2.467300048828125 1.384064694953631e-11
2.468300048828125 1.3310718930492088e-11
2.469300048828125 1.1133651536977204e-11
2.470300048828125 1.146518291770825e-11
2.471300048828125 1.2578256769357978e-11
2.472300048828125 1.0806521780616673e-11
2.473300048828125 1.354114943732625e-11
2.474300048828125 5.969801338823023e-12
2.475300048828125 1.1369686485051527e-11
2.476300048828125 9.273776364840957e-12
2.477300048828125 9.287149012125154e-12
2.478300048828125 9.177974410194805e-12
2.479300048828125 4.822029092155901e-12
2.480300048828125 2.5927870231114645e-12
2.481300048828125 5.687261360166679e-12
2.482300048828125 3.74993957658189e-12
2.483300048828125 1.4673590057220937e-12
2.484300048828125 2.38978086547107e-12
2.485300048828125 2.696030670369301e-12
2.486300048828125 3.1825028803168022e-12
2.487300048828125 3.803354237049033e-12
2.488300048828125 2.813191452152527e-12
2.489300048828125 2.63386501203519e-12
2.490300048828125 1.968792592883684e-12
2.491300048828125 2.2236209342982136e-12
2.492300048828125 1.111410151391091e-12
2.493300048828125 1.3618850457128502e-12
2.494300048828125 1.4619784233597858e-12
2.495300048828125 5.840714359928046e-13
2.496300048828125 1.0447420505746339e-12
2.497300048828125 1.0145105547235355e-12
2.498300048828125 6.561810816807091e-13
2.499300048828125 8.114877339075453e-13
2.500300048828125 9.271311479696407e-13
2.501300048828125 5.704300317999806e-13
2.502300048828125 7.400511152933133e-13
2.503300048828125 7.524886050310815e-13
2.504300048828125 4.907551813679792e-13
2.505300048828125 5.761904666637374e-13
2.506300048828125 2.7222392714809356e-13
2.507300048828125 4.624311270158066e-13
2.508300048828125 2.994144050417439e-13
2.509300048828125 1.4382699175652013e-13
2.510300048828125 1.6274355022945066e-13
2.511300048828125 2.395815325756894e-13
2.512300048828125 9.373914926262237e-14
2.513300048828125 1.2402226274720768e-13
2.514300048828125 1.2569835704668034e-13
2.515300048828125 1.3107362376125638e-13
2.516300048828125 1.1683968159722845e-13
2.517300048828125 9.908800258193194e-14
2.518300048828125 6.686237432811993e-14
2.519300048828125 6.029585816027159e-14
2.520300048828125 7.554497338692843e-14
2.521300048828125 4.82070530158831e-14
2.522300048828125 3.306466032458472e-14
2.523300048828125 8.55367457467029e-14
2.524300048828125 3.169027047725188e-14
2.525300048828125 3.2425640992379575e-14
2.526300048828125 5.6237822739054584e-14
2.527300048828125 3.5900369003064693e-14
2.528300048828125 3.451884026389054e-14
2.529300048828125 3.1615793617997245e-14
2.530300048828125 4.760685793803722e-14
2.531300048828125 2.115362636398624e-14
2.532300048828125 4.368907735400934e-14
2.533300048828125 2.6482514920515192e-14
2.534300048828125 2.1907784479817643e-14
2.535300048828125 2.605403094540206e-14
2.536300048828125 1.9705040172645748e-14
2.537300048828125 3.004943047616698e-14
2.538300048828125 1.7406470258236586e-14
2.539300048828125 1.2920132563856621e-14
2.540300048828125 1.269664213460736e-14
2.541300048828125 1.6474198426131683e-14
2.542300048828125 2.8438382184065913e-15
2.543300048828125 1.2257283638797165e-14
2.544300048828125 1.1444046110839514e-14
2.545300048828125 1.0642977481070886e-14
2.546300048828125 5.2518347942311595e-15
2.547300048828125 1.7742745099836253e-15
2.548300048828125 7.49403445711685e-15
2.549300048828125 1.989359050761209e-15
2.550300048828125 4.621711278971734e-15
2.551300048828125 2.8653948563465186e-15
2.552300048828125 2.9447644663322115e-15
2.553300048828125 2.367453026423035e-15
2.554300048828125 5.946673813474816e-15
2.555300048828125 1.5887394034206247e-15
2.556300048828125 1.8138710879067515e-15
2.557300048828125 4.093287529943576e-15
2.558300048828125 1.0631870712850226e-15
2.559300048828125 2.6211182048351302e-15
2.560300048828125 2.083508523042469e-15
2.561300048828125 1.4797482459693578e-15
2.562300048828125 1.8641601052694692e-15
2.563300048828125 2.8396047244944866e-16
2.564300048828125 1.5399315834508401e-15
2.565300048828125 4.305745651163694e-16
2.566300048828125 8.777217514497555e-16
2.567300048828125 3.0545099281091294e-16
2.568300048828125 1.1495050790247424e-15
2.569300048828125 7.060010696338663e-16
2.570300048828125 5.298570569716508e-16
2.571300048828125 3.066469816754721e-16
2.572300048828125 3.257318434469854e-16
2.573300048828125 4.767457823661304e-16
2.574300048828125 3.4458488989443146e-16
2.575300048828125 2.0768383644842073e-16
2.576300048828125 2.4387756846179684e-16
2.577300048828125 1.3185179060237849e-16
2.578300048828125 3.398360316903066e-16
2.579300048828125 2.1164228839879556e-16
2.580300048828125 5.055764920525825e-16
2.581300048828125 3.9603121998829377e-16
2.582300048828125 8.58756613213785e-17
2.583300048828125 2.2111982647867506e-16
2.584300048828125 1.4133272833298796e-16
2.585300048828125 1.3246713761627352e-16
2.586300048828125 2.0898955115028966e-16
2.587300048828125 1.1203369272962897e-16
2.588300048828125 8.885851639149596e-17
2.589300048828125 1.1054295882976593e-16
2.590300048828125 8.107071571297967e-17
2.591300048828125 8.096754898884788e-17
2.592300048828125 3.735573502189214e-17
2.593300048828125 6.13506967202366e-17
2.594300048828125 3.926867000269392e-17
2.595300048828125 3.392719797950776e-17
2.596300048828125 2.4182562580217574e-17
2.597300048828125 2.5348580584390822e-17
2.598300048828125 1.5229969309788692e-17
