Wavelength_microns Throughput
2.0004663860000003 1.002382258102489e-11
2.002074478 8.157757152518592e-12
2.00368257 7.18263476521615e-12
2.005290662 7.375919206793582e-12
2.006898754 7.054574303950613e-12
2.008506846 5.841830555835421e-12
2.010114938 5.106155170673355e-12
2.01172303 4.742609618316616e-12
2.013331122 4.357276946938251e-12
2.014939214 3.971538261195727e-12
2.016547306 3.526424769182757e-12
2.018155398 3.1116244335213406e-12
2.01976349 3.1349410286226162e-12
2.021371582 3.632254593214049e-12
2.022979674 3.400684709146246e-12
2.0245877660000002 2.7025601862594184e-12
2.026195858 2.824058681463591e-12
2.027803949 3.499399067633505e-12
2.029412041 3.5919687700915722e-12
2.031020133 3.305330104033724e-12
2.032628225 3.34519855450885e-12
2.034236317 3.5183258721288016e-12
2.035844409 3.8028585910766e-12
2.037452501 4.154634870710726e-12
2.039060593 4.087039144557645e-12
2.040668685 3.8842889816238455e-12
2.042276777 3.656785452718484e-12
2.0438848689999998 3.452656699252153e-12
2.045492961 2.9425009919777764e-12
2.047101053 2.408344129987329e-12
2.0487091449999997 2.6470843254337098e-12
2.0503172370000002 3.316043510634799e-12
2.0519253290000004 3.085801584795237e-12
2.053533421 2.613429408841455e-12
2.055141513 2.781718658333255e-12
2.056749605 3.2967787116977577e-12
2.058357697 3.3538507297623537e-12
2.059965788 3.304154976866066e-12
2.06157388 3.137514479145485e-12
2.0631819719999998 3.067600004471447e-12
2.064790064 3.616986385878648e-12
2.066398156 4.791667914362382e-12
2.068006248 4.999612123451304e-12
2.06961434 4.859608914145417e-12
2.071222432 5.0958240370730665e-12
2.072830524 5.722065432467305e-12
2.074438616 5.173061647113488e-12
2.076046708 3.3801560403546117e-12
2.0776548 2.642033882956967e-12
2.079262892 3.057189276858978e-12
2.080870984 3.670981543491993e-12
2.0824790760000003 4.8674707966947015e-12
2.084087168 6.453847831144229e-12
2.08569526 8.16886852924349e-12
2.0873033519999997 1.0192556970443341e-11
2.088911444 1.0370787236847105e-11
2.090519536 1.0612797491184163e-11
2.092127627 1.5478105187219707e-12
2.0937357189999997 2.346898714477527e-13
2.0953438110000002 7.535992555523673e-14
2.0969519030000003 3.802921694009858e-14
2.098559995 3.969483274750612e-14
2.100168087 4.685681241131994e-14
2.101776179 5.502772885856789e-14
2.103384271 6.486255375010406e-14
2.104992363 7.616389354354445e-14
2.1066004549999997 8.835194068044792e-14
2.1082085470000003 1.0188574236660105e-13
2.109816639 1.1578005759080138e-13
2.111424731 1.2948562157852505e-13
2.113032823 1.4192778318443597e-13
2.114640915 1.5175368679956853e-13
2.116249007 1.5976329987683595e-13
2.1178570989999996 1.6394141581658946e-13
2.1194651909999997 1.6563300209079148e-13
2.1210732830000003 1.6510499845893254e-13
2.122681375 1.6259866256525187e-13
2.124289466 1.5824595858301503e-13
2.125897558 1.5383195484162172e-13
2.1275056500000002 1.492934814489221e-13
2.129113742 1.4455204207640298e-13
2.130721834 1.4040299918559783e-13
2.1323299259999997 1.3630342857911713e-13
2.133938018 1.3242365104935054e-13
2.1355461100000004 1.2900615230283243e-13
2.137154202 1.2644136982092144e-13
2.138762294 1.239549127985811e-13
2.140370386 1.2215058542467198e-13
2.141978478 1.2026918915460663e-13
2.14358657 1.191737003483866e-13
2.1451946619999998 1.18368641066223e-13
2.146802754 1.177999105686381e-13
2.1484108460000004 1.1751292847155639e-13
2.150018938 1.1750837854825265e-13
2.15162703 1.178294614221953e-13
2.153235122 1.184784371839115e-13
2.154843214 1.1921749181679433e-13
2.156451305 1.204504346550683e-13
2.158059397 1.2163088834900453e-13
2.159667489 1.2342333282940447e-13
2.161275581 1.2562218759890534e-13
2.1628836729999996 1.2764626221150325e-13
2.164491765 1.3022627564759542e-13
2.1660998570000003 1.3312935272141133e-13
2.167707949 1.363683897844592e-13
2.169316041 1.3994573854371247e-13
2.170924133 1.4355828569875698e-13
2.172532225 1.4806242957982007e-13
2.174140317 1.528428015784656e-13
2.1757484089999997 1.5812076127745164e-13
2.177356501 1.6393027017425653e-13
2.1789645930000003 1.7030507184218206e-13
2.180572685 1.773735068250954e-13
2.182180777 1.8513304073788913e-13
2.183788869 1.9390233705804546e-13
2.185396961 2.039155077958667e-13
2.187005053 2.1444584813751464e-13
2.1886131449999997 2.2624201050370774e-13
2.1902212359999997 2.3932837878890743e-13
2.191829328 2.539728504905783e-13
2.1934374200000004 2.70437852135074e-13
2.195045512 2.8885450937404656e-13
2.196653604 3.100579117305196e-13
2.198261696 3.339111129531698e-13
2.199869788 3.6094053293633297e-13
2.20147788 3.9273545821483744e-13
2.203085972 4.2836797623280195e-13
2.204694064 4.701091334119269e-13
2.206302156 5.18909770669149e-13
2.207910248 5.763791435157211e-13
2.2095183400000002 6.461141282035378e-13
2.211126432 7.292927783857745e-13
2.212734524 8.30093291487542e-13
2.2143426159999997 9.559752202376716e-13
2.215950708 1.1115740043577726e-12
2.2175588 1.3098583053375702e-12
2.219166892 1.5545891779307119e-12
2.220774984 1.8548457315505126e-12
2.221786975 2.0733223016898327e-12
2.222987941 2.3568633692314383e-12
2.2241889070000003 2.6480534350442677e-12
2.225389873 2.9243342792413976e-12
2.226590839 3.1715128082799395e-12
2.227791805 3.367381583503139e-12
2.228992771 3.516000553169968e-12
2.230193737 3.6201501174762484e-12
2.231394703 3.701416299520988e-12
2.2325956689999997 3.783064982089849e-12
2.233796635 3.880668872331056e-12
2.234997601 4.001410049779101e-12
2.2361985669999997 4.1727118783962285e-12
2.2373995329999996 4.378333351237178e-12
2.238600498 4.632680968672626e-12
2.239801464 4.934579148310731e-12
2.24100243 5.300175486873783e-12
2.242203396 5.7280918252920686e-12
2.243404362 6.223675216672752e-12
2.244605328 6.799120793478905e-12
2.245806294 7.454149719770354e-12
2.2470072599999997 7.197079513219957e-10
2.248208226 8.844673387478246e-10
2.249409192 9.38955992960972e-09
2.2506101579999997 3.1965901114544225e-09
2.251811124 1.4879334624660236e-08
2.2530120900000004 1.8604197101725083e-08
2.254213056 3.1133800334995305e-08
2.255414021 2.960090609047758e-08
2.256614987 1.8269359525570337e-08
2.2578159529999997 3.075100782297864e-08
2.259016919 3.4617588535195703e-08
2.260217885 2.404830844646443e-11
2.2614188509999997 3.4427201452943435e-09
2.2626198169999996 3.3633282477544045e-08
2.2638207830000003 3.6043488514501726e-08
2.265021749 8.223156627417679e-08
2.266222715 5.076821028578656e-08
2.2674236810000004 5.6594143578020934e-08
2.268624647 7.996884111261294e-08
2.269825613 8.032049600322504e-08
2.271026579 1.2336592396532934e-07
2.2722275450000002 1.4487877082919612e-07
2.27342851 1.1633183311957627e-07
2.274629476 1.847443043175145e-07
2.2758304419999997 2.0509206901632397e-07
2.277031408 1.9953574654560425e-07
2.2782323740000003 1.5723515076286816e-07
2.27943334 1.9364176616341638e-07
2.280634306 1.4500136180155485e-07
2.281835272 1.2254072655449778e-07
2.283036238 1.8642255211756427e-07
2.284237204 1.6812269582356453e-07
2.28543817 1.6885724216403113e-07
2.286639136 2.5534868914063937e-07
2.287840102 2.627517149559832e-07
2.289041068 2.218372053468647e-07
2.290242034 2.938923093345169e-07
2.291442999 2.9736458666709686e-07
2.2926439650000003 3.428645253567043e-07
2.293844931 3.911017883737111e-07
2.295045897 5.148228075052028e-07
2.296246863 5.969632815346228e-07
2.297447829 6.739903625204692e-07
2.298648795 7.035991238452021e-07
2.299849761 6.318777002841944e-07
2.301050727 7.351174612852248e-07
2.302251693 8.228310291638025e-07
2.303452659 7.128760828636457e-07
2.304653625 6.899820665824671e-07
2.3058545909999997 8.469035280651262e-07
2.307055557 8.594731493269661e-07
2.308256523 1.204925524081247e-06
2.309457488 1.1615391099014092e-06
2.310658454 1.3388072417054106e-06
2.3118594199999998 1.4707624894091916e-06
2.313060386 1.3972497054119171e-06
2.314261352 1.9340570837412696e-06
2.315462318 2.1512397695644488e-06
2.316663284 2.533968544750386e-06
2.31786425 3.111516117571803e-06
2.319065216 3.838768561562618e-06
2.3202661819999997 4.194041189841839e-06
2.321467148 3.8378574682216275e-06
2.322668114 5.098212799238886e-06
2.32386908 4.5389731998418575e-06
2.325070046 4.571367165723815e-06
2.3262710120000003 4.411717140749144e-06
2.327471977 6.4811819573893425e-06
2.328672943 3.853191952836223e-06
2.329873909 2.9256402097611667e-06
2.3310748749999997 5.918786109335571e-06
2.332275841 5.114446885542775e-06
2.333476807 5.175382604101257e-06
2.3346777729999997 4.430433947430642e-06
2.3358787390000004 3.3209964543025243e-06
2.3370797050000003 3.889658147453823e-06
2.338280671 5.721322037203081e-06
2.339481637 4.82290094861924e-06
2.3406826030000003 6.464569025641619e-06
2.341883569 5.481803728764496e-06
2.343084535 7.703312618220164e-06
2.344285501 8.4835828028539e-06
2.3454864659999997 1.0087393842307105e-05
2.346687432 1.064308468168572e-05
2.3478883980000003 9.053710196906183e-06
2.349089364 8.931145097855671e-06
2.35029033 1.0784068698825129e-05
2.3514912960000003 1.1620268721469092e-05
2.352692262 9.379528860740804e-06
2.353893228 7.869075204738052e-06
2.355094194 7.678804127731116e-06
2.35629516 8.0106265102697e-06
2.357496126 8.297684204517352e-06
2.358697092 9.010917765911752e-06
2.359898058 8.853065903460272e-06
2.361099024 7.993226549551164e-06
2.3622999890000003 8.458424295436124e-06
2.363500955 1.0809354206937618e-05
2.364701921 1.2442825605650694e-05
2.3659028870000003 1.5837095907596214e-05
2.367103853 1.716816644967842e-05
2.368304819 2.1464516736195482e-05
2.369505785 2.7329658117875845e-05
2.370706751 4.5500437259976384e-05
2.371907717 6.343282828945598e-05
2.373108683 8.663393627606175e-05
2.3743096489999997 0.00011689643159091227
2.375510615 0.00014963001351850754
2.376711581 0.00019257800848438024
2.3779125469999998 0.00023701772035923012
2.3791135129999996 0.0002959187429401906
2.380314478 0.0003769382292329433
2.381515444 0.0004735797782996564
2.38271641 0.0005933215095794338
2.383917376 0.000740276432573529
2.385118342 0.0009248614125988796
2.386319308 0.0011538206830586906
2.387520274 0.0014438440678317666
2.3887212399999997 0.0018103270371142535
2.389922206 0.0022694091694877125
2.391123172 0.00285100087538243
2.3923241379999998 0.003588301329967801
2.3935251039999996 0.004538821345770809
2.3947260700000004 0.0057653630156876265
2.3959270360000002 0.007342668918146834
2.397128002 0.009399465374890562
2.398328967 0.012094333879754076
2.3995299329999997 0.015626448103918323
2.400730899 0.020259824232817806
2.401931865 0.026335414576601962
2.4031328309999997 0.03429264929271448
2.4043337969999996 0.044625875401900876
2.405534763 0.057895263240392646
2.406735729 0.07466222606455215
2.407936695 0.09538111123163201
2.4091376610000004 0.1203166852888679
2.4103386270000002 0.14932227007526977
2.411539593 0.18170708609197583
2.412740559 0.21624103265940922
2.4139415250000003 0.25117109900712586
2.415142491 0.28443379960629883
2.416343456 0.31410316291013296
2.4175444219999997 0.3388113055633638
2.4187453879999996 0.3579223995987719
2.4199463540000004 0.37165086900444844
2.42114732 0.3810800698226627
2.422348286 0.387442903468609
2.423549252 0.39101868011871205
2.4247502180000002 0.39302001580912116
2.425951184 0.3941016430916517
2.42715215 0.3946890705901797
2.4283531160000003 0.3950624379755469
2.429554082 0.39543583119725173
2.430755048 0.39591557336500205
2.431956014 0.3965214345556895
2.43315698 0.3972625060109558
2.4343579450000004 0.3980973699005071
2.435558911 0.39901033284372095
2.436759877 0.39999021467057655
2.437960843 0.4010575570535362
2.4391618090000002 0.4020985053216481
2.440362775 0.40309149996826404
2.441563741 0.4039976464660834
2.442764707 0.40483912374424685
2.443965673 0.4055818861177406
2.445166639 0.4062319680886688
2.446367605 0.40677077382968174
2.4475685709999997 0.40693392981286103
2.448769537 0.4070527822522115
2.449970503 0.40686084067343825
2.4511714689999997 0.4064907280496454
2.452372434 0.4060388583104969
2.4535734000000002 0.40552568148165763
2.454774366 0.40494272371042866
2.455975332 0.4044789985962887
2.457176298 0.4039833804943055
2.458377264 0.4034909835289622
2.45957823 0.403000562655867
2.460779196 0.4024846987860198
2.4619801619999997 0.40197808533196006
2.463181128 0.4015283692808874
2.464382094 0.40114244218991946
2.4655830599999997 0.4008358106948387
2.466784026 0.400603376289121
2.4679849920000003 0.4004677584812671
2.469185958 0.4006389686797332
2.470386923 0.4007930407456775
2.471587889 0.40113171901613304
2.4727888549999997 0.4015929904558275
2.473989821 0.40253807690294824
2.475190787 0.4033554533671068
2.4763917529999997 0.40414869701743283
2.477592719 0.4050463570553772
2.4787936850000003 0.4060060202892516
2.479994651 0.4070890024221573
2.481195617 0.40786916688774894
2.4823965830000003 0.40857064777586793
2.483597549 0.4096274795787325
2.484798515 0.41049396065148464
2.485999481 0.41141327010213447
2.4872004459999997 0.41229090746549213
2.488401412 0.41301663340310235
2.489602378 0.4136070447971482
2.490803344 0.4141741314529117
2.49200431 0.4146094427887903
2.4932052760000003 0.4150053799493863
2.494406242 0.41535292351295744
2.495607208 0.4155664701873979
2.496808174 0.41568665537056226
2.49800914 0.4156716013273039
2.499210106 0.4155353465792495
2.500411072 0.41533372941937646
2.501612038 0.41505068922334193
2.502813004 0.4146790389699948
2.50401397 0.4142711672470548
2.505214935 0.413825596461536
2.506415901 0.413349090067364
2.5076168670000003 0.41287091559906186
2.508817833 0.4124249527096706
2.510018799 0.4119702668877487
2.511219765 0.41156424087855126
2.512420731 0.4112905416196394
2.513621697 0.4111347035875261
2.514822663 0.4110290792637355
2.5160236289999998 0.4109988648091462
2.517224595 0.41100619115848935
2.518425561 0.4110753536206034
2.519626527 0.41121173038197006
2.5208274929999996 0.4114016393643745
2.522028459 0.41163825851191144
2.523229424 0.41193064362515786
2.52443039 0.4122561386531596
2.525631356 0.4125866398829117
2.526832322 0.4129506647335824
2.528033288 0.4133311866518741
2.529234254 0.4136872827364772
2.5304352199999998 0.41406201763285755
2.531636186 0.4144753070140973
2.532837152 0.41496639426724463
2.534038118 0.41544242356413674
2.5352390839999996 0.4159046206258085
2.53644005 0.4163123607433386
2.5376410160000002 0.4166594008611958
2.538841982 0.41699776636193037
2.540042948 0.4172716093178807
2.5412439129999997 0.417504838237835
2.542444879 0.4177234431637803
2.543645845 0.41786486038037374
2.5448468109999998 0.4179434410366745
2.546047777 0.4180008562063635
2.547248743 0.41801207383097005
2.548449709 0.41796521702617623
2.5496506749999996 0.41786415508949243
2.5508516410000004 0.4177057082579788
2.5520526070000003 0.4175454109033643
2.553253573 0.41738068758019176
2.554454539 0.4170351483831324
2.5556555050000003 0.4165914066764204
2.556856471 0.41604306586552126
2.558057437 0.4153331666723358
2.5592584019999998 0.41449115633485073
2.5604593679999996 0.41355979333812476
2.561660334 0.41245884286142775
2.5628613000000002 0.4112165448405441
2.564062266 0.40992854219609026
2.565263232 0.40852377439369053
2.5664641980000003 0.40714126735598516
2.567665164 0.4058801552167419
2.56886613 0.40474775345994024
2.5700670960000003 0.4038825777712659
2.571268062 0.4036432175009844
2.572469028 0.4034307446535325
2.573669994 0.4037647128592448
2.57487096 0.40442160737860344
2.576071926 0.4055411241906696
2.5772728910000002 0.4069705277615872
2.578473857 0.40825769732796807
2.579674823 0.4096507469703911
2.5808757890000003 0.41046031206617545
2.582076755 0.40991391446623837
2.583277721 0.4075132924225432
2.584478687 0.40241396104658206
2.585679653 0.3936612673161546
2.586880619 0.3811482652229307
2.588081585 0.36435806427634243
2.5892825509999997 0.34324484101048774
2.590483517 0.3181885489882368
2.591684483 0.2898567041287122
2.5928854489999997 0.25900415159123824
2.594086414 0.22705568237072224
2.5952873800000003 0.1944200237991649
2.596488346 0.1635508607669717
2.597689312 0.1355425976975456
2.598890278 0.11063802143668414
2.600091244 0.08921132581614397
2.60129221 0.0712615330835337
2.602493176 0.05657511902285319
2.6036941419999997 0.044843287487032195
2.604895108 0.03557807880856578
2.606096074 0.02818913071470638
2.6072970399999997 0.022450901336011256
2.6084980059999996 0.017947743245798346
2.6096989720000003 0.01439809985523068
2.610899938 0.011612677681565752
2.612100903 0.00940772848955433
2.613301869 0.007649320804440633
2.6145028349999997 0.0062537870554704575
2.615703801 0.005136759652922945
2.616904767 0.004244370268055699
2.6181057329999997 0.003524231926733113
2.619306699 0.0029319124576509836
2.620507665 0.0024587938618232134
2.621708631 0.0020660914988240285
2.622909597 0.001741143699169971
2.6241105630000003 0.0014836332565250309
2.625311529 0.0012694543471682032
2.626512495 0.0010917726122820642
2.627713461 0.0009415260456180491
2.628914427 0.0008088944443624151
2.630115392 0.0007078253537041474
2.631316358 0.0006208045956834498
2.6325173239999997 0.0005386525642837178
2.63371829 0.00048295963832330164
2.6349192560000003 0.00042694812704874893
2.636120222 0.00037905752346886924
2.637321188 0.00033859982456646895
2.638522154 0.0003041673487721639
2.63972312 0.0002814392003551464
2.640924086 0.000255898361993538
2.642125052 0.00022913945036915636
2.643326018 0.00021318330804421121
2.644526984 0.00019592670933633917
2.64572795 0.00017749721297765053
2.646928916 0.00016745591965282354
2.648129881 0.00015542255218658674
2.6493308470000003 0.00014439580591375412
2.650531813 0.0001282625335908115
2.651732779 0.00012300043421231208
2.652933745 0.00012094557584677722
2.654134711 0.0001080962337487321
2.655335677 0.00010220023028812493
2.656536643 9.731618192778886e-05
2.657737609 8.447778011225256e-05
2.658938575 8.164884810240486e-05
2.660139541 7.282386270553034e-05
2.661340507 6.307624433982916e-05
2.662541473 5.8696771595740644e-05
2.663742439 5.3736668189716436e-05
2.664943405 5.426264944193396e-05
2.66614437 4.850370013206677e-05
2.667345336 4.239808463174943e-05
2.668546302 3.797025497590395e-05
2.669747268 3.5945652080131755e-05
2.670948234 3.896543515068205e-05
2.6721492 3.6250902918085196e-05
2.673350166 3.8012526492090296e-05
2.674551132 3.911301711187182e-05
2.675752098 3.653755763191869e-05
2.6769530639999997 3.5570703636956406e-05
2.67815403 3.44369260806279e-05
2.679354996 3.3609656356178524e-05
2.680555962 3.2815045097733216e-05
2.681756928 3.0182684440487623e-05
2.6829578940000003 3.261098105430773e-05
2.684158859 3.386816067089677e-05
2.685359825 2.765590942460593e-05
2.686560791 2.6261294899398837e-05
2.687761757 2.876221022159329e-05
2.688962723 3.18273934664991e-05
2.690163689 3.16345427694854e-05
2.6913646549999997 2.7415412928381468e-05
2.6925656210000004 2.7176403760717404e-05
2.6937665870000003 2.489250067765877e-05
2.694967553 2.5678007000367104e-05
2.696168519 2.7695716793091884e-05
2.6973694850000003 2.461163034185704e-05
2.698570451 2.9017643445853345e-05
2.699771417 2.9162931351667212e-05
2.700972383 2.534618496693387e-05
2.7021733479999996 2.0354845375840245e-05
2.703374314 1.918346201568516e-05
2.70457528 1.9644906787621977e-05
2.705776246 1.8083780753393238e-05
2.706977212 2.0170961009642983e-05
2.7081781780000003 2.0386842132504638e-05
2.709379144 1.8250712208288926e-05
2.71058011 1.7691346208046637e-05
2.7117810760000003 1.5478764783800403e-05
2.712982042 1.5825725349163137e-05
2.714183008 1.749969739745113e-05
2.715383974 1.7186325598096873e-05
2.71658494 1.599116008121333e-05
2.717785906 1.5704474861927396e-05
2.7189868710000002 1.5375883279740013e-05
2.720187837 1.3913692724116498e-05
2.721388803 1.6328174064289827e-05
2.7225897690000003 1.6722614626093503e-05
2.723790735 1.5959376581878275e-05
2.724991701 1.8531353400402742e-05
2.726192667 1.5471804053212213e-05
2.727393633 1.2966124991744574e-05
2.728594599 1.1588035282517144e-05
2.729795565 1.0904811181366318e-05
2.7309965309999997 9.314834743411908e-06
2.732197497 9.82070122633185e-06
2.733398463 1.0020826371257756e-05
2.7345994289999997 6.737149858140524e-06
2.735800395 5.333592504670676e-06
2.7370013600000003 5.088631099730444e-06
2.738202326 5.749874398406932e-06
2.739403292 4.9041900221578005e-06
2.740604258 5.401537614870358e-06
2.741805224 6.995100047935736e-06
2.74300619 7.97405006213758e-06
2.744207156 8.849624639650457e-06
2.7454081219999997 5.263914991144179e-06
2.746609088 2.0038226751499727e-06
2.747810054 4.4816160405172866e-06
2.7490110199999997 6.709351717908715e-06
2.7502119859999996 6.227084752444038e-06
2.751412952 7.97479501339736e-06
2.752613918 1.131320368449811e-05
2.753814884 9.62456651047047e-06
2.755015849 1.005526175721439e-05
2.756216815 1.2489251796901003e-05
2.757417781 1.4501107641248639e-05
2.758618747 1.628551618246662e-05
2.7598197129999997 1.630166928257676e-05
2.761020679 1.721548761030462e-05
2.762221645 1.6841078435180907e-05
2.7634226109999998 1.6993637392440208e-05
2.764623577 1.4060773157632215e-05
2.7658245430000004 9.592887395473744e-06
2.767025509 1.2532013875050902e-05
2.768226475 1.1386567711867e-05
2.769427441 1.1539541743775103e-05
2.7706284070000002 8.994525315135427e-06
2.771829373 6.594396869408412e-06
2.773030338 8.630315712313902e-06
2.7742313039999997 9.550996075443542e-06
2.7754322699999996 1.0825256291710882e-05
2.7766332360000003 1.125749179829521e-05
2.777834202 1.3103146562319528e-05
2.779035168 1.0830667005266852e-05
2.7802361340000004 1.0508512739166131e-05
2.7814371 1.0520919005761006e-05
2.782638066 1.2391661759922248e-05
2.783839032 1.4184221988582739e-05
2.7850399980000002 1.0389231906273014e-05
2.786240964 1.2084101457224397e-05
2.78744193 1.0639066557712854e-05
2.788642896 1.1627758264892308e-05
2.789843862 9.436093521280198e-06
2.7910448270000003 8.214107137262052e-06
2.792245793 4.338687327957469e-06
2.793446759 3.7011419871012594e-06
2.794647725 3.883526114618313e-06
2.795848691 2.514441471773657e-07
2.797049657 4.5941414545497116e-07
2.798250623 1.2539556597694764e-07
2.799451589 1.8841734751037204e-06
2.800652555 2.78379669186014e-06
2.801853521 5.7793961826620604e-06
2.803054487 4.996465137401152e-06
2.804255453 1.6951827206553023e-06
2.805456419 9.39370506927012e-07
2.806657385 3.0421551567714766e-06
2.8078583509999997 5.895271289263135e-06
2.809059316 1.0467276073276183e-05
2.810260282 1.1364861236893472e-05
2.811461248 8.31244382386157e-06
2.812662214 8.289246611079734e-06
2.81386318 8.715517712370075e-06
2.815064146 9.346109494893834e-06
2.816265112 1.4006629099969973e-05
2.817466078 2.0944324313605876e-05
2.8186670439999997 2.368760979269914e-05
2.81986801 2.3242448825069618e-05
2.821068976 2.532859840527929e-05
2.8222699419999997 2.4055798939734465e-05
2.823470908 2.5285115604918873e-05
2.8246718740000003 2.5549061531210346e-05
2.825872839 2.7406203965172065e-05
2.827073805 2.9509420786968832e-05
2.828274771 3.2854134480979e-05
2.829475737 3.0835002063116536e-05
2.830676703 3.089836406045448e-05
2.831877669 3.2940571580215755e-05
2.8330786349999997 3.874150967949389e-05
2.834279601 3.986501488708708e-05
2.8354805670000003 3.859662132546521e-05
2.836681533 3.9247005477681255e-05
2.837882499 3.967615351081381e-05
2.8390834650000003 4.235924588606806e-05
2.840284431 4.368914523603534e-05
2.841485397 4.357461684978888e-05
2.842686363 3.9808118786711915e-05
2.8438873279999997 4.162069316988187e-05
2.845088294 4.4705276354221096e-05
2.84628926 4.72997379941803e-05
2.8474902259999997 4.70597066089599e-05
2.848691192 4.4263068444250626e-05
2.8498921580000003 4.135242047471304e-05
2.851093124 3.992867298005731e-05
2.85229409 4.268793418938732e-05
2.8534950560000003 4.5028539065023214e-05
2.854696022 4.3963687846836556e-05
2.855896988 4.03480746438335e-05
2.857097954 4.296007494987877e-05
2.85829892 4.066217955779093e-05
2.859499886 4.005890792211448e-05
2.860700852 3.868927489452998e-05
2.861901817 3.8023579348755186e-05
2.863102783 4.064948115715731e-05
2.8643037490000003 4.426078752605779e-05
2.865504715 3.8292445551912604e-05
2.866705681 3.325650104734293e-05
2.867906647 3.3549087971413994e-05
2.869107613 3.500368288270265e-05
2.870308579 3.4805797675517784e-05
2.871509545 3.2888262067312276e-05
2.872710511 3.1573259033174106e-05
2.873911477 2.949288292930273e-05
2.875112443 3.248523677104135e-05
2.8763134089999998 3.526527967025176e-05
2.877514375 3.0978464131061086e-05
2.878715341 2.3443839884074732e-05
2.879916306 2.2113138259623886e-05
2.881117272 2.420023553707746e-05
2.882318238 2.1311009631345766e-05
2.883519204 1.8314859748592947e-05
2.88472017 1.8125789763672862e-05
2.885921136 1.6771732252456677e-05
2.8871221019999997 1.877234874282471e-05
2.888323068 1.6773802259356153e-05
2.889524034 1.7465559988898368e-05
2.8907249999999998 1.9061780995474234e-05
2.8919259659999996 1.7924805635179286e-05
2.893126932 1.3790251280520228e-05
2.894327898 1.6067998967729986e-05
2.895528864 1.736272618322734e-05
2.8967298300000004 1.7843958891261558e-05
2.897930795 1.5873255428131637e-05
2.899131761 8.50731431946101e-06
2.900332727 1.0857437137612439e-05
2.9015336929999997 1.3142145606652404e-05
2.902734659 6.501143254163733e-06
2.903935625 5.533417957481476e-06
2.9051365909999998 7.1889837275519394e-06
2.9063375569999996 7.272656884545152e-06
2.9075385230000004 1.0448478490586289e-05
2.9087394890000002 1.245952705576248e-05
2.909940455 7.053235897813482e-06
2.911141421 2.4420733724487172e-06
2.9123423870000003 3.4073865041367936e-06
2.913543353 6.0225691428593164e-06
2.914744319 3.7154836438051335e-06
2.9159452839999997 1.3438575578154675e-06
2.9171462499999996 2.484111104417503e-06
2.918347216 5.218384731943783e-06
2.919548182 5.41092523481588e-06
2.920749148 3.820537420831426e-06
2.9219501140000004 4.157305357559681e-06
2.9231510800000002 1.1392419219802917e-06
2.924352046 1.500028783857711e-06
2.925553012 3.5912981994764354e-06
2.9267539780000003 5.719207861501552e-06
2.927954944 9.495331580460233e-07
2.92915591 1.4013340171215694e-06
2.930356876 2.0385057716386005e-06
2.931557842 4.352088760224416e-06
2.932758808 4.990655853285275e-06
2.933959773 5.552903756643908e-06
2.935160739 2.3574268595240892e-07
2.936361705 2.3433242593173697e-07
2.9375626710000002 2.9228249649034273e-06
2.938763637 3.0252204639788436e-06
2.939964603 2.0390238009704874e-06
2.941165569 2.4794873101451358e-06
2.942366535 5.140779047238022e-06
2.943567501 2.9253925888124903e-06
2.944768467 1.89159106844504e-06
2.945969433 1.0867378054232043e-06
2.947170399 1.2156211189967564e-06
2.948371365 9.608266157270027e-07
2.9495723309999997 1.2295375904583346e-06
2.950773296 3.5592355759340395e-06
2.9519742620000002 3.0419825845724297e-06
2.953175228 2.8393400844188694e-06
2.954376194 2.8639567345955205e-06
2.95557716 2.930475895020342e-06
2.956778126 3.4870209967999995e-06
2.957979092 2.439696946583046e-06
2.959180058 1.8235706497740557e-06
2.9603810239999997 2.3750971289346218e-06
2.96158199 3.2138818698599087e-06
2.962782956 4.308903264899984e-06
2.9639839219999997 1.5014219893604318e-06
2.9651848879999996 1.1433382570515488e-06
2.9663858540000003 2.409154389453858e-06
2.96758682 4.277540011463152e-06
2.968787785 4.732025832654926e-06
2.969988751 4.070055784441826e-06
2.971189717 1.3912217375468378e-06
2.972390683 3.2483266519930443e-07
2.973591649 9.768385474445117e-07
2.9747926149999997 4.1019385605064865e-06
2.975993581 5.224544983441876e-06
2.977194547 4.669888581877115e-06
2.9783955129999997 5.962072735054173e-06
2.979596479 5.860140550501567e-06
2.9807974450000003 4.557243219437246e-06
2.981998411 5.386725212050099e-06
2.983199377 5.525597153252775e-06
2.984400343 6.005254366744022e-06
2.985601309 9.971641323806677e-06
2.986802274 8.56428158766732e-06
2.98800324 9.804123716604914e-06
2.9892042059999997 9.289006670028477e-06
2.990405172 8.252463814796254e-06
2.9916061380000003 5.6942141373076055e-06
2.992807104 5.962678151541706e-06
2.99400807 6.490908079406805e-06
2.9952090360000003 8.54905975531524e-06
2.996410002 1.0598005684459233e-05
2.997610968 1.059885108887129e-05
2.998811934 6.75860410122465e-06
3.0000129 7.822480260394034e-06
3.001213866 8.179142511735374e-06
3.002414832 1.0776534616491676e-05
3.003615798 9.987405164975054e-06
3.004816763 8.129301545046389e-06
3.0060177290000003 6.687332323629483e-06
3.007218695 9.010477541247421e-06
3.008419661 8.550769794094535e-06
3.009620627 1.0067094257592505e-05
3.010821593 8.540922140547215e-06
3.012022559 5.841980232203847e-06
3.013223525 8.91438266316558e-06
3.014424491 9.110300226685652e-06
3.015625457 6.706653156780789e-06
3.016826423 4.228195369059294e-06
3.018027389 4.03084978371181e-06
3.019228355 4.26440346939877e-06
3.020429321 5.247897489015782e-06
3.021630287 5.89916275521138e-06
3.022831252 5.681527883332633e-06
3.024032218 4.135300749972974e-06
3.025233184 6.441431096503942e-06
3.02643415 9.03019117683648e-06
3.027635116 9.874784637827754e-06
3.0288360819999998 9.096892261911499e-06
3.030037048 9.28964813917783e-06
3.031238014 6.5171607239851645e-06
3.03243898 6.521235764345499e-06
3.0336399459999996 4.3179298342126334e-06
3.034840912 3.104814974275395e-06
3.036041878 3.4106989155019663e-06
3.0372428439999997 3.68077090488366e-06
3.0384438100000004 4.743404944232633e-06
3.0396447760000003 3.971263930628175e-06
3.040845741 3.32122663402097e-06
3.042046707 3.465450804471987e-06
3.0432476729999998 3.7010977492028595e-06
3.044448639 4.975019858635654e-06
3.045649605 6.283635260660856e-06
3.046850571 3.39174364332373e-06
3.0480515369999996 2.969984809586265e-06
3.049252503 1.7362866794653977e-06
3.0504534690000003 1.9514003299561235e-06
3.051654435 2.2155251807940727e-06
3.052855401 1.7364480685556355e-06
3.0540563670000003 9.22970019922812e-07
3.055257333 6.737012745645583e-07
3.056458299 5.424929110120286e-07
3.0576592639999998 9.754870293579128e-07
3.0588602299999996 2.2464264861437008e-06
3.060061196 2.579402679884971e-06
3.061262162 2.5303795023021645e-06
3.062463128 4.101009847958316e-06
3.0636640940000004 4.46666986372954e-06
3.0648650600000003 8.290227294343234e-07
3.066066026 2.459702769193591e-06
3.067266992 3.136927338662063e-06
3.0684679580000003 2.79146447225988e-06
3.069668924 2.2074717163093944e-06
3.07086989 7.331134766940933e-08
3.072070856 3.957104768555916e-09
3.073271822 1.2074575346976144e-06
3.074472788 4.341294346447954e-06
3.0756737530000002 2.992777687174385e-07
3.076874719 6.979753215110594e-07
3.078075685 9.8548451106825e-09
3.0792766510000003 9.087941377898561e-07
3.080477617 4.056599277311239e-06
3.081678583 3.5566600375842045e-06
3.0828795490000003 2.2914259566374367e-06
3.084080515 1.93689839261576e-06
3.085281481 2.8805761580931373e-06
3.086482447 3.8091375908956805e-06
3.087683413 5.2980404214416065e-06
3.088884379 5.274826692823784e-06
3.090085345 3.151773086717404e-06
3.0912863109999997 3.3000459941265047e-06
3.092487277 4.649263739393639e-06
3.0936882420000003 3.225761224099643e-06
3.094889208 1.3278214135588796e-06
3.096090174 2.730421145358432e-06
3.09729114 5.877200809430513e-06
3.098492106 6.400856173331101e-06
3.099693072 5.091126623525622e-06
3.100894038 5.079739919160019e-06
3.1020950039999997 3.708829233952396e-06
3.10329597 3.795549619469069e-06
3.104496936 5.095694766328596e-06
3.1056979019999997 9.328401830242877e-06
3.106898868 8.68802187789864e-06
3.108099834 6.692694294727121e-06
3.1093008 9.208242798066568e-06
3.110501766 1.1217311901357417e-05
3.111702731 1.3119378415248693e-05
3.112903697 1.3740690280093451e-05
3.114104663 1.4737580730694176e-05
3.115305629 1.6412085619597137e-05
3.1165065949999997 1.870413861701791e-05
3.117707561 1.4988860235814058e-05
3.118908527 1.3554898766537134e-05
3.1201094929999997 1.3299361303213451e-05
3.1213104589999996 1.280902990687339e-05
3.1225114250000003 1.592600791206777e-05
3.123712391 1.692258723476077e-05
3.124913357 1.7303802760673e-05
3.126114323 1.9210809150211095e-05
3.127315289 2.0348093808050224e-05
3.128516255 1.9046688040261664e-05
3.12971722 2.1604947449334877e-05
3.1309181859999997 2.6740642174527572e-05
3.132119152 2.8107702460651886e-05
3.133320118 2.904840600655998e-05
3.134521084 2.7629745911949282e-05
3.13572205 2.8728011295977236e-05
3.1369230160000003 2.853408434736416e-05
3.138123982 2.6255904884409e-05
3.139324948 2.6966348835491328e-05
3.140525914 2.93392697002412e-05
3.14172688 2.7835899426810767e-05
3.142927846 2.4389036582423895e-05
3.144128812 2.4931759510586828e-05
3.145329778 2.435370448007213e-05
3.146530744 2.4124200606772728e-05
3.1477317090000003 2.282770582401483e-05
3.148932675 2.134514605018781e-05
3.150133641 2.255414076742841e-05
3.151334607 2.031596862477709e-05
3.152535573 1.8645165117561878e-05
3.153736539 1.8745793137884472e-05
3.154937505 1.6813844770788563e-05
3.1561384710000002 1.493784476992696e-05
3.157339437 1.5454660030008345e-05
3.158540403 1.3079505444779733e-05
3.159741369 9.57337609224717e-06
3.160942335 6.637146216260439e-06
3.162143301 6.43845376631832e-06
3.163344267 9.018837550294402e-06
3.1645452329999997 9.215593136820107e-06
3.165746198 9.078390288687384e-06
3.166947164 8.256693703842476e-06
3.16814813 7.602584485214228e-06
3.169349096 7.24196511002672e-06
3.170550062 6.142481059702438e-06
3.171751028 7.795098816729507e-06
3.172951994 1.0237957436554335e-05
3.17415296 1.1895898651424187e-05
3.1753539259999997 1.0702629748673063e-05
3.176554892 7.990892100776e-06
3.177755858 6.914565800525894e-06
3.1789568239999997 6.319399629083261e-06
3.18015779 6.883508113085135e-06
3.1813587560000003 8.080172093183278e-06
3.182559721 1.050846209578537e-05
3.183760687 1.1004294713917304e-05
3.184961653 8.893474412643509e-06
3.186162619 8.908275570806717e-06
3.187363585 1.1712739389648096e-05
3.188564551 1.0082210125570483e-05
3.1897655169999997 6.704960515508524e-06
3.190966483 6.549983571017635e-06
3.192167449 5.934885531584994e-06
3.193368415 6.209233798293466e-06
3.194569381 8.523180690446593e-06
3.1957703470000003 7.011766844027399e-06
3.196971313 4.735765668839229e-06
3.198172279 4.304115123859828e-06
3.1993732450000003 3.99743387838137e-06
3.20057421 1.81718155302824e-06
3.201775176 3.570698119936086e-06
3.202976142 2.775405043692964e-06
3.2041771079999997 1.470241616292857e-06
3.2053780740000004 5.428792711517687e-07
3.2065790400000003 3.272819308952247e-07
3.207780006 6.873103307960082e-07
3.208980972 1.1350211036344441e-06
3.2101819380000003 2.116347014587245e-06
3.211382904 2.55047987442971e-06
3.21258387 1.9113748047508694e-06
3.213784836 3.176814870533337e-06
3.214985802 4.006577574196617e-06
3.216186768 2.821211936188349e-06
3.217387734 3.144006171542662e-06
3.218588699 3.853468444680521e-06
3.219789665 4.284437948741732e-06
3.2209906310000003 3.0514927167313966e-06
3.222191597 2.0418677462973534e-06
3.223392563 5.422193146359789e-07
3.2245935290000003 4.6546149726293e-09
3.225794495 5.207124538013413e-08
3.226995461 9.33619247412749e-09
3.228196427 4.674445990668275e-09
3.229397393 4.680995352660085e-09
3.230598359 2.0469096176949928e-08
3.231799325 1.5702554876357925e-06
3.2330002909999997 2.213511914350404e-06
3.234201257 3.565129399019033e-06
3.235402223 1.886934056715844e-06
3.236603188 5.6802975737786864e-08
3.237804154 4.710947191323358e-09
3.23900512 4.714935646948219e-09
3.240206086 5.761570793376077e-07
3.241407052 2.7608060367517703e-06
3.242608018 1.8250675848465722e-06
3.2438089839999997 8.710638295615828e-08
3.24500995 4.7373718863246174e-09
3.246210916 4.7405557535696375e-09
3.2474118819999997 4.74371586174462e-09
3.248612848 4.746853631263468e-09
3.249813814 4.74997060782113e-09
3.2510147799999998 4.75407241164874e-09
3.252215746 1.3605981341495244e-07
3.2534167120000004 2.4956691648377135e-06
3.254617677 3.984111365166543e-06
3.255818643 2.905176598800562e-06
3.257019609 1.1204974043536767e-06
3.2582205749999997 1.1162701520464385e-06
3.259421541 2.3938137861923376e-06
3.260622507 2.8328175707458627e-06
3.2618234729999998 1.3669665951335297e-06
3.2630244389999996 1.0394318239650755e-06
3.2642254050000004 7.019353327301314e-08
3.265426371 1.0250120723545666e-06
3.266627337 3.2620859609551486e-06
3.267828303 4.370795629184595e-06
3.2690292690000002 2.367426801076882e-06
3.270230235 3.2310603614586065e-06
3.271431201 3.3598039621048663e-06
3.2726321659999997 3.6406552587006985e-06
3.273833132 3.654141679024778e-06
3.275034098 2.6406359821358557e-06
3.2762350639999998 5.92081293780295e-07
3.27743603 9.325614593768289e-07
3.2786369960000004 1.7374545858186235e-06
3.279837962 2.7218181969599753e-06
3.281038928 3.02798331011568e-06
3.282239894 1.0592586508995705e-06
3.2834408600000002 2.4699865536518885e-07
3.284641826 2.6209427030400996e-06
3.285842792 2.9991625392117622e-06
3.287043758 2.938763072676621e-06
3.288244724 2.279834360024316e-06
3.2894456890000003 1.801982120795856e-06
3.290646655 2.4659880664872094e-06
3.291847621 2.471940153145948e-06
3.2930485870000004 1.6052864572154219e-06
3.294249553 9.137405883064251e-07
3.295450519 1.2994825100083101e-06
3.296651485 3.5919462818338408e-06
3.2978524510000002 2.298256061660284e-06
3.299053417 1.7804042917848088e-06
3.300254383 9.50224485182361e-07
3.301455349 4.16541459361203e-07
3.302656315 2.339591280606937e-06
3.303857281 2.2625469097409367e-06
3.305058247 1.4335895883073148e-06
3.3062592129999997 1.2143325561173576e-06
3.307460178 1.3007627840444585e-07
3.308661144 4.921174621282686e-09
3.30986211 4.924172146611239e-09
3.311063076 2.4175633593494588e-08
3.312264042 1.5509516359057328e-06
3.313465008 2.586905025218144e-06
3.314665974 5.526361392482243e-07
3.31586694 5.6722503047017345e-08
3.317067906 1.298076627963861e-06
3.318268872 3.196514376753373e-07
3.319469838 9.453794987574567e-09
3.3206708039999997 3.655868748295577e-07
3.32187177 8.272210658086915e-07
3.323072736 9.926949298930453e-08
3.324273702 6.406982459207753e-09
3.325474667 2.940393254441273e-07
3.326675633 4.967574654436226e-09
3.327876599 4.970360634605435e-09
3.329077565 4.973186188036371e-09
3.330278531 2.738685075015465e-08
3.3314794969999997 3.282754683459104e-08
3.332680463 4.969295535466091e-09
3.333881429 4.966605526103972e-09
3.3350823949999997 4.969775998215039e-09
3.336283361 4.967121375508755e-09
3.3374843270000003 4.964480013967829e-09
3.338685293 4.961849216450415e-09
3.339886259 4.95922628112497e-09
3.3410872250000003 4.9460193381287386e-09
3.342288191 4.9316966964934466e-09
3.343489156 4.917362227654884e-09
3.344690122 4.903013285791383e-09
3.3458910879999997 4.888647318937065e-09
3.347092054 4.874261421842119e-09
3.3482930200000003 4.8598526535933755e-09
3.349493986 4.845418974462651e-09
3.350694952 4.8195492477810795e-09
3.3518959180000003 4.785327864398982e-09
3.353096884 4.751054767558339e-09
3.35429785 4.716727723341346e-09
3.355498816 4.68234631727999e-09
3.356699782 4.647909067041431e-09
3.357900748 4.613414621113325e-09
3.359101714 4.578859828934228e-09
3.3603026799999998 9.54140874587316e-09
3.361503645 5.871055972757188e-07
3.3627046110000003 4.180180782975549e-08
3.363905577 4.567171052122279e-09
3.365106543 4.571469923131502e-09
3.3663075090000003 4.575733695572581e-09
3.367508475 4.579963432945708e-09
3.368709441 4.584158067692619e-09
3.369910407 4.9876552313817665e-09
3.371111373 5.443832778985088e-07
3.372312339 6.711937622769453e-07
3.373513305 8.700401056123094e-07
3.3747142709999998 3.2605684310164728e-06
3.375915237 1.9632419476549813e-06
3.377116203 1.206494152214871e-07
3.378317169 2.8580177659501207e-07
3.379518134 8.644544513913758e-09
3.3807191 4.925689915493866e-09
3.381920066 4.937028995279704e-09
3.383121032 5.599091338947267e-09
3.384321998 6.888132013754025e-07
3.3855229639999997 7.040962896698998e-07
3.38672393 1.2477751939129106e-06
3.387924896 1.3647792317918953e-06
3.3891258619999998 8.803842411568244e-07
3.390326828 6.694130279415108e-07
3.391527794 2.4137222475739463e-06
3.39272876 3.266525291425296e-06
3.3939297259999996 3.0543623138592204e-06
3.3951306920000004 1.1810286344429954e-06
3.3963316580000003 2.8899554248412855e-07
3.397532623 1.0766302805284801e-07
3.398733589 1.5386531375249115e-06
3.3999345549999997 3.272421626289934e-06
3.401135521 1.7421885287414193e-06
3.402336487 3.3397644370254675e-07
3.4035374529999998 1.7770068651397123e-06
3.4047384189999996 4.462134471297266e-06
3.405939385 5.694462724835817e-06
3.407140351 4.325249965668465e-06
3.408341317 2.1809260959532243e-06
3.4095422830000004 2.3370909111715324e-06
3.4107432490000003 3.494862235708443e-06
3.411944215 7.192977037458721e-06
3.413145181 9.491521837552119e-06
3.4143461459999997 8.353993616980472e-06
3.415547112 6.151663679754259e-06
3.416748078 3.995140017099814e-06
3.4179490439999998 2.641568526717043e-06
3.4191500099999996 3.3939175097365702e-06
3.4203509760000004 4.983139275757875e-06
3.4215519420000002 6.090348137162494e-06
3.422752908 4.265026015322463e-06
3.423953874 3.074517500591626e-06
3.4251548400000003 3.84005298913201e-06
3.426355806 4.204362008760896e-06
3.427556772 4.395260398275077e-06
3.428757738 5.849231995320668e-06
3.429958704 6.584682758877687e-06
3.43115967 6.07119022755161e-06
3.432360635 7.771840030488926e-06
3.433561601 9.107504261310813e-06
3.4347625670000004 8.283010908953291e-06
3.4359635330000002 1.0598666543379005e-06
3.437164499 1.0661984345632475e-08
3.438365465 1.1273495230782647e-06
3.4395664310000003 3.3894054943797494e-06
3.440767397 3.721821527306301e-06
3.441968363 5.1120138718197224e-06
3.443169329 5.989011768924985e-06
3.444370295 6.109432346111263e-06
3.445571261 6.249647150843389e-06
3.446772227 5.8647773364247905e-06
3.4479731929999997 6.305037774761763e-06
3.449174159 4.740517974425984e-06
3.4503751240000002 3.5668426260095254e-06
3.45157609 3.92659943169939e-06
3.452777056 5.629022472718487e-06
3.453978022 4.6100248769261136e-06
3.455178988 3.0098363604993235e-06
3.456379954 1.8757524362182676e-06
3.45758092 2.6832823023196403e-06
3.458781886 3.103921086695177e-06
3.459982852 2.1217913967969228e-06
3.461183818 1.4979515273718444e-06
3.4623847839999997 1.6710074793162568e-06
3.46358575 1.3497002976138017e-06
3.464786716 1.4015621470007294e-06
3.4659876819999997 2.833050800765902e-06
3.467188648 4.483497466073263e-06
3.468389613 5.1712303525955155e-06
3.469590579 5.159949449345405e-06
3.470791545 5.239205894167891e-06
3.471992511 5.3078048379688455e-06
3.4731934769999997 5.2922591330145554e-06
3.474394443 5.309623639057578e-06
3.475595409 3.1010419774139744e-06
3.4767963749999997 2.6335516596360385e-08
3.4779973409999996 6.23561986408406e-08
3.4791983070000003 2.8141891195863733e-07
3.480399273 2.739889545429444e-06
3.481600239 2.806613393643546e-06
3.4828012050000003 2.72106598009072e-06
3.484002171 1.8289329623124411e-06
3.485203137 2.352970505873059e-06
3.486404102 4.243707241300962e-06
3.4876050679999997 4.813277520423538e-06
3.488806034 3.1760815702636604e-06
3.490007 2.405759599083608e-06
3.491207966 2.9577495984776603e-06
3.492408932 3.583857024676779e-06
3.4936098980000003 3.027326085075953e-06
3.494810864 2.799146571265169e-06
3.49601183 3.7161292214935728e-06
3.497212796 4.374714588036901e-06
3.498413762 3.582877643061379e-06
3.499614728 2.601255483980118e-06
3.500815694 2.0264568811348813e-06
3.50201666 1.9878069871589257e-06
3.503217626 3.884986193453081e-06
3.5044185910000003 4.562572483401393e-06
3.505619557 3.906461129872496e-06
3.506820523 2.3184010352594794e-06
3.5080214890000003 1.5202394060012905e-06
3.509222455 3.953329055867016e-07
3.510423421 1.114550596927827e-06
3.511624387 2.44905244628908e-06
3.512825353 3.5383944517924753e-06
3.514026319 4.721349083219563e-06
3.515227285 4.954222505552502e-06
3.516428251 4.501695014073183e-06
3.517629217 5.444457313095452e-06
3.518830183 5.413337524903066e-06
3.520031149 3.372261257818189e-06
3.521232114 1.753628501236589e-06
3.52243308 1.480987235918069e-06
3.523634046 2.6100205249297274e-06
3.524835012 4.59472720586561e-06
3.526035978 5.3493895649687395e-06
3.527236944 4.658578083746502e-06
3.52843791 3.4687363449455933e-06
3.529638876 2.5354969859028648e-06
3.530839842 2.3552915135710569e-07
3.532040808 1.186167620318096e-08
3.533241774 7.573730298845453e-07
3.53444274 2.679884467254362e-06
3.5356437059999997 3.0924327249683314e-06
3.536844672 2.19248452897133e-06
3.5380456380000003 2.5872541756540573e-06
3.539246603 5.066591828221392e-06
3.540447569 4.1273255566846815e-06
3.5416485349999998 2.4281214353063198e-06
3.542849501 4.1919743674036245e-06
3.544050467 6.96293947617824e-06
3.545251433 7.142636986202249e-06
3.5464523989999996 8.124076824752454e-06
3.547653365 8.247600756378906e-06
3.548854331 5.786053280573355e-06
3.5500552969999997 3.1754273582012453e-06
3.5512562630000004 1.3377173962820314e-06
3.5524572290000003 8.206221201247214e-07
3.553658195 1.1638514622495519e-07
3.554859161 6.958994411401377e-08
3.5560601270000003 3.173069309420338e-07
3.557261092 5.261203280219665e-09
3.558462058 5.262405016543262e-09
3.559663024 6.0546036448458174e-09
3.5608639899999996 7.759714000781557e-07
3.562064956 1.1665497010500069e-06
3.5632659220000003 5.3456543882132845e-09
3.564466888 9.213791396838725e-07
3.565667854 3.1072999238284238e-06
3.5668688200000003 3.5318596430207958e-06
3.568069786 2.488847828466264e-06
3.569270752 1.8788034521189075e-06
3.570471718 1.381598011838046e-06
3.571672684 1.0032302611312636e-06
3.57287365 2.1613514333568957e-06
3.574074616 3.7570026600046304e-06
3.575275581 3.0686368323995818e-06
3.5764765470000004 1.5364758121035087e-06
3.5776775130000003 1.0772350407914082e-06
3.578878479 2.5838420663228026e-07
3.580079445 1.0938438359567414e-08
3.5812804110000003 7.360716796530841e-08
3.582481377 2.461977747833881e-07
3.583682343 1.8952764497350474e-07
3.584883309 8.508845531241644e-07
3.586084275 3.2608946013911223e-06
3.587285241 3.069479773217809e-06
3.588486207 2.0235002638861358e-06
3.5896871729999997 2.301250994452986e-06
3.590888139 1.8323127834356086e-06
3.592089105 8.761617200808489e-07
3.59329007 3.3387659648061704e-07
3.594491036 4.3061127457530317e-07
3.595692002 2.2203306300809557e-06
3.596892968 4.013786172525184e-06
3.598093934 4.656386745898645e-06
3.5992949 4.278623420770676e-06
3.600495866 3.0162820395945146e-06
3.601696832 1.6028116955682906e-06
3.602897798 1.291902563012892e-06
3.6040987639999997 2.2452327706247188e-06
3.60529973 3.416251070458742e-06
3.606500696 3.9865291455498066e-06
3.6077016619999998 3.828735289925754e-06
3.6089026279999996 3.860584494891355e-06
3.6101035940000004 4.200319467228989e-06
3.611304559 4.299165271962153e-06
3.612505525 4.3663678629758615e-06
3.613706491 4.256802646759477e-06
3.6149074569999997 3.631603056363396e-06
3.616108423 3.3506476315892036e-06
3.617309389 3.3935712385396765e-06
3.6185103549999997 2.335430127991536e-06
3.619711321 2.168956130012898e-06
3.620912287 2.288461264347313e-06
3.622113253 3.3484113574786e-06
3.623314219 2.778996949070452e-06
3.6245151850000004 1.8677529479873677e-06
3.625716151 2.6287799615845025e-06
3.626917117 3.6332590765859293e-06
3.628118082 3.053827878509458e-06
3.6293190479999997 1.8281172040075806e-06
3.630520014 2.1369577920808347e-06
3.63172098 4.500270816838891e-06
3.6329219459999997 5.032612459363273e-06
3.6341229119999996 3.5415234837795584e-06
3.6353238780000003 2.685192390588415e-06
3.636524844 1.2110784426442813e-06
3.63772581 1.6557448277973695e-06
3.638926776 1.456210568267855e-06
3.640127742 8.597018321447061e-07
3.641328708 6.305302317075343e-07
3.642529674 7.884162658837716e-07
3.6437306400000002 2.5521383937410106e-06
3.644931606 5.0006763175839934e-06
3.646132571 6.861989108032983e-06
3.647333537 7.258314527834546e-06
3.648534503 6.705675499463381e-06
3.6497354690000003 4.4330308023968945e-06
3.650936435 1.3480664800510894e-06
3.652137401 1.036305723946764e-06
3.653338367 6.297225299760513e-07
3.6545393330000002 1.4347495141657717e-08
3.655740299 5.354909009389989e-09
3.656941265 7.45918288569574e-08
3.658142231 1.8520234504762794e-06
3.659343197 1.9020708501486626e-06
3.660544163 8.160951496471977e-07
3.661745129 7.721029663902487e-08
3.6629460949999997 5.362282134664903e-09
3.66414706 5.3630764957022816e-09
3.665348026 5.363859406883379e-09
3.666548992 5.364631447062908e-09
3.667749958 2.9325876888910544e-07
3.6689509240000002 2.3292072838601483e-06
3.67015189 4.531170218745644e-06
3.671352856 4.916228843948247e-06
3.672553822 4.28219408302264e-06
3.673754788 3.7560114823975812e-06
3.674955754 2.311522423590491e-06
3.67615672 1.5923521643869699e-06
3.6773576859999997 1.9139160297513216e-06
3.678558652 2.4896774125357503e-06
3.679759618 2.453818371262953e-06
3.680960584 1.989049273771445e-06
3.682161549 1.1756381907429862e-06
3.683362515 8.158193821058977e-07
3.684563481 3.5433212475392285e-07
3.685764447 1.1011874752097126e-08
3.686965413 1.5427014729875069e-07
3.6881663789999997 2.109548357887133e-06
3.689367345 3.2929873140729194e-06
3.690568311 4.413214963828092e-06
3.6917692769999997 4.8566417379592185e-06
3.6929702430000004 3.638697008025932e-06
3.6941712090000003 3.024599950566888e-06
3.695372175 3.033173344351224e-06
3.696573141 4.080876776616852e-06
3.6977741070000003 3.8985955656120695e-06
3.698975073 3.4651675363919635e-06
3.700176038 3.314912213382282e-06
3.701377004 2.723498291187842e-06
3.7025779699999997 2.277719975524002e-06
3.703778936 2.4059720645444273e-06
3.704979902 2.6877290900611176e-06
3.706180868 2.4667159734441865e-06
3.707381834 2.530386500576237e-06
3.7085828000000003 3.399449790455652e-06
3.709783766 4.090685853386914e-06
3.710984732 4.195311352294624e-06
3.712185698 3.0357416399465042e-06
3.713386664 4.2644530849859296e-07
3.71458763 1.686577143313437e-08
3.715788596 5.403911256218412e-09
3.716989562 5.404580696952881e-09
3.7181905270000004 5.40525723646997e-09
3.7193914930000003 5.405940039418063e-09
3.720592459 5.406635372290954e-09
3.721793425 5.407343485966683e-09
3.7229943910000003 5.408058040597097e-09
3.724195357 5.408780187151049e-09
3.725396323 5.409508839067197e-09
3.726597289 5.41024392487796e-09
3.727798255 5.410985398884423e-09
3.728999221 5.411733175131043e-09
3.730200187 5.412495490580083e-09
3.7314011529999997 5.41330002183174e-09
3.732602119 5.414110442614766e-09
3.733803085 5.414926563939701e-09
3.7350040509999998 5.415773621020117e-09
3.736205016 5.422852474191622e-09
3.7374059820000003 5.423686208472815e-09
3.738606948 5.424524597392945e-09
3.739807914 1.131769469671046e-08
3.74100888 3.4113836551745083e-08
3.742209846 5.431850348953041e-09
3.743410812 5.432021666268417e-09
3.744611778 5.432195744983298e-09
3.7458127439999997 2.0454486219179323e-07
3.74701371 1.3267906068510033e-08
3.748214676 5.4327306925408326e-09
3.7494156419999998 5.432911728249257e-09
3.7506166079999996 5.4330845595577504e-09
3.751817574 5.433249133721914e-09
3.753018539 5.4334130688666116e-09
3.754219505 5.433575831623507e-09
3.755420471 5.4337367429537295e-09
3.7566214369999997 5.433895256395827e-09
3.757822403 5.43405080354678e-09
3.759023369 5.43420277017762e-09
3.7602243349999998 5.434353142404096e-09
3.761425301 5.4345113105008206e-09
3.762626267 5.43466404084323e-09
3.7638272329999998 5.43481073875551e-09
3.765028199 5.434950698834385e-09
3.7662291650000004 5.4350826627830335e-09
3.7674301310000002 5.435206648062345e-09
3.768631097 5.435322059785937e-09
3.769832063 5.4354282991860505e-09
3.7710330279999997 5.435465253202246e-09
3.772233994 5.435481093414392e-09
3.77343496 5.4354858555399815e-09
3.7746359259999998 5.435479595790789e-09
3.7758368919999996 5.435461676359671e-09
3.7770378580000004 2.0547238460013123e-07
3.778238824 6.51225659941137e-07
3.77943979 3.692731541759802e-08
3.780640756 5.441939276842077e-09
3.7818417220000002 5.442594990443388e-09
3.783042688 5.443234739630964e-09
3.784243654 5.443856812732837e-09
3.7854446200000003 5.444462299733171e-09
3.786645586 5.445050755050153e-09
3.787846552 5.445621761998809e-09
3.7890475169999998 5.4461743511118935e-09
3.790248483 5.446431980273693e-09
3.7914494490000004 5.445617361533324e-09
3.792650415 5.5071632325162275e-09
3.793851381 1.2858708319829006e-07
3.795052347 1.0116120683015917e-08
3.7962533130000002 5.442163247855666e-09
3.797454279 5.441248467791316e-09
3.798655245 5.440313433356775e-09
3.799856211 9.606420457420569e-09
3.801057177 6.630115180531653e-07
3.802258143 6.699455887467434e-09
3.803459109 5.440285138460715e-09
3.8046600749999997 5.4406059887837e-09
3.805861041 5.440905770633563e-09
3.807062006 5.441183638877897e-09
3.808262972 5.441438558374487e-09
3.809463938 5.4416724696563895e-09
3.8106649040000002 5.441483625071346e-09
3.81186587 5.440950091726937e-09
3.813066836 5.4403951225331655e-09
3.814267802 5.439818025504195e-09
3.815468768 5.439220786884684e-09
3.816669734 5.438603637982375e-09
3.8178707 5.443440635328589e-09
3.8190716659999997 5.443595691027511e-09
3.820272632 5.442934685833609e-09
3.821473598 5.442314288477477e-09
3.8226745639999997 5.441675577604495e-09
3.8238755299999996 5.441018941697015e-09
3.825076495 5.440343969523781e-09
3.826277461 5.43965066451579e-09
3.827478427 5.438940863945931e-09
3.828679393 5.4382150578568075e-09
3.829880359 5.43747375651024e-09
3.831081325 5.436702575637701e-09
3.832282291 5.435914450600685e-09
3.8334832569999997 5.435112616438133e-09
3.834684223 5.434297656987094e-09
3.835885189 5.433470181428522e-09
3.837086155 5.432630232999917e-09
3.838287121 5.43351316174299e-09
3.8394880870000003 5.436957109119842e-09
3.840689053 5.4360604863044096e-09
3.841890019 5.435137260405373e-09
3.843090984 5.434205212381847e-09
3.8442919499999997 5.43326508295628e-09
3.845492916 5.432318055816625e-09
3.846693882 5.431374405241353e-09
3.8478948479999997 5.430432251050444e-09
3.849095814 5.4294851615620015e-09
3.8502967800000003 5.428520247751754e-09
3.851497746 5.427510354784556e-09
3.852698712 5.4264980097003595e-09
3.8538996780000003 5.4254839217357515e-09
3.855100644 5.424468920869318e-09
3.85630161 5.423453849314646e-09
3.857502576 5.4255861913406404e-09
3.858703542 5.4276863481296635e-09
3.859904507 5.426673826173088e-09
3.8611054730000003 5.425725592359515e-09
3.862306439 5.424786387765797e-09
3.863507405 5.423851260041472e-09
3.8647083710000003 5.422920847936712e-09
3.865909337 5.421995784905085e-09
3.867110303 5.421077373130825e-09
3.868311269 5.420166215348605e-09
3.869512235 5.419262365574839e-09
3.870713201 5.418294292072664e-09
3.871914167 5.417285390297084e-09
3.8731151329999998 5.416286458339854e-09
3.874316099 5.415297868184147e-09
3.875517065 5.414319432031278e-09
3.876718031 5.413351618693581e-09
3.877918996 5.412394888274068e-09
3.8791199620000003 5.411450865714696e-09
3.880320928 5.410556322106788e-09
3.881521894 5.4097747344604554e-09
3.88272286 5.40900587202803e-09
3.883923826 5.408250078652631e-09
3.885124792 5.407509081119268e-09
3.886325758 5.406782680956797e-09
3.8875267239999998 5.406070301867104e-09
3.88872769 5.405372183296395e-09
3.889928656 5.404688545573541e-09
3.891129622 5.4039639292737085e-09
3.8923305879999996 5.4032514583027075e-09
3.893531554 5.4025540350302045e-09
3.89473252 5.401871776870669e-09
3.895933485 5.401204778026606e-09
3.897134451 5.401392294671491e-09
3.8983354169999997 5.406149321136966e-09
3.899536383 5.405530250200771e-09
3.900737349 5.404881808323798e-09
3.9019383149999998 5.404220585429988e-09
3.903139281 5.403576448255986e-09
3.904340247 5.4029483349568244e-09
3.905541213 5.402335379203721e-09
3.9067421789999996 5.401737460508583e-09
3.9079431450000004 5.401154436741703e-09
3.9091441110000003 5.400587872082592e-09
3.910345077 5.400074899781352e-09
3.911546043 6.556949563933653e-09
3.9127470090000003 1.2149706734217817e-07
3.913947974 9.538178476156754e-09
3.91514894 5.404544607024408e-09
3.9163499059999998 5.404197693053688e-09
3.9175508719999996 5.403863712555635e-09
3.918751838 5.4035423618031515e-09
3.9199528040000002 5.4032333156912675e-09
3.92115377 5.402958865188559e-09
3.922354736 5.4026959747473384e-09
3.9235557020000003 5.4024411082936314e-09
3.924756668 5.402197029509046e-09
3.925957634 5.401963352237044e-09
3.9271586000000003 5.4017410152923745e-09
3.928359566 5.401528546891043e-09
3.929560532 5.401325144686708e-09
3.930761498 5.401074033229649e-09
3.9319624629999996 5.400798608446164e-09
3.9331634290000004 5.4005321035792134e-09
3.9343643950000002 5.4002731073566745e-09
3.935565361 5.400020896510157e-09
3.936766327 5.399775019528173e-09
3.9379672930000003 5.4055522344162325e-09
3.939168259 5.405521738766426e-09
3.940369225 2.9635923132921214e-08
3.941570191 4.7532849220403874e-07
3.942771157 4.313743762239672e-07
3.943972123 6.834507529479092e-09
3.945173089 5.407349688301998e-09
3.946374055 5.407819539992494e-09
3.947575021 5.40829140139124e-09
3.948775987 5.408764826443138e-09
3.949976952 5.409239386725673e-09
3.951177918 4.844145084047686e-08
3.9523788840000003 2.191297380396145e-07
3.95357985 6.414011156489537e-08
3.954780816 5.408044026057887e-09
3.955981782 5.407740063520158e-09
3.957182748 5.407434874105132e-09
3.958383714 2.5348198609928388e-08
3.95958468 8.513043773815718e-08
3.9607856459999997 5.406551182759074e-09
3.961986612 5.406304027424807e-09
3.963187578 5.406053586925842e-09
3.9643885439999997 5.405799610245112e-09
3.9655895099999996 5.405541812258766e-09
3.9667904760000003 5.4052799183752905e-09
3.967991441 5.405013665432799e-09
3.969192407 5.405896662712693e-09
3.970393373 5.410508473132559e-09
3.971594339 5.4103605839600424e-09
3.972795305 5.410207381225512e-09
3.973996271 5.410048681039964e-09
3.9751972369999997 5.409883876182509e-09
3.976398203 5.409713226274111e-09
3.977599169 5.413266456169608e-09
3.9788001349999997 5.415578751170561e-09
3.980001101 5.415389587397662e-09
3.9812020670000003 5.415075405303324e-09
3.982403033 5.414754927360521e-09
3.983603999 5.414428123389545e-09
3.984804964 5.41409498032642e-09
3.9860059299999997 5.413755474243439e-09
3.987206896 5.4134091316283905e-09
3.988407862 5.413056502189394e-09
3.9896088279999997 5.412697645804594e-09
3.9908097939999996 5.4123290253542196e-09
3.9920107600000003 5.41195256627199e-09
3.993211726 5.411569698592653e-09
3.994412692 5.411181016092723e-09
3.9956136580000003 5.410786652629644e-09
3.996814624 5.4103867566959e-09
3.99801559 5.4099814691515175e-09
3.999216556 5.409570695908994e-09
4.000417522 5.414575118918404e-09
4.001618488 9.387748110044381e-08
4.002819453 2.0406108809704568e-08
4.004020419 5.407584177352892e-09
4.005221385 5.407063083007538e-09
4.006422351 5.40653863930581e-09
4.007623317 5.406011117631799e-09
4.008824283 5.405480809481634e-09
4.010025249 5.404961666811741e-09
4.011226215 5.4050761373518415e-09
4.012427181 5.405188675661921e-09
4.0136281469999995 5.405299611386158e-09
4.014829112999999 5.405409275005677e-09
4.016030079 5.405518047854877e-09
4.017231045 5.405626558070315e-09
4.018432011 5.408419349920995e-09
4.0196329770000006 5.412057048654336e-09
4.020833942 5.416739079662144e-09
4.022034908 5.4172250429586875e-09
4.023235874 5.416716653400659e-09
4.02443684 5.416210108089005e-09
4.025637806 5.415705772804498e-09
4.026838772 5.4152040091641004e-09
4.028039738 5.414705355747364e-09
4.029240704 4.6699216767826343e-08
4.03044167 9.051665206787003e-07
4.031642636 1.2000550194548113e-06
4.032843602 9.102498265511647e-09
4.034044568 5.412141914416478e-09
4.035245534 5.411631672843163e-09
4.0364465 5.411127004603258e-09
4.037647466 5.410628239403856e-09
4.038848431 8.467689356576864e-08
4.040049397000001 8.727271508802176e-07
4.0412503630000005 4.456108344736247e-07
4.042451329 1.6090734815502904e-06
4.043652295 1.8548673265560749e-06
4.044853261 6.926001089838196e-08
4.046054227 5.410658905289123e-09
4.047255193 5.4108803554804e-09
4.048456159 5.411110311510283e-09
4.049657125 5.4113490074068226e-09
4.050858091 5.411124615950753e-09
4.052059057 5.4107213736494255e-09
4.053260023 5.410328876137287e-09
4.054460989 1.9754665622981714e-08
4.055661955 1.1435561748995207e-07
4.05686292 1.4483927289488443e-07
4.058063886 7.392970148044209e-08
4.059264852 7.294266199558557e-08
4.060465818 1.4248781876176238e-07
4.061666784 4.633698328333371e-07
4.06286775 5.737430882645155e-07
4.064068716 2.2369665264510195e-08
4.065269682 5.413241281785233e-09
4.066470648 6.773932444803639e-09
4.067671614 1.933733957875055e-07
4.06887258 8.593202335879361e-07
4.070073546 9.156617958049269e-07
4.071274512 2.446414076763411e-07
4.072475477999999 7.449153874442201e-09
4.073676444 5.419631749045612e-09
4.074877409 5.420099347811803e-09
4.076078375 5.420577783379016e-09
4.077279341 5.421067315104464e-09
4.0784803069999995 5.421566627771506e-09
4.079681273 5.422075556522925e-09
4.080882239 5.4221125387303515e-09
4.082083205 5.4219844251834936e-09
4.083284171 5.4218506406158585e-09
4.084485137 5.421725610077606e-09
4.085686103 5.421609081874255e-09
4.086887069 5.421500788787062e-09
4.088088035 5.421401133518931e-09
4.089289001 5.421309958555354e-09
4.090489967 6.142789580986951e-09
4.091690932 7.045625097198325e-08
4.0928918979999995 1.5928361332170046e-08
4.094092864 1.5187553338665123e-08
4.09529383 7.916386035991726e-07
4.096494796 1.2605269112709755e-06
4.097695762 1.3673710083297238e-06
4.098896728 1.5441759888663202e-06
4.1000976940000005 2.3454833186032434e-06
4.10129866 1.2069671445448506e-06
4.102499626 4.618531118070727e-08
4.103700592 5.4230469282644075e-09
4.104901558 5.424249230783307e-09
4.106102524 5.4235930882005254e-09
4.1073034900000005 5.422938607226499e-09
4.1085044559999995 8.10971573228242e-09
4.109705420999999 1.5464495308326951e-07
4.110906387 1.2499777338327655e-08
4.112107353000001 5.42135028519049e-09
4.113308319 7.549529600115751e-09
4.1145092850000005 2.4810059816729865e-07
4.115710251 8.551909483785213e-08
4.116911217 5.902932191368279e-07
4.118112183 2.8614999683346167e-07
4.119313149 8.653970639052702e-09
4.120514115 5.426822890999901e-09
4.1217150810000005 5.42678423770968e-09
4.1229160469999995 5.6009274028116944e-09
4.124117013 3.410384977397525e-07
4.125317979 3.0989738438879366e-06
4.126518945 5.642306754082958e-06
4.12771991 6.269525407876563e-06
4.1289208760000005 6.196982661018159e-06
4.130121841999999 3.940984951512603e-06
4.131322808 2.127369840782395e-06
4.132523774 7.145028495102363e-07
4.13372474 2.3110970538050404e-08
4.134925706 5.423199950759509e-09
4.1361266720000005 5.667796088460948e-09
4.1373276379999995 1.907728256640024e-08
4.138528604 4.649249127587043e-08
4.13972957 3.1791840959292255e-08
4.140930536 5.73992030664894e-09
4.142131502 1.56985629395722e-07
4.143332468 1.5916345832640281e-06
4.1445334339999995 2.164653393037618e-06
4.145734399 1.0898291652207124e-06
4.146935365 1.2569706089165323e-06
4.148136331 2.078529063663585e-06
4.149337297 4.25254922146575e-06
4.1505382630000005 5.324175971317375e-06
4.1517392289999995 5.140382586980634e-06
4.152940195 3.81896261574853e-06
4.154141160999999 2.0257865507080017e-06
4.155342127 7.623324716167383e-07
4.156543093 1.5409549962665106e-07
4.157744059 1.495660635379659e-06
4.158945025 2.5773241096128605e-06
4.160145991 3.288967606018779e-06
4.161346957 3.3822591831391354e-06
4.162547923 3.1170949002880466e-06
4.163748888 1.8678378720018274e-06
4.1649498540000005 9.60359221849074e-07
4.1661508199999995 1.5485655110247366e-06
4.167351786 2.071078483328364e-06
4.168552751999999 2.971951708527119e-06
4.169753718 3.0678492348558156e-06
4.170954684000001 3.214325019304372e-06
4.17215565 1.9792520154413892e-06
4.173356616 1.95237845176802e-06
4.174557582 2.0290734899001953e-06
4.175758548 2.2679289460088474e-06
4.176959514 3.2880432823780234e-06
4.17816048 5.893311526367194e-06
4.179361446 8.132823843650391e-06
4.1805624120000004 9.258733483702996e-06
4.181763377 8.967071164066267e-06
4.182964343 5.585450846555543e-06
4.184165309 3.4882074052469258e-06
4.185366275000001 3.008847170692943e-06
4.186567241 1.9244045920891446e-06
4.187768207 1.6871391357209657e-06
4.188969173 1.816711291430242e-06
4.190170139 1.9077334290668716e-06
4.191371105 2.397777087057302e-06
4.192572071 1.6299476322284613e-06
4.193773037 1.685776238318832e-06
4.1949740030000005 2.2600559104595024e-06
4.196174968999999 4.117984229988287e-06
4.197375935 3.140745384653347e-06
4.198576901 1.2812235066758648e-06
4.199777866000001 4.974845735492353e-07
4.200978832 1.7381220333869472e-06
4.202179798 6.781628295745417e-06
4.203380764 1.0586728727098914e-05
4.20458173 1.1438664532223555e-05
4.205782696 8.82008496783594e-06
4.206983662 3.979908484310026e-06
4.208184628 2.2971820738896534e-06
4.2093855940000005 3.1265379040173687e-06
4.210586559999999 5.3788996288289134e-06
4.211787526 8.04202312079302e-06
4.212988492 7.378154788995484e-06
4.214189458 7.030454608692369e-06
4.215390424 7.124675671776335e-06
4.216591389 7.452966850161747e-06
4.217792354999999 6.567273430458938e-06
4.218993321 5.471560569721476e-06
4.220194287 6.259825368231759e-06
4.221395253 5.526784027805456e-06
4.222596219 2.9391581349024167e-06
4.2237971850000005 2.4043635338550615e-06
4.224998150999999 3.5055104335041796e-06
4.226199117 5.172240216142098e-06
4.227400083 6.902084289957626e-06
4.228601049 6.3998840154437975e-06
4.229802015000001 6.541060219391048e-06
4.231002981 7.813435186176993e-06
4.232203947 9.666023597275831e-06
4.233404913 1.2471313228853719e-05
4.234605878 1.5851697998023148e-05
4.235806844 1.881984498065607e-05
4.23700781 1.8331199328109592e-05
4.2382087760000005 1.7101692624849094e-05
4.239409741999999 1.5642229205241375e-05
4.240610708 1.5174414949431377e-05
4.241811673999999 1.3518919298409818e-05
4.24301264 1.0898609741466662e-05
4.244213606000001 7.4716624927576615e-06
4.245414572 4.056752161394796e-06
4.246615538 4.1613417341751955e-06
4.247816504 5.293834015799239e-06
4.24901747 6.376614037984225e-06
4.250218436 7.48023155023466e-06
4.251419402000001 6.901393338904504e-06
4.2526203670000005 4.52636718147472e-06
4.253821332999999 4.062969008672091e-06
4.255022299 4.455663773540034e-06
4.256223265 3.856604726090056e-06
4.257424231 2.992789285642042e-06
4.258625197000001 5.5662217859820524e-06
4.259826163 8.653558413792332e-06
4.261027129 1.0223424387325234e-05
4.262228095 1.0936851307785674e-05
4.263429061 1.1917091963784511e-05
4.264630027 1.594807365481276e-05
4.265830993 1.8524995305566552e-05
4.267031959 1.7352730054954714e-05
4.268232925 1.1809143861030896e-05
4.269433890999999 8.536932207468857e-06
4.270634856 6.8848581009949605e-06
4.271835822 7.034596113307648e-06
4.273036788000001 9.141057915141368e-06
4.274237754 1.1340633913473798e-05
4.27543872 1.4394914575066838e-05
4.276639686 1.8242555143449814e-05
4.277840652 2.0362657743993608e-05
4.279041618 1.8913753919722225e-05
4.280242584 1.4852257289571671e-05
4.28144355 1.0667972920748644e-05
4.282644516 8.578069313183302e-06
4.283845481999999 8.726309457973443e-06
4.285046448 1.1121712710628034e-05
4.286247414 1.295737147744476e-05
4.28744838 1.2175037497113114e-05
4.288649345 1.1186900330870888e-05
4.289850311 1.1683327754415433e-05
4.291051276999999 1.3239573297247814e-05
4.292252243 1.447652131744239e-05
4.293453209 1.4663363529324395e-05
4.294654175 1.5373642983423452e-05
4.295855141 1.539465446531086e-05
4.297056107 1.4332837249783564e-05
4.298257072999999 9.138340611274943e-06
4.299458039 3.934783478380037e-06
4.300659005000001 3.088574970175463e-06
4.301859971 2.228754442261902e-06
4.303060937000001 2.2962303950346445e-06
4.304261903 2.6918514015604675e-06
4.305462869 4.040867481295085e-06
4.306663834 1.0228849060941607e-05
4.3078648 1.5779165505010317e-05
4.309065766 1.567302676139577e-05
4.310266732 1.5265138914165995e-05
4.311467698 1.4852382270365447e-05
4.312668663999999 1.5249360513581459e-05
4.31386963 1.5633322458004282e-05
4.315070596 1.5828500336860913e-05
4.316271562 1.623403639815858e-05
4.317472528000001 1.6142054000110646e-05
4.318673494 1.537024152207477e-05
4.31987446 1.3883944505447416e-05
4.321075426 1.3244230623404472e-05
4.322276392 1.3694740759972884e-05
4.323477357 1.4326010778609675e-05
4.324678323 1.4957673515559346e-05
4.325879289 1.5367263619102964e-05
4.327080255 1.542041919477073e-05
4.328281221 1.518559886445277e-05
4.329482187 1.4879029962055866e-05
4.330683153 1.4789161302074753e-05
4.331884119000001 1.4607448061560008e-05
4.333085085 1.4851814513710638e-05
4.334286051 1.5246817508926407e-05
4.335487017 1.6749189807900156e-05
4.336687983 2.0069950532597294e-05
4.337888949 2.0517175356055357e-05
4.339089915 1.937226652259067e-05
4.340290881 1.7511573980200726e-05
4.341491846 1.6761479283112117e-05
4.342692812 1.692953987679835e-05
4.343893778 1.7715169657835597e-05
4.345094744 1.800682209879264e-05
4.346295710000001 1.828839980614472e-05
4.347496676 1.8686645689336132e-05
4.348697642 1.7077416424612714e-05
4.349898608 1.557983811558691e-05
4.351099574 1.4884662785361406e-05
4.35230054 1.76339191076554e-05
4.353501506 2.0891156776761255e-05
4.354702472 2.2591148647102603e-05
4.355903438 2.0342689560104e-05
4.357104403999999 1.7335582981855057e-05
4.35830537 1.4723048636712565e-05
4.359506335 1.2865253071737499e-05
4.360707301000001 1.1437065240194468e-05
4.361908267 9.516546507040612e-06
4.363109233 8.64104606552787e-06
4.364310198999999 1.090603574490835e-05
4.365511165 1.146385791378776e-05
4.366712131 1.1924084782322511e-05
4.367913097 1.2858490316013466e-05
4.369114063 1.4730656418412323e-05
4.370315029 1.5799053273996836e-05
4.371515994999999 1.612170699032701e-05
4.372716961 1.6189451253453153e-05
4.373917927000001 1.734393413673118e-05
4.375118893 1.9508708172913347e-05
4.3763198590000005 2.0905759911476058e-05
4.377520824 2.2131145863447604e-05
4.378721789999999 2.297678480705936e-05
4.379922756 2.294723300991873e-05
4.381123722 2.1581590746041395e-05
4.382324688 1.8944572582605804e-05
4.383525654 1.701310252169732e-05
4.38472662 1.6008740065767982e-05
4.385927586 1.7343953474851803e-05
4.387128552 1.7795667722813617e-05
4.388329518 1.7474787990187247e-05
4.389530484 1.5311113728379056e-05
4.3907314500000005 1.4186246434884983e-05
4.3919324159999995 1.4062362253534605e-05
4.393133382 1.556165050687963e-05
4.394334348 1.6624169157173368e-05
4.395535313 1.7100704147261125e-05
4.396736279 1.5226056449731314e-05
4.3979372450000005 1.4021228363255296e-05
4.399138211 1.3260643413011052e-05
4.400339177 1.4096447355045272e-05
4.401540143 1.4954770125073323e-05
4.402741109 1.5111670116522451e-05
4.403942075 1.485187940789651e-05
4.4051430410000005 1.5004867038861276e-05
4.4063440069999995 1.6505512665124896e-05
4.407544973 1.7844552882001964e-05
4.408745939 1.8680529637711737e-05
4.409946905 1.7274857232483526e-05
4.411147871 1.5212942164932774e-05
4.412348837 1.4376357948458293e-05
4.413549802 1.4247735370992787e-05
4.414750768 1.5178510826337641e-05
4.415951734 1.6650457936512012e-05
4.4171527 1.653970706897423e-05
4.418353666 1.581610928195581e-05
4.4195546320000005 1.4448592368380625e-05
4.4207555979999995 1.4701959483812741e-05
4.421956564 1.5628571408861345e-05
4.42315753 1.7001733475375473e-05
4.424358496 1.7165452171290756e-05
4.425559462 1.7249047169721007e-05
4.426760428 1.6206066847535164e-05
4.4279613939999996 1.5610633085027084e-05
4.42916236 1.4478027421904582e-05
4.430363325999999 1.3534004445249342e-05
4.431564291 1.3014710932537555e-05
4.432765257 1.419597925527153e-05
4.4339662230000005 1.5839818351930195e-05
4.4351671889999995 1.7853198027679812e-05
4.436368155 1.7577314361583488e-05
4.437569121 1.6684381705187072e-05
4.438770087 1.5421326289824126e-05
4.439971053 1.5234615224829975e-05
4.441172019 1.5261692173554426e-05
4.4423729849999996 1.5708592981111624e-05
4.443573951 1.5129152279495514e-05
4.444774917 1.4424506426908361e-05
4.445975883 1.3687732407976652e-05
4.447176849000001 1.4016207190172626e-05
4.4483778140000005 1.503404966952768e-05
4.4495787799999995 1.6150316779813406e-05
4.450779746 1.6878408604564294e-05
4.451980711999999 1.7418474223240414e-05
4.453181678 1.7119446147366663e-05
4.454382644 1.6666771722074332e-05
4.45558361 1.4809206093357393e-05
4.456784576 1.3785138594765656e-05
4.457985542 1.3449258905728089e-05
4.459186508 1.5981798440598236e-05
4.460387474 1.8704588960284472e-05
4.461588440000001 2.069184226442274e-05
4.462789406 2.1148852492916203e-05
4.4639903720000005 2.151130675847438e-05
4.4651913379999995 2.287899756048205e-05
4.466392302999999 2.271334366359919e-05
4.467593269 2.1982689395993045e-05
4.468794235000001 1.907163178985097e-05
4.469995201 1.7630761251218375e-05
4.471196167 1.8151823525902077e-05
4.472397133 1.9309369974925053e-05
4.473598099 2.0314844560877944e-05
4.474799065 2.0211890524259562e-05
4.476000031 1.9889023456507182e-05
4.477200997 1.9521668416843323e-05
4.4784019630000005 1.7606641980769835e-05
4.4796029289999995 1.6312481149236632e-05
4.480803895 1.561892469571102e-05
4.482004861 1.7181426713295453e-05
4.483205827 1.8901996630684102e-05
4.484406792 1.8557738148371604e-05
4.4856077580000004 1.706425899153589e-05
4.486808724 1.5112279006602547e-05
4.48800969 1.558795310801131e-05
4.489210656 1.6133927014100844e-05
4.490411622 1.6664873255413366e-05
4.491612588 1.6460589923493954e-05
4.4928135540000005 1.5976541338719772e-05
4.4940145199999995 1.5400383396281325e-05
4.495215486 1.4166065200878375e-05
4.496416452 1.2487532142618344e-05
4.497617418 1.2341037782468368e-05
4.498818384 1.2924840982350577e-05
4.50001935 1.5496604632644223e-05
4.5012203159999995 1.6802141408461e-05
4.502421281 1.7101287132963772e-05
4.503622247 1.486927181824665e-05
4.504823213 1.2551622342236902e-05
4.506024179 1.055157165015839e-05
4.5072251450000005 7.743875255785563e-06
4.5084261109999995 7.293246265922786e-06
4.509627077 8.199580923870549e-06
4.510828043 9.855074951631647e-06
4.512029009 1.1539459236669945e-05
4.513229975 1.154244269048491e-05
4.514430941 1.0597044492564091e-05
4.515631907 1.001778573848876e-05
4.516832873 1.0850248021905481e-05
4.518033839 1.3082846595178726e-05
4.519234805 1.4467754545995828e-05
4.52043577 1.5495217529209923e-05
4.5216367360000005 1.5782233712704262e-05
4.5228377019999995 1.627471129188351e-05
4.524038668 1.6956832806984743e-05
4.525239633999999 1.8118335527003383e-05
4.5264406 1.9423593558407466e-05
4.527641566000001 2.122188015839281e-05
4.528842532 2.2615597825775418e-05
4.530043498 2.4043655179691262e-05
4.531244464 2.4875025265127384e-05
4.53244543 2.5468654817582584e-05
4.533646396 2.5583070858101652e-05
4.534847362000001 2.3709248006592303e-05
4.536048328 2.136421281792427e-05
4.537249294 1.865841876705199e-05
4.538450259 1.727618996717193e-05
4.539651224999999 1.704969083877193e-05
4.540852191 1.779738604896434e-05
4.542053157000001 1.906395048049377e-05
4.543254123 2.0567111793073383e-05
4.544455089 2.1371624372511605e-05
4.545656055 2.1712617068759173e-05
4.546857021 2.042759655956501e-05
4.548057987 1.999098784246926e-05
4.549258953 2.0442799583691445e-05
4.550459919 2.1042177918600083e-05
4.551660885 2.149305033652227e-05
4.552861850999999 1.9984470742545585e-05
4.554062817 1.8862776733769375e-05
4.555263782 1.857657774746132e-05
4.556464748000001 1.833845048134235e-05
4.557665714 1.7983688318309922e-05
4.55886668 1.528708211555432e-05
4.560067646 1.2968907786008284e-05
4.561268612 1.1929520716673741e-05
4.562469578 1.2359922730198034e-05
4.563670544 1.440971802839115e-05
4.56487151 1.6698515374945877e-05
4.566072476 1.902222011801064e-05
4.567273441999999 2.0364414010462215e-05
4.568474408 2.0157912592629236e-05
4.569675374 1.8193422072131714e-05
4.57087634 1.5264162454088435e-05
4.572077306 1.3180862725711597e-05
4.573278271 1.3815394294458387e-05
4.574479236999999 1.454827849341653e-05
4.575680203 1.53554405781287e-05
4.576881169 1.5594179850056628e-05
4.578082135 1.5950663585321317e-05
4.579283101 1.7476559365942817e-05
4.580484067 1.817547697763933e-05
4.581685032999999 1.7448781442460016e-05
4.582885999 1.5368652261399978e-05
4.584086965 1.3161174417674434e-05
4.585287931 1.3368318109484246e-05
4.586488897000001 1.3412346137990616e-05
4.587689863 1.3156384671248928e-05
4.588890829 1.1421353788825814e-05
4.590091795 1.0909597432010974e-05
4.59129276 1.199810650955874e-05
4.592493726 1.3020365403922758e-05
4.593694692 1.3220095570745982e-05
4.594895658 1.3980072276518434e-05
4.596096623999999 1.3719836971264136e-05
4.59729759 1.3132589396255738e-05
4.598498555999999 1.1886768211773472e-05
4.599699522 1.0189573605770667e-05
4.600900488000001 9.940128307474127e-06
4.602101454 1.0351243738745932e-05
4.60330242 1.1976059313006418e-05
4.604503386 1.5503506985769258e-05
4.605704352 1.656695712552421e-05
4.606905318 1.740788333783721e-05
4.608106284000001 1.7842831102616716e-05
4.609307249 1.8808390020370672e-05
4.610508214999999 2.01037629173191e-05
4.611709181 1.9824395547025952e-05
4.612910147 1.9738367550943318e-05
4.614111113 1.98337382496276e-05
4.615312079000001 2.0558785812339612e-05
4.616513045 2.1948648796761528e-05
4.617714011 2.1803489908496133e-05
4.618914977 2.146071865781324e-05
4.620115943 2.046800588517188e-05
4.621316909 1.9870368250917378e-05
4.622517875 1.9491093699299083e-05
4.623718841 1.8446237704748113e-05
4.624919807 1.7422091539319904e-05
4.626120772999999 1.6616565172437524e-05
4.627321738 1.5962489410163333e-05
4.628522704 1.583708766132352e-05
4.629723670000001 1.5431237335972065e-05
4.630924636 1.5095151101511834e-05
4.632125602 1.51926056176696e-05
4.633326568 1.5553946904584878e-05
4.634527534 1.625967527870723e-05
4.6357285 1.6732149873178336e-05
4.636929466 1.6609693868166404e-05
4.638130432 1.645463749503866e-05
4.639331398 1.62016118480389e-05
4.640532363999999 1.6444161424355576e-05
4.64173333 1.7374914316709946e-05
4.642934296 1.7891005065906572e-05
4.644135262 1.7599706640283643e-05
4.645336227 1.680970184999218e-05
4.646537193 1.563941096466776e-05
4.647738159 1.5264363022675178e-05
4.648939125 1.6820331977921835e-05
4.650140091 1.8836035280644678e-05
4.651341057 2.1406080984038365e-05
4.652542023 2.310504644449117e-05
4.653742989 2.3900637702773337e-05
4.654943954999999 2.3987292416559715e-05
4.656144921 2.4320886468871918e-05
4.657345887 2.4677437447918605e-05
4.658546853 2.5143859304778385e-05
4.659747819000001 2.473959113139404e-05
4.6609487849999995 2.358275397060598e-05
4.662149751 2.2180662204407887e-05
4.663350716 2.168171727406244e-05
4.664551682 2.160489387834925e-05
4.665752648 2.3789853619647114e-05
4.666953614 2.61506325729611e-05
4.66815458 2.7785079353102213e-05
4.669355545999999 2.7072469911512884e-05
4.670556512 2.481656110262852e-05
4.671757478000001 2.2386011928329095e-05
4.672958444 2.0380496304713057e-05
4.674159410000001 2.0445491266252018e-05
4.6753603759999995 2.033057031804184e-05
4.676561342 1.9854095121736375e-05
4.677762308 1.9513242136395696e-05
4.678963274 1.92354620216242e-05
4.680164239 1.9876988473590714e-05
4.681365205 2.1044671888891143e-05
4.682566171 2.092925866411657e-05
4.683767137 2.10260921732702e-05
4.684968103 2.0732850284509154e-05
4.686169069 2.039286802786634e-05
4.687370035 2.042271939915224e-05
4.688571001000001 1.9399973930227917e-05
4.6897719669999995 1.8461581165006803e-05
4.690972933 1.880658122191263e-05
4.692173899 1.964008553893538e-05
4.693374865 2.2205000217310424e-05
4.694575831 2.4316069357676536e-05
4.695776797000001 2.5592623441226434e-05
4.696977763 2.5589792783610978e-05
4.698178728 2.5100359461028167e-05
4.699379694 2.3667085580862562e-05
4.70058066 2.2333476875223227e-05
4.701781626 2.1178984433653487e-05
4.702982592000001 2.0767319821806147e-05
4.7041835579999995 2.143836300925603e-05
4.705384524 2.0787167669668727e-05
4.70658549 1.9584425438748484e-05
4.707786456 1.4849924217011783e-05
4.708987422 1.1414801934441647e-05
4.710188388 1.046820289548612e-05
4.711389354 1.061210851949709e-05
4.71259032 1.1943854409083756e-05
4.713791285999999 1.440338004024567e-05
4.714992252 1.595084879772396e-05
4.716193217 1.6929759104972498e-05
4.717394183000001 1.7576878222223706e-05
4.7185951489999995 1.7163753731893324e-05
4.719796115 1.7062808338974417e-05
4.720997081 1.5723819022372053e-05
4.722198047 1.4789167268652102e-05
4.723399013 1.443794285025253e-05
4.724599979 1.4156854255101591e-05
4.725800945 1.482517009056286e-05
4.727001911 1.5111718103797935e-05
4.728202876999999 1.5442313868025393e-05
4.729403843 1.4983151283895412e-05
4.730604809000001 1.4526060316052321e-05
4.731805775 1.2999797527945631e-05
4.7330067410000005 1.1891810404385268e-05
4.734207706 1.1422734104148823e-05
4.735408671999999 1.2102792016023714e-05
4.736609638 1.4094801826012778e-05
4.737810604 1.6163912228991182e-05
4.73901157 1.8387673805686934e-05
4.740212536 1.953536385061994e-05
4.741413502 2.0478617823304106e-05
4.742614468 1.9368134970770845e-05
4.743815434 1.7104887239343312e-05
4.745016400000001 1.3687948679633847e-05
4.746217366 1.164974039655907e-05
4.7474183320000005 1.0714801752794122e-05
4.7486192979999995 1.0632057091807035e-05
4.749820264 1.0832029154156024e-05
4.75102123 1.0514257400396629e-05
4.752222195 1.0198650942372009e-05
4.753423161 1.0282781970492491e-05
4.7546241270000005 1.0623907541251713e-05
4.755825093 1.1350042064780813e-05
4.757026059 1.2138698769038908e-05
4.758227025 1.3061475116156694e-05
4.759427991 1.398491847225208e-05
4.760628957 1.4966150190237587e-05
4.7618299230000005 1.4328958274548833e-05
4.7630308889999995 1.359062090666463e-05
4.764231855 1.2428544574640479e-05
4.765432821 1.1784298947407344e-05
4.766633787 1.298423469744668e-05
4.767834753 1.3920806021373865e-05
4.769035719000001 1.3904967823241941e-05
4.770236684 1.2434084002546967e-05
4.77143765 1.0153633741484721e-05
4.772638616 9.50001529803677e-06
4.773839582 9.48043619028019e-06
4.775040548 1.0599071704714458e-05
4.7762415140000005 1.1932269926016385e-05
4.7774424799999995 1.1931327838318097e-05
4.778643446 1.2034358364677187e-05
4.779844412 1.228234076342972e-05
4.781045378 1.2455900912512811e-05
4.782246344 1.2437492058451937e-05
4.78344731 1.1764663317313726e-05
4.7846482759999995 1.0666547579986043e-05
4.785849242 1.0000959325991662e-05
4.787050207 9.537878744982965e-06
4.788251173 9.3031220079151e-06
4.789452139 9.107048620981586e-06
4.7906531050000005 8.632740717926548e-06
4.7918540709999995 8.567046319777913e-06
4.793055037 9.105420001136488e-06
4.794256003 1.0080086955662877e-05
4.795456969 1.1097483907588354e-05
4.796657935 1.2289352693881643e-05
4.797858901 1.3398404530451273e-05
4.7990598669999995 1.3536295793634161e-05
4.800260833 1.329329539399648e-05
4.801461799 1.1277261574879907e-05
4.802662765 9.638556063262618e-06
4.803863731000001 7.383718219273537e-06
4.8050646960000005 6.141862187681342e-06
4.8062656619999995 5.778204186598365e-06
4.807466628 6.180741272711109e-06
4.808667593999999 6.6311043452875515e-06
4.80986856 7.5215385037850305e-06
4.811069526 7.931317809660144e-06
4.812270492 7.807170159373152e-06
4.813471458 7.081016238771453e-06
4.814672424 6.0466861928806025e-06
4.81587339 5.067896995521845e-06
4.817074356 5.288185392077106e-06
4.818275322000001 6.282774784561821e-06
4.819476288 6.838914232113692e-06
4.8206772540000005 7.335588515870692e-06
4.821878219999999 6.393878682125572e-06
4.823079184999999 5.959820777921532e-06
4.824280151 7.038181402254833e-06
4.825481117000001 8.524766277327308e-06
4.826682083 1.0836240870722732e-05
4.827883049 1.2236951465242183e-05
4.829084015 1.2161524377932074e-05
4.830284981 1.1015363190659796e-05
4.831485947 9.344032469275108e-06
4.832686913 7.185488059285071e-06
4.833887879 5.720465102318167e-06
4.8350888450000005 4.5205104430674976e-06
4.836289810999999 3.690586517162144e-06
4.837490777 4.268804027275232e-06
4.838691743 5.637322928149871e-06
4.839892709 6.968226182156376e-06
4.841093674 9.208947578758847e-06
4.84229464 1.0091204983558573e-05
4.843495606 9.90382366386831e-06
4.844696572 1.0189874782498857e-05
4.845897538 1.0341120988964654e-05
4.847098504 9.75136956464937e-06
4.84829947 7.653087941913618e-06
4.8495004360000005 5.380646364001586e-06
4.850701401999999 3.6205564351725048e-06
4.851902368 3.4803774027735534e-06
4.853103334 3.5695465735649186e-06
4.8543043 3.698002113566587e-06
4.855505266 3.6150111496586497e-06
4.8567062320000005 3.6866723586199024e-06
4.8579071979999995 4.540112036736239e-06
4.859108163 6.122843994762499e-06
4.860309129 6.8070773214456865e-06
4.861510095 7.347047006313506e-06
4.862711061 7.030636897640947e-06
4.8639120270000005 6.685857754729423e-06
4.865112992999999 6.075882151366232e-06
4.866313959 5.34200974898729e-06
4.867514925 4.254647998203006e-06
4.868715891 3.1759863101787894e-06
4.869916857 2.42243151023837e-06
4.871117823 2.729456111315895e-06
4.8723187889999995 3.7884847765953643e-06
4.873519755 5.1789403332974e-06
4.874720721 7.086530634394752e-06
4.875921687 7.604902121877174e-06
4.877122652 7.631965345356663e-06
4.8783236180000005 5.5595467050042125e-06
4.879524583999999 3.901894650646637e-06
4.88072555 2.100906280438138e-06
4.881926516 1.4100209390601297e-06
4.883127482 2.225545296371145e-06
4.884328448 4.16807879627626e-06
4.885529414 5.805003323331851e-06
4.88673038 7.474149540051188e-06
4.887931346 6.9192141521936625e-06
4.889132312 5.6827852739166085e-06
4.890333278 3.523484275651486e-06
4.891534244000001 1.609977703727455e-06
4.89273521 1.3562479157961755e-06
4.8939361749999994 1.6158231541410492e-06
4.895137141 2.2278749698674062e-06
4.896338106999999 2.7598199902372045e-06
4.897539073 3.3586711205822064e-06
4.898740039000001 3.693166042323811e-06
4.899941005 3.426402347132946e-06
4.901141971 3.165432738532498e-06
4.902342937 3.118708027921209e-06
4.903543903 3.434944993999216e-06
4.904744869 3.946792593645127e-06
4.905945835000001 4.100951711039e-06
4.907146801 4.7067153758284556e-06
4.908347767 4.752801870494582e-06
4.909548732999999 5.04770252616409e-06
4.910749699 4.465745959917653e-06
4.911950664 3.770124549639398e-06
4.913151630000001 1.7562131365020528e-06
4.914352596 1.6315481055532223e-06
4.915553562 1.7411622420223718e-06
4.916754528 1.9038458267801596e-06
4.917955494 2.4693523878758378e-06
4.91915646 4.114686614488847e-06
4.920357426 5.7941426926914275e-06
4.921558392 8.092334793096508e-06
4.922759358 8.885119624465641e-06
4.923960323999999 9.260752582123157e-06
4.92516129 8.444343763690271e-06
4.926362256 7.451765227181525e-06
4.927563222 6.345729005758186e-06
4.928764188 5.760921141972532e-06
4.929965153 5.533592925199706e-06
4.931166119 5.586018193391482e-06
4.932367085 5.943686228653593e-06
4.933568051 6.4180311395118304e-06
4.934769017 7.018752502287962e-06
4.935969983 7.445378157052624e-06
4.937170949 7.70628367893253e-06
4.938371914999999 7.5683465064158635e-06
4.939572881 7.188639169558059e-06
4.940773847 7.210476070843409e-06
4.941974813 7.562459077198771e-06
4.943175779 8.527592872413506e-06
4.944376745 1.0081273780377882e-05
4.945577711 1.1163403106352393e-05
4.946778677 1.1781243632134721e-05
4.947979642 1.0942760853334454e-05
4.949180608 1.0300796408642828e-05
4.950381574 9.245095049811003e-06
4.95158254 8.230633069971189e-06
4.952783505999999 7.418454325830022e-06
4.953984472 6.778705621233734e-06
4.955185438 6.56808314409346e-06
4.956386404 6.976870964580992e-06
4.957587370000001 7.560045464541785e-06
4.958788336 8.6638033357973e-06
4.959989302 8.85975275575709e-06
4.961190268 8.910150254611192e-06
4.962391234 8.200208763816704e-06
4.9635922 7.766246614099801e-06
4.964793166000001 6.135476430247187e-06
4.965994131 5.820284431546445e-06
4.967195096999999 5.606868033821801e-06
4.968396063 5.465292705133014e-06
4.969597029 6.29945482481865e-06
4.970797995 7.5033248545687635e-06
4.971998961000001 7.530488628488834e-06
4.973199927 7.5448732106345145e-06
4.974400893 6.436041816248953e-06
4.975601859 5.569444109395759e-06
4.976802825 6.118072339285802e-06
4.978003791 6.838331702062729e-06
4.979204757000001 7.72150625825956e-06
4.980405723 9.115691887440514e-06
4.981606689 8.36021814046963e-06
4.982807654999999 8.077453848139057e-06
4.98400862 8.289430059541238e-06
4.985209586 8.527726007890621e-06
4.986410552000001 8.950575809476582e-06
4.987611518 9.340614712305476e-06
4.988812484 9.007321691031459e-06
4.99001345 1.0243299750463322e-05
4.991214416 1.0151612778746105e-05
4.992415382 1.008239413632655e-05
4.993616348 9.152434936684036e-06
4.994817314 8.645290261945582e-06
4.99601828 8.016972799858904e-06
4.997219245999999 7.3974487522437375e-06
4.998420212 6.600687673233966e-06
4.999621178 6.852922452658392e-06
5.000822144 6.1040164496559035e-06
5.002023109 5.948404052744824e-06
5.003224075 5.015977522120593e-06
5.004425041 4.966836148839051e-06
5.005626007 4.958535506566703e-06
5.006826973 6.36743924440169e-06
5.008027939 6.07269739072414e-06
5.009228905 6.828733510780125e-06
5.010429871 4.962615730385786e-06
5.011630836999999 3.669691705739827e-06
5.012831803 2.7233178342403913e-06
5.014032769 2.7595175702688872e-06
5.015233735 3.316987625574407e-06
5.0164347010000006 4.371246048629365e-06
5.0176356669999995 4.766882832704296e-06
5.018836631999999 5.397027138502042e-06
5.020037598 5.70106555443005e-06
5.021238564 6.087091811521424e-06
5.02243953 4.996928959006347e-06
5.023640496 4.661557037291968e-06
5.024841462 4.267447084972543e-06
5.026042427999999 4.0090120013142305e-06
5.027243394 4.307011278030827e-06
5.028444360000001 4.965170091569833e-06
5.029645326 5.796984816009371e-06
5.0308462920000006 6.614951001414838e-06
5.0320472579999995 7.2642965843863075e-06
5.033248224 8.019606458738428e-06
5.03444919 8.065059982193957e-06
5.035650156 7.975158795700827e-06
5.036851121 7.329407342587663e-06
5.038052087 6.585586084586418e-06
5.039253053 6.425026671295074e-06
5.040454019 6.551089477510067e-06
5.041654985 6.348595620353508e-06
5.042855951 6.18144977955856e-06
5.044056917 5.407805977170318e-06
5.0452578830000006 5.392348541302248e-06
5.0464588489999995 6.139509108255734e-06
5.047659815 7.78919405034027e-06
5.048860781 1.046779460355739e-05
5.050061747 1.2765549762016764e-05
5.051262713 1.424569700157682e-05
5.052463679000001 1.4237140617932628e-05
5.053664645 1.4117169294739183e-05
5.05486561 1.3910177200320796e-05
5.056066576 1.4108063440676047e-05
5.057267542 1.491511720260305e-05
5.058468508 1.572297939424301e-05
5.0596694740000006 1.6616437892520338e-05
5.0608704399999995 1.7654134113612062e-05
5.062071406 1.8186842384789814e-05
5.063272372 1.8649903594212465e-05
5.064473338 1.8369283356613604e-05
5.065674304 1.812886810402319e-05
5.06687527 1.8123267047420777e-05
5.068076236 1.81993074537644e-05
5.069277202 1.880106822958266e-05
5.070478167999999 1.9502884505542808e-05
5.071679134 1.919004284980717e-05
5.072880099 1.8886735884371717e-05
5.074081065000001 1.792736836857338e-05
5.0752820309999995 1.7127429794151902e-05
5.076482997 1.6201988363855968e-05
5.077683963 1.5360581674742395e-05
5.078884929 1.4172355961462203e-05
5.080085895 1.300337182280873e-05
5.081286861 1.2645402986404743e-05
5.082487827 1.2562164088684788e-05
5.083688793 1.2848580060988596e-05
5.084889758999999 1.3392482200446762e-05
5.086090725 1.3372671873969288e-05
5.087291691000001 1.2928778532092667e-05
5.088492657 1.265623391050928e-05
5.0896936230000005 1.2754526293814993e-05
5.090894588 1.2941499592170907e-05
5.092095554 1.3058636946866387e-05
5.09329652 1.200582821723284e-05
5.094497486 1.0121045904316129e-05
5.095698452 8.498524024115716e-06
5.096899418 6.907839145686604e-06
5.098100384 5.927816404237175e-06
5.099301349999999 5.465913725906254e-06
