Wavelength_microns Throughput
2.0004663860000003 8.134408216145757e-12
2.002074478 8.275236012404606e-12
2.00368257 7.944121621905324e-12
2.005290662 7.155816866227827e-12
2.006898754 6.52989117602982e-12
2.008506846 5.938783794525362e-12
2.010114938 5.228924701117859e-12
2.01172303 4.578063774492696e-12
2.013331122 4.173201649182883e-12
2.014939214 4.040859384771308e-12
2.016547306 4.064635735145444e-12
2.018155398 4.161937756897862e-12
2.01976349 4.087114983381349e-12
2.021371582 4.091442241536781e-12
2.022979674 4.249146612479636e-12
2.0245877660000002 4.232927673434367e-12
2.026195858 4.056528339981733e-12
2.027803949 3.830942672855222e-12
2.029412041 3.779807825270753e-12
2.031020133 3.7589189869910175e-12
2.032628225 3.6801994917405646e-12
2.034236317 3.615985752832389e-12
2.035844409 3.71467710973067e-12
2.037452501 3.848420171805937e-12
2.039060593 3.978959656090895e-12
2.040668685 4.104595414591139e-12
2.042276777 4.072010119452708e-12
2.0438848689999998 4.044813930457839e-12
2.045492961 4.1213882789248035e-12
2.047101053 4.119264401700852e-12
2.0487091449999997 3.976321440230529e-12
2.0503172370000002 3.912351644892255e-12
2.0519253290000004 4.052419974563494e-12
2.053533421 4.228328580139241e-12
2.055141513 4.174222391835882e-12
2.056749605 4.222627555651022e-12
2.058357697 4.5932375190745895e-12
2.059965788 5.1703466186619246e-12
2.06157388 5.689014867630178e-12
2.0631819719999998 6.206236524003554e-12
2.064790064 6.758136326079264e-12
2.066398156 7.527807724085137e-12
2.068006248 8.60328308505308e-12
2.06961434 9.625361142479906e-12
2.071222432 1.0153410665536931e-11
2.072830524 1.0690779801162572e-11
2.074438616 1.1745679959123916e-11
2.076046708 1.286340965472321e-11
2.0776548 1.2861541579770824e-11
2.079262892 1.2445269372867338e-11
2.080870984 1.2174846400642963e-11
2.0824790760000003 1.2487076092992558e-11
2.084087168 1.210405231841296e-11
2.08569526 1.1291134515699527e-11
2.0873033519999997 1.0093456348816187e-11
2.088911444 1.0465259956348764e-11
2.090519536 1.2268849526648827e-11
2.092127627 1.4382117569113448e-11
2.0937357189999997 1.4964374523926126e-11
2.0953438110000002 1.3293502581558403e-11
2.0969519030000003 1.394351379179437e-11
2.098559995 1.6047441557123192e-11
2.100168087 1.6703436151999844e-11
2.101776179 1.1478241417644286e-11
2.103384271 6.9622122975324316e-12
2.104992363 3.122986229896735e-12
2.1066004549999997 2.939353379990366e-12
2.1082085470000003 3.2206044109315742e-12
2.109816639 3.2845128089735955e-12
2.111424731 1.8044630926640614e-12
2.113032823 4.712188513412001e-12
2.114640915 5.2665530255919904e-12
2.116249007 5.540050154320481e-12
2.1178570989999996 5.588213923144679e-12
2.1194651909999997 6.60081613501615e-12
2.1210732830000003 9.919762120626542e-12
2.122681375 1.4901015906551846e-11
2.124289466 1.6501296971570808e-11
2.125897558 1.244431462860257e-11
2.1275056500000002 1.1941496620249558e-11
2.129113742 1.2327385591663744e-11
2.130721834 1.4255263770733892e-11
2.1323299259999997 1.2687422251469992e-11
2.133938018 9.610662160719329e-12
2.1355461100000004 5.2861191468092615e-12
2.137154202 3.3748746125341987e-12
2.138762294 3.0855884673451586e-12
2.140370386 2.9415916676805776e-12
2.141978478 2.254346553369042e-12
2.14358657 2.217814149611319e-13
2.1451946619999998 1.19083947653565e-13
2.146802754 1.177999105686381e-13
2.1484108460000004 1.1751292847155639e-13
2.150018938 1.1750837854825265e-13
2.15162703 1.178294614221953e-13
2.153235122 1.184784371839115e-13
2.154843214 1.1921749181679433e-13
2.156451305 1.204504346550683e-13
2.158059397 1.2163088834900453e-13
2.159667489 1.2342333282940447e-13
2.161275581 1.2562218759890534e-13
2.1628836729999996 1.2764626221150325e-13
2.164491765 1.3022627564759542e-13
2.1660998570000003 1.3312935272141133e-13
2.167707949 1.363683897844592e-13
2.169316041 1.3994573854371247e-13
2.170924133 1.4355828569875698e-13
2.172532225 1.4806242957982007e-13
2.174140317 1.528428015784656e-13
2.1757484089999997 1.5812076127745164e-13
2.177356501 1.6393027017425653e-13
2.1789645930000003 1.7030507184218206e-13
2.180572685 1.773735068250954e-13
2.182180777 1.8513304073788913e-13
2.183788869 1.9390233705804546e-13
2.185396961 2.039155077958667e-13
2.187005053 2.1444584813751464e-13
2.1886131449999997 2.2624201050370774e-13
2.1902212359999997 2.3932837878890743e-13
2.191829328 2.539728504905783e-13
2.1934374200000004 2.70437852135074e-13
2.195045512 2.8885450937404656e-13
2.196653604 3.100579117305196e-13
2.198261696 3.339111129531698e-13
2.199869788 3.6094053293633297e-13
2.20147788 3.9273545821483744e-13
2.203085972 4.2836797623280195e-13
2.204694064 4.701091334119269e-13
2.206302156 5.18909770669149e-13
2.207910248 5.763791435157211e-13
2.2095183400000002 6.461141282035378e-13
2.211126432 7.292927783857745e-13
2.212734524 8.30093291487542e-13
2.2143426159999997 9.559752202376716e-13
2.215950708 1.1115740043577726e-12
2.2175588 5.098892442374129e-10
2.219166892 1.232107209965275e-09
2.220774984 1.940485448073544e-09
2.221786975 2.655691820933016e-09
2.222987941 3.593229041281323e-09
2.2241889070000003 4.858172020559952e-09
2.225389873 6.346440477177511e-09
2.226590839 7.985761430571174e-09
2.227791805 8.326211467243341e-09
2.228992771 8.848861712126032e-09
2.230193737 9.639250693840947e-09
2.231394703 1.0544904774273418e-08
2.2325956689999997 1.172223508500548e-08
2.233796635 1.2824029933525275e-08
2.234997601 1.3590899236252506e-08
2.2361985669999997 1.4868041429619402e-08
2.2373995329999996 1.601145973300157e-08
2.238600498 1.7046611222429603e-08
2.239801464 1.8868900252167118e-08
2.24100243 2.070943062166856e-08
2.242203396 2.237507942677098e-08
2.243404362 2.3700047014469165e-08
2.244605328 2.6351324903701837e-08
2.245806294 2.8877730510810106e-08
2.2470072599999997 3.262076667001789e-08
2.248208226 3.748302315392274e-08
2.249409192 4.2933594072447623e-08
2.2506101579999997 4.7824699198906735e-08
2.251811124 5.621853343107769e-08
2.2530120900000004 6.815874090696937e-08
2.254213056 8.011702785835257e-08
2.255414021 9.279746383440331e-08
2.256614987 1.0836572853004609e-07
2.2578159529999997 1.2478963968508221e-07
2.259016919 1.403700834159821e-07
2.260217885 1.65310910752909e-07
2.2614188509999997 1.8927875220765435e-07
2.2626198169999996 2.1608451220932762e-07
2.2638207830000003 2.4440895313298223e-07
2.265021749 2.755310589145133e-07
2.266222715 2.985126588204693e-07
2.2674236810000004 3.2334584243359537e-07
2.268624647 3.490326829680192e-07
2.269825613 3.759087292051309e-07
2.271026579 3.891690984769762e-07
2.2722275450000002 3.964826198099444e-07
2.27342851 4.089012964972945e-07
2.274629476 4.2092616308030524e-07
2.2758304419999997 4.497996545450323e-07
2.277031408 4.762758003182981e-07
2.2782323740000003 4.95471335370347e-07
2.27943334 5.021064114676735e-07
2.280634306 5.327059272434289e-07
2.281835272 5.646461510165934e-07
2.283036238 5.981378131299504e-07
2.284237204 6.389196838717002e-07
2.28543817 6.801321492848657e-07
2.286639136 7.265140631017451e-07
2.287840102 7.952815851099065e-07
2.289041068 8.802427718697561e-07
2.290242034 9.65216493697035e-07
2.291442999 1.081907511976636e-06
2.2926439650000003 1.2049920185039733e-06
2.293844931 1.3518363614161092e-06
2.295045897 1.5044076408929073e-06
2.296246863 1.6908762627931534e-06
2.297447829 1.9098290793167163e-06
2.298648795 2.1795295930583997e-06
2.299849761 2.482283387834695e-06
2.301050727 2.7978378612534383e-06
2.302251693 3.194302935857649e-06
2.303452659 3.641830419325345e-06
2.304653625 4.1716893726023575e-06
2.3058545909999997 4.764936292693233e-06
2.307055557 5.435957288574364e-06
2.308256523 6.184461865080646e-06
2.309457488 7.1048140312920865e-06
2.310658454 8.200218779082862e-06
2.3118594199999998 9.44283328063943e-06
2.313060386 1.0905062022873968e-05
2.314261352 1.2684036673596845e-05
2.315462318 1.4818821912765306e-05
2.316663284 1.7390770703766354e-05
2.31786425 2.0403627256618433e-05
2.319065216 2.3782163338247154e-05
2.3202661819999997 2.78179359234425e-05
2.321467148 3.257249921569485e-05
2.322668114 3.800826011239251e-05
2.32386908 4.4006631207147516e-05
2.325070046 5.053666604002755e-05
2.3262710120000003 5.778096842063239e-05
2.327471977 6.590953934666113e-05
2.328672943 7.513469682346269e-05
2.329873909 8.539416444956131e-05
2.3310748749999997 9.681319613949428e-05
2.332275841 0.00010966382915069423
2.333476807 0.00012452130333940443
2.3346777729999997 0.00014216685665870775
2.3358787390000004 0.00016212137712190265
2.3370797050000003 0.00018530728332250804
2.338280671 0.00021264137810074292
2.339481637 0.00024350001700421535
2.3406826030000003 0.00027879821173840797
2.341883569 0.0003188119361235651
2.343084535 0.0003649755953848321
2.344285501 0.0004179159068387422
2.3454864659999997 0.0004803166642350412
2.346687432 0.0005534547765483744
2.3478883980000003 0.0006392608409487948
2.349089364 0.0007432554862715195
2.35029033 0.000868961699183019
2.3514912960000003 0.0010221861723813455
2.352692262 0.0012079203770091018
2.353893228 0.0014356330639747332
2.355094194 0.0017120751109257907
2.35629516 0.0020495741315638143
2.357496126 0.002458499486836752
2.358697092 0.002945741956799566
2.359898058 0.003527201107839187
2.361099024 0.0042118233665104365
2.3622999890000003 0.004997983676139472
2.363500955 0.005895776141369117
2.364701921 0.006900568363473023
2.3659028870000003 0.008001603732544592
2.367103853 0.009192289587383976
2.368304819 0.010461053541299677
2.369505785 0.011797836545664199
2.370706751 0.013175626396284274
2.371907717 0.014596731208368104
2.373108683 0.016057244447744867
2.3743096489999997 0.017543223259296296
2.375510615 0.01898067024827351
2.376711581 0.020541537086942407
2.3779125469999998 0.022250201613642027
2.3791135129999996 0.02414646768973039
2.380314478 0.0262889377416081
2.381515444 0.02873741160966729
2.38271641 0.03152453190617379
2.383917376 0.03474424594140975
2.385118342 0.03846365577351478
2.386319308 0.042802980204050475
2.387520274 0.04791105741806312
2.3887212399999997 0.05390016651694072
2.389922206 0.06089500665892786
2.391123172 0.0690997490968966
2.3923241379999998 0.07868973637839803
2.3935251039999996 0.08984324610660915
2.3947260700000004 0.10280525296884374
2.3959270360000002 0.11756925348730028
2.397128002 0.13418251549740065
2.398328967 0.15260473147434028
2.3995299329999997 0.17261763179492967
2.400730899 0.19384178080433062
2.401931865 0.2157705594540462
2.4031328309999997 0.237799919797716
2.4043337969999996 0.25926377616708257
2.405534763 0.2795073229390513
2.406735729 0.29795439616284664
2.407936695 0.31417252422861663
2.4091376610000004 0.3279146010433013
2.4103386270000002 0.3391238054136244
2.411539593 0.34792423721627175
2.412740559 0.3545566185203626
2.4139415250000003 0.3593694404229832
2.415142491 0.3627508029407784
2.416343456 0.36508443613148367
2.4175444219999997 0.3667097024190155
2.4187453879999996 0.36790654987613414
2.4199463540000004 0.3688920379898158
2.42114732 0.3699293071978659
2.422348286 0.3713251183190748
2.423549252 0.3724664462421895
2.4247502180000002 0.3737436977975018
2.425951184 0.37515771954206306
2.42715215 0.37668842120117046
2.4283531160000003 0.3782998253419321
2.429554082 0.3799532653268211
2.430755048 0.38163880420194285
2.431956014 0.3833057783193295
2.43315698 0.3849073493858448
2.4343579450000004 0.3864185662499831
2.435558911 0.3878227407624154
2.436759877 0.3891102643033221
2.437960843 0.3902817899968548
2.4391618090000002 0.3913473698497073
2.440362775 0.39232116403783557
2.441563741 0.39322164098518325
2.442764707 0.3940656110983345
2.443965673 0.39487792561457613
2.445166639 0.39567989378618784
2.446367605 0.39649471059537805
2.4475685709999997 0.3970832125039972
2.448769537 0.39778225509556653
2.449970503 0.39833544743836324
2.4511714689999997 0.39885464487824224
2.452372434 0.39945083507386475
2.4535734000000002 0.40012666858506857
2.454774366 0.40087465827569707
2.455975332 0.4016904648317771
2.457176298 0.4025694594713283
2.458377264 0.40349744406898386
2.45957823 0.40446251833381225
2.460779196 0.4054073265806766
2.4619801619999997 0.40633537605725495
2.463181128 0.40725315010828916
2.464382094 0.40815107542242246
2.4655830599999997 0.40901501632150594
2.466784026 0.40983216375479536
2.4679849920000003 0.4105900250864229
2.469185958 0.41149764790989346
2.470386923 0.41221586055091985
2.471587889 0.4129385095304022
2.4727888549999997 0.41361796637095344
2.473989821 0.4145623605725177
2.475190787 0.41512434927148384
2.4763917529999997 0.41546177109741933
2.477592719 0.41576709366977416
2.4787936850000003 0.41603345208817466
2.479994651 0.41631003024778457
2.481195617 0.4161817506114453
2.4823965830000003 0.4159119747288071
2.483597549 0.4159584732454216
2.484798515 0.4157667093227394
2.485999481 0.41564441250420325
2.4872004459999997 0.4155036383088373
2.488401412 0.41521559946862974
2.489602378 0.414831856007721
2.490803344 0.41449515962536976
2.49200431 0.41409079092355106
2.4932052760000003 0.4136363971130721
2.494406242 0.41313375144511766
2.495607208 0.4125887985355965
2.496808174 0.41200350170099465
2.49800914 0.4113837715891731
2.499210106 0.41072990230291717
2.500411072 0.4100479197292838
2.501612038 0.40934381024936894
2.502813004 0.40862595665466267
2.50401397 0.40790092201326894
2.505214935 0.4071783929447461
2.506415901 0.40646887380774027
2.5076168670000003 0.40577592769946086
2.508817833 0.405113226955892
2.510018799 0.4044897624220344
2.511219765 0.4039298052609287
2.512420731 0.4034254077602119
2.513621697 0.40298612798532013
2.514822663 0.4026166651420775
2.5160236289999998 0.40232338285219776
2.517224595 0.40211656689295666
2.518425561 0.40199586098536416
2.519626527 0.40196509786425183
2.5208274929999996 0.40203307316414777
2.522028459 0.40219770045234526
2.523229424 0.40245589616184685
2.52443039 0.4028060546261682
2.525631356 0.40324580288155265
2.526832322 0.40376855464407224
2.528033288 0.4043735305170962
2.529234254 0.4050518095775437
2.5304352199999998 0.40580832139175915
2.531636186 0.4066484048874602
2.532837152 0.4075376513350178
2.534038118 0.40846403780596424
2.5352390839999996 0.40942003227838497
2.53644005 0.41039517392110314
2.5376410160000002 0.41137559596023576
2.538841982 0.41235408882784197
2.540042948 0.4133205120582454
2.5412439129999997 0.414237107272854
2.542444879 0.4151237215022763
2.543645845 0.415973768203107
2.5448468109999998 0.4167793833235247
2.546047777 0.41753671110949736
2.547248743 0.41824313089344856
2.548449709 0.41889474455712095
2.5496506749999996 0.41949130983378036
2.5508516410000004 0.42005955760916996
2.5520526070000003 0.4205815346288777
2.553253573 0.4210523660277626
2.554454539 0.4214736966419366
2.5556555050000003 0.4218503914752334
2.556856471 0.4221905135880033
2.558057437 0.4224978512855035
2.5592584019999998 0.42277386447041065
2.5604593679999996 0.4230297971598793
2.561660334 0.42327367403992416
2.5628613000000002 0.423503055395051
2.564062266 0.4237285292767523
2.565263232 0.42395765807964264
2.5664641980000003 0.4241936658711757
2.567665164 0.4244376974127002
2.56886613 0.42469742808654665
2.5700670960000003 0.42501621409116513
2.571268062 0.4257777972189698
2.572469028 0.4261084801418118
2.573669994 0.42646916428186776
2.57487096 0.42685163858227543
2.576071926 0.4272537117705536
2.5772728910000002 0.4275619563605195
2.578473857 0.4276920330403478
2.579674823 0.42815798871110594
2.5808757890000003 0.4286505833371649
2.582076755 0.4291582686629268
2.583277721 0.42971670675543605
2.584478687 0.43028279019099047
2.585679653 0.4308449462861031
2.586880619 0.4313969319345064
2.588081585 0.4319347715532242
2.5892825509999997 0.4324577649262741
2.590483517 0.43296617642154606
2.591684483 0.4334697386786759
2.5928854489999997 0.4339377745976098
2.594086414 0.4343133123772651
2.5952873800000003 0.43423791183977084
2.596488346 0.4345861393189787
2.597689312 0.435243675093798
2.598890278 0.43566917809616434
2.600091244 0.4358435945681819
2.60129221 0.43541660643825425
2.602493176 0.4348824641207807
2.6036941419999997 0.4343169147856762
2.604895108 0.4337145904355515
2.606096074 0.4330771310183987
2.6072970399999997 0.4324063005491176
2.6084980059999996 0.431706483079818
2.6096989720000003 0.4309820273476373
2.610899938 0.4302326675043444
2.612100903 0.42946349581156557
2.613301869 0.4284699115480307
2.6145028349999997 0.4274050157555754
2.615703801 0.4271717876755613
2.616904767 0.4269474961211975
2.6181057329999997 0.42721963695556725
2.619306699 0.4270006773142825
2.620507665 0.4267988735734605
2.621708631 0.42662095057708344
2.622909597 0.4264606157060488
2.6241105630000003 0.4263238428391032
2.625311529 0.42621120390472744
2.626512495 0.4261234638555008
2.627713461 0.42606664209602707
2.628914427 0.42603792543506214
2.630115392 0.42603683452181096
2.631316358 0.4260557246166552
2.6325173239999997 0.42609627336692507
2.63371829 0.4261632758348447
2.6349192560000003 0.42671094846182267
2.636120222 0.42686943783769554
2.637321188 0.427011189256199
2.638522154 0.4271865398325
2.63972312 0.42738598149782403
2.640924086 0.42760579077475985
2.642125052 0.4278474683213497
2.643326018 0.42810532516769845
2.644526984 0.428374326832689
2.64572795 0.42865318281433457
2.646928916 0.4289401050395597
2.648129881 0.4292344034633355
2.6493308470000003 0.4295330528572853
2.650531813 0.42930979017580295
2.651732779 0.42904560858691404
2.652933745 0.4296222847482498
2.654134711 0.42975431458281305
2.655335677 0.4298374569572126
2.656536643 0.4299045629566912
2.657737609 0.4299507093086593
2.658938575 0.4299774638351775
2.660139541 0.42992526477338167
2.661340507 0.4293530835053843
2.662541473 0.42899378094973784
2.663742439 0.42894313596870465
2.664943405 0.42887078369077847
2.66614437 0.42878178634420216
2.667345336 0.4286980236444562
2.668546302 0.42886332294403245
2.669747268 0.42896278415747674
2.670948234 0.42885350034236935
2.6721492 0.42825606323298937
2.673350166 0.4281720508402619
2.674551132 0.4281001584630659
2.675752098 0.42803564245507236
2.6769530639999997 0.42796489743695554
2.67815403 0.42790846456755177
2.679354996 0.4278733654342227
2.680555962 0.42784457322369407
2.681756928 0.427813732346172
2.6829578940000003 0.4273054597204981
2.684158859 0.42725692103959745
2.685359825 0.42723484564291947
2.686560791 0.42749230129742444
2.687761757 0.427703330638423
2.688962723 0.4277131806419591
2.690163689 0.4277327882682845
2.6913646549999997 0.4277267075948863
2.6925656210000004 0.42744789304877157
2.6937665870000003 0.42724410393153145
2.694967553 0.42727059852636345
2.696168519 0.4273140270697242
2.6973694850000003 0.4273726843620127
2.698570451 0.42744010614754335
2.699771417 0.4281746240927159
2.700972383 0.42855993372943363
2.7021733479999996 0.4286931795231241
2.703374314 0.42868702520488033
2.70457528 0.42921530891241494
2.705776246 0.4294359766868757
2.706977212 0.4296495856423252
2.7081781780000003 0.4298522887748102
2.709379144 0.43003702069300886
2.71058011 0.4301995729909126
2.7117810760000003 0.43034513368960325
2.712982042 0.4304707096795791
2.714183008 0.4300714395685443
2.715383974 0.43015031991074576
2.71658494 0.4302086360145519
2.717785906 0.4302471277727261
2.7189868710000002 0.4302637210849506
2.720187837 0.4302563066858519
2.721388803 0.4303899881310764
2.7225897690000003 0.43060755781595805
2.723790735 0.43010497902523165
2.724991701 0.42987099191803235
2.726192667 0.42972217454200107
2.727393633 0.42955837105161343
2.728594599 0.42939014723194363
2.729795565 0.42921636944680536
2.7309965309999997 0.42904770943116755
2.732197497 0.42888506876369087
2.733398463 0.42852289030023366
2.7345994289999997 0.4280649102295331
2.735800395 0.4279202688696543
2.7370013600000003 0.4277851747721922
2.738202326 0.4276596450423851
2.739403292 0.427540389561305
2.740604258 0.42772291426617987
2.741805224 0.4278179879801012
2.74300619 0.427751758908745
2.744207156 0.42760902471873224
2.7454081219999997 0.4271938349529973
2.746609088 0.42720422293164684
2.747810054 0.427249016568055
2.7490110199999997 0.42733520175327344
2.7502119859999996 0.4273311174877422
2.751412952 0.42676907059027946
2.752613918 0.425936861812349
2.753814884 0.4252399109948326
2.755015849 0.42476077800345546
2.756216815 0.4242018293947893
2.757417781 0.4233949978069265
2.758618747 0.4230060032784994
2.7598197129999997 0.4230349844653824
2.761020679 0.42279002809669536
2.762221645 0.4221358928426471
2.7634226109999998 0.4225306710743041
2.764623577 0.4228367673712797
2.7658245430000004 0.42316891111451116
2.767025509 0.42302410609157687
2.768226475 0.4233922272672571
2.769427441 0.4237709668651251
2.7706284070000002 0.42382314714175434
2.771829373 0.4239950273880472
2.773030338 0.42435614182041
2.7742313039999997 0.4247217546887743
2.7754322699999996 0.42486835316455646
2.7766332360000003 0.4249402935217274
2.777834202 0.4252907007941901
2.779035168 0.42611663972913577
2.7802361340000004 0.4263349000507967
2.7814371 0.4262789133309896
2.782638066 0.42659300984987697
2.783839032 0.42688760183273866
2.7850399980000002 0.4271426194930526
2.786240964 0.4269076452696793
2.78744193 0.4271309010575256
2.788642896 0.4273320251548925
2.789843862 0.4275091792080495
2.7910448270000003 0.42719080042331775
2.792245793 0.4273542848732972
2.793446759 0.42749514752113593
2.794647725 0.4272856626277193
2.795848691 0.4272119590578082
2.797049657 0.42729952609148875
2.798250623 0.4274938992945974
2.799451589 0.42768931050910053
2.800652555 0.4274217416386142
2.801853521 0.4273894514440291
2.803054487 0.427343489092874
2.804255453 0.4271628532705168
2.805456419 0.42672820848402554
2.806657385 0.42666919455853064
2.8078583509999997 0.42660732002947765
2.809059316 0.42651451397607715
2.810260282 0.42598047362354996
2.811461248 0.4259398033549616
2.812662214 0.4259083762972111
2.81386318 0.4258838483383991
2.815064146 0.4253647059466655
2.816265112 0.42535943970588913
2.817466078 0.4253671736624908
2.8186670439999997 0.42570571016285763
2.81986801 0.4254579654651432
2.821068976 0.42538374344799834
2.8222699419999997 0.42538508123556273
2.823470908 0.42540028094964216
2.8246718740000003 0.42542740400661294
2.825872839 0.4254660842953401
2.827073805 0.42551265907748004
2.828274771 0.4255710591728078
2.829475737 0.4256387804850489
2.830676703 0.42569228241913404
2.831877669 0.42573121339973463
2.8330786349999997 0.4257760096271331
2.834279601 0.42582292540110706
2.8354805670000003 0.4258754314552767
2.836681533 0.425585040646176
2.837882499 0.42547936336449643
2.8390834650000003 0.42553464279745495
2.840284431 0.4257271905891307
2.841485397 0.42612743372905865
2.842686363 0.4261815699790548
2.8438873279999997 0.4262350791576784
2.845088294 0.4262841347987083
2.84628926 0.42633359530776044
2.8474902259999997 0.4263804319892703
2.848691192 0.4264262809401578
2.8498921580000003 0.426466717479688
2.851093124 0.4262557216500989
2.85229409 0.42601602195500254
2.8534950560000003 0.4257740483235989
2.854696022 0.42552850382729557
2.855896988 0.4252815981639956
2.857097954 0.42503430438497763
2.85829892 0.4247869794337409
2.859499886 0.4245398902844284
2.860700852 0.42400491334874574
2.861901817 0.4237235822985166
2.863102783 0.4235965361155159
2.8643037490000003 0.4236211252751792
2.865504715 0.4238351885146398
2.866705681 0.4237201851708179
2.867906647 0.4236079808672548
2.869107613 0.4235021020462
2.870308579 0.4234113142232054
2.871509545 0.4233629570205506
2.872710511 0.42331630689109484
2.873911477 0.42327259838012316
2.875112443 0.42323020193902555
2.8763134089999998 0.4231889319879578
2.877514375 0.42314491310227137
2.878715341 0.4230980273382194
2.879916306 0.42304837018748187
2.881117272 0.42298834566496063
2.882318238 0.4229193493321768
2.883519204 0.4228393603475065
2.88472017 0.4227481575797294
2.885921136 0.4221787400583848
2.8871221019999997 0.4220195825836883
2.888323068 0.4218801224643893
2.889524034 0.42171989152343115
2.8907249999999998 0.4216055833500643
2.8919259659999996 0.42151488035049955
2.893126932 0.421873439221341
2.894327898 0.42172809239763903
2.895528864 0.421551494016912
2.8967298300000004 0.4213453936261726
2.897930795 0.4211084395211018
2.899131761 0.42084056342659565
2.900332727 0.42051163168805294
2.9015336929999997 0.4200781122636126
2.902734659 0.4196104573644284
2.903935625 0.41911242042179064
2.9051365909999998 0.41858261036212957
2.9063375569999996 0.41802217520259166
2.9075385230000004 0.41743261447243063
2.9087394890000002 0.4168169837672041
2.909940455 0.4161762163047451
2.911141421 0.41507062866109196
2.9123423870000003 0.4144454723534959
2.913543353 0.41380360679890466
2.914744319 0.413148065861681
2.9159452839999997 0.41248360766359426
2.9171462499999996 0.4118113741053897
2.918347216 0.41113613107316627
2.919548182 0.4104626605633625
2.920749148 0.4096967678176381
2.9219501140000004 0.4088806722473131
2.9231510800000002 0.4080746033685521
2.924352046 0.407282339679632
2.925553012 0.4065082947106032
2.9267539780000003 0.40610053453941897
2.927954944 0.40548374386918695
2.92915591 0.4047805199556916
2.930356876 0.40407397882169604
2.931557842 0.4033243311095128
2.932758808 0.4026072297417135
2.933959773 0.4019240226327216
2.935160739 0.40127491706987417
2.936361705 0.4006611125549447
2.9375626710000002 0.3998136562531692
2.938763637 0.39906051375952933
2.939964603 0.39855148681985686
2.941165569 0.39813852053370746
2.942366535 0.39776018463749163
2.943567501 0.3976833056205629
2.944768467 0.3975731638748547
2.945969433 0.397285082458221
2.947170399 0.39702344739336226
2.948371365 0.39678590785246437
2.9495723309999997 0.39656912939030586
2.950773296 0.39659452924359984
2.9519742620000002 0.3963567672393668
2.953175228 0.3960382162520752
2.954376194 0.39572724512295415
2.95557716 0.3954211668711607
2.956778126 0.39511740977420445
2.957979092 0.3948133372738899
2.959180058 0.394506989459192
2.9603810239999997 0.3941933027891277
2.96158199 0.3938696897867979
2.962782956 0.3935348633345718
2.9639839219999997 0.3931880874132958
2.9651848879999996 0.39282962959092876
2.9663858540000003 0.3924558491508032
2.96758682 0.39206414153760055
2.968787785 0.3916551209104728
2.969988751 0.39123044277930247
2.971189717 0.39082253017181656
2.972390683 0.39039850143571647
2.973591649 0.38995802905733834
2.9747926149999997 0.3895027428545321
2.975993581 0.3899318698859848
2.977194547 0.3894576777345685
2.9783955129999997 0.38896629045883574
2.979596479 0.388466513089913
2.9807974450000003 0.387830712818338
2.981998411 0.3871261437044413
2.983199377 0.3864198046202077
2.984400343 0.385714530459729
2.985601309 0.3850114028627166
2.986802274 0.38431573876733455
2.98800324 0.38362905957184795
2.9892042059999997 0.38334833242613936
2.990405172 0.3827345263690194
2.9916061380000003 0.3822408500333097
2.992807104 0.381763240149526
2.99400807 0.3813049565924532
2.9952090360000003 0.38086584606960316
2.996410002 0.380446946323753
2.997610968 0.38004808466461915
2.998811934 0.3796718297816021
3.0000129 0.3793149021911979
3.001213866 0.3788128507401199
3.002414832 0.37855523853511447
3.003615798 0.37800780458215594
3.004816763 0.3774774626197073
3.0060177290000003 0.37697176322068454
3.007218695 0.37691358728092833
3.008419661 0.376424110863913
3.009620627 0.3759437571744475
3.010821593 0.37564484081442234
3.012022559 0.37543240598601263
3.013223525 0.37521973848110923
3.014424491 0.37500589591027483
3.015625457 0.37478593887551837
3.016826423 0.3745603669399805
3.018027389 0.3743228958063836
3.019228355 0.37407293922667867
3.020429321 0.3737477483730334
3.021630287 0.3732989620856109
3.022831252 0.3728260702524327
3.024032218 0.3723296776781623
3.025233184 0.3718054967357078
3.02643415 0.3712549331158846
3.027635116 0.37067480296967315
3.0288360819999998 0.37006424079221195
3.030037048 0.36943416648394206
3.031238014 0.3690952009469561
3.03243898 0.36872935880130986
3.0336399459999996 0.3683363943781758
3.034840912 0.3679176831547837
3.036041878 0.367489765331881
3.0372428439999997 0.3674404103488133
3.0384438100000004 0.3669481031769736
3.0396447760000003 0.36643817541990026
3.040845741 0.36606969502542025
3.042046707 0.36575556791367025
3.0432476729999998 0.3654285919241465
3.044448639 0.36509542046254223
3.045649605 0.36475863302325845
3.046850571 0.36442377301884016
3.0480515369999996 0.3641116437749682
3.049252503 0.3641442676988049
3.0504534690000003 0.3637826751707147
3.051654435 0.36335606044899615
3.052855401 0.362947481099855
3.0540563670000003 0.36255721185656126
3.055257333 0.36218905385768346
3.056458299 0.3618409624182152
3.0576592639999998 0.36151866865768095
3.0588602299999996 0.36122003576165074
3.060061196 0.36096944265990616
3.061262162 0.36111228766266706
3.062463128 0.3612812806374736
3.0636640940000004 0.3614740762421952
3.0648650600000003 0.36169101766237055
3.066066026 0.36236170940135953
3.067266992 0.36261886395689624
3.0684679580000003 0.36308133234490864
3.069668924 0.36357771535714256
3.07086989 0.36370137734635477
3.072070856 0.3637608049453593
3.073271822 0.36381432970985594
3.074472788 0.36384832069309003
3.0756737530000002 0.36385851950611214
3.076874719 0.36383449661790357
3.078075685 0.3637682085892075
3.0792766510000003 0.36364727053616497
3.080477617 0.36359131708608466
3.081678583 0.3636556938928805
3.0828795490000003 0.3636220558598363
3.084080515 0.36347986676370425
3.085281481 0.36320806482817886
3.086482447 0.3627905075230428
3.087683413 0.36220528781743166
3.088884379 0.3614363405115681
3.090085345 0.36045987459550455
3.0912863109999997 0.35934492245679206
3.092487277 0.3579741077573036
3.0936882420000003 0.3566106447138786
3.094889208 0.35477523345094136
3.096090174 0.3524731102764596
3.09729114 0.3498119772289408
3.098492106 0.3467538724383665
3.099693072 0.3432870227206722
3.100894038 0.33926812836130715
3.1020950039999997 0.33475255321923847
3.10329597 0.3297679394719445
3.104496936 0.32430597628205304
3.1056979019999997 0.3183529104331653
3.106898868 0.31190216286152184
3.108099834 0.3049713023514378
3.1093008 0.2975687424249615
3.110501766 0.28974010312443593
3.111702731 0.28152823054813314
3.112903697 0.2729157172001157
3.114104663 0.263933807992363
3.115305629 0.2546292776401354
3.1165065949999997 0.24505934859414472
3.117707561 0.23527715978372535
3.118908527 0.22533462572448393
3.1201094929999997 0.21534324838682672
3.1213104589999996 0.2056502278141041
3.1225114250000003 0.1957406150643791
3.123712391 0.18590387289702745
3.124913357 0.17619780574469396
3.126114323 0.16667165311618506
3.127315289 0.15736752726061154
3.128516255 0.148329348138724
3.12971722 0.1395931838382455
3.1309181859999997 0.1311485114530267
3.132119152 0.12304596595268306
3.133320118 0.11531190755567629
3.134521084 0.10795750272010077
3.13572205 0.10098590352313164
3.1369230160000003 0.09439717710580645
3.138123982 0.08818946401836847
3.139324948 0.0823526748789497
3.140525914 0.07689042300598563
3.14172688 0.07178955280684592
3.142927846 0.0670230636142143
3.144128812 0.06257407647506003
3.145329778 0.058427852635156735
3.146530744 0.054569800768107884
3.1477317090000003 0.051025594166585815
3.148932675 0.04770442678894715
3.150133641 0.04460396140249848
3.151334607 0.04172701138267268
3.152535573 0.03905792911762058
3.153736539 0.036583216421574506
3.154937505 0.034288605962430024
3.1561384710000002 0.032159246745060946
3.157339437 0.030185013725435552
3.158540403 0.028352720812176036
3.159741369 0.0266539586106376
3.160942335 0.025073806618047877
3.162143301 0.0236068817170945
3.163344267 0.022244780811354524
3.1645452329999997 0.0209789428650999
3.165746198 0.01980399718221508
3.166947164 0.018710339936173614
3.16814813 0.017693427394708014
3.169349096 0.01674528287935213
3.170550062 0.015866821963539647
3.171751028 0.015052633905321586
3.172951994 0.014308488215819128
3.17415296 0.013598843036075151
3.1753539259999997 0.012933214775908888
3.176554892 0.012312161027081867
3.177755858 0.011730521653768878
3.1789568239999997 0.011185963395113659
3.18015779 0.010674259234669602
3.1813587560000003 0.010190748664760156
3.182559721 0.0097371448929838
3.183760687 0.009309077144914461
3.184961653 0.008906950704934255
3.186162619 0.00852687640923767
3.187363585 0.008168597936900428
3.188564551 0.007830304855263143
3.1897655169999997 0.007509992091251408
3.190966483 0.007208085672539236
3.192167449 0.006921277889629923
3.193368415 0.006650859056239089
3.194569381 0.006394078943630416
3.1957703470000003 0.006150673791780718
3.196971313 0.005919237318819305
3.198172279 0.005705010877985833
3.1993732450000003 0.0054952056628297195
3.20057421 0.005292686659085219
3.201775176 0.0050988079668263095
3.202976142 0.00491208360870064
3.2041771079999997 0.004732309416503123
3.2053780740000004 0.004559570921550288
3.2065790400000003 0.004392310139181009
3.207780006 0.004232470812605889
3.208980972 0.004077630951078741
3.2101819380000003 0.003929001500573734
3.211382904 0.003785266156565206
3.21258387 0.00364372443780574
3.213784836 0.0035087526108185142
3.214985802 0.0033785959655138757
3.216186768 0.003253119602253851
3.217387734 0.003130008624569723
3.218588699 0.0030097683229201016
3.219789665 0.0028929845299755287
3.2209906310000003 0.002779530816292648
3.222191597 0.0026736167002517127
3.223392563 0.002566288460670624
3.2245935290000003 0.002462497100022318
3.225794495 0.0023614205078675344
3.226995461 0.002262777544780604
3.228196427 0.002167308353484769
3.229397393 0.0020733361394007707
3.230598359 0.0019823855906097444
3.231799325 0.0018925296468093118
3.2330002909999997 0.0018048663065253277
3.234201257 0.0017198718705887736
3.235402223 0.0016367259637912876
3.236603188 0.0015576265674270198
3.237804154 0.0014809216250542127
3.23900512 0.001407099929757788
3.240206086 0.0013353835870308396
3.241407052 0.0012658578048820753
3.242608018 0.001199993921851042
3.2438089839999997 0.0011361852899653775
3.24500995 0.001077354669159031
3.246210916 0.001019273481464396
3.2474118819999997 0.0009632642594463223
3.248612848 0.0009102258817603435
3.249813814 0.0008590569036191021
3.2510147799999998 0.000811380788079052
3.252215746 0.0007649125970615328
3.2534167120000004 0.0007201534422199062
3.254617677 0.0006773062701453729
3.255818643 0.0006357159497456569
3.257019609 0.0005972226549941347
3.2582205749999997 0.0005602168192163238
3.259421541 0.0005251136356193481
3.260622507 0.0004915446769683303
3.2618234729999998 0.00045974875955499865
3.2630244389999996 0.00043106177477557686
3.2642254050000004 0.0004031535081642506
3.265426371 0.00037676142099434294
3.266627337 0.00035168136779332066
3.267828303 0.0003278780745919758
3.2690292690000002 0.0003058897239019016
3.270230235 0.0002846302166281691
3.271431201 0.00026485755020430634
3.2726321659999997 0.0002457413569585904
3.273833132 0.00022748274737525488
3.275034098 0.00021120332718876114
3.2762350639999998 0.0001953421136763337
3.27743603 0.00018147957389785373
3.2786369960000004 0.00016867478420889287
3.279837962 0.00015607495684818507
3.281038928 0.0001448952349926687
3.282239894 0.00013389613575688264
3.2834408600000002 0.00012390810329144427
3.284641826 0.00011383577962602709
3.285842792 0.00010405971142733386
3.287043758 9.552644736080302e-05
3.288244724 8.681302232578564e-05
3.2894456890000003 7.928589787175645e-05
3.290646655 7.208366650563322e-05
3.291847621 6.551841676337051e-05
3.2930485870000004 6.019088447099401e-05
3.294249553 5.514189782652572e-05
3.295450519 5.121930621894024e-05
3.296651485 4.706198010965795e-05
3.2978524510000002 4.318843045842964e-05
3.299053417 4.022908237349416e-05
3.300254383 3.6947698932155286e-05
3.301455349 3.39875811335077e-05
3.302656315 3.1122254612339057e-05
3.303857281 2.857828199839103e-05
3.305058247 2.6530927459099028e-05
3.3062592129999997 2.4290905819671495e-05
3.307460178 2.2537642779745843e-05
3.308661144 2.0862015994668895e-05
3.30986211 1.9311256095430356e-05
3.311063076 1.8435795963895857e-05
3.312264042 1.7566984181958997e-05
3.313465008 1.6970462669793704e-05
3.314665974 1.6232227891574064e-05
3.31586694 1.5353928687931925e-05
3.317067906 1.4888632473516093e-05
3.318268872 1.3687208342748733e-05
3.319469838 1.2656965411184973e-05
3.3206708039999997 1.1565395244358552e-05
3.32187177 1.0360398592885793e-05
3.323072736 9.577514495763342e-06
3.324273702 8.868112380815815e-06
3.325474667 8.324000871471197e-06
3.326675633 8.045419589840229e-06
3.327876599 8.254287993285292e-06
3.329077565 8.82884854762686e-06
3.330278531 9.324520537871068e-06
3.3314794969999997 9.34751706655485e-06
3.332680463 9.572013714580774e-06
3.333881429 9.164582899603355e-06
3.3350823949999997 8.726541822308854e-06
3.336283361 7.90252724649037e-06
3.3374843270000003 7.011884658179812e-06
3.338685293 6.167998038838537e-06
3.339886259 5.378393239223453e-06
3.3410872250000003 5.2215081144134456e-06
3.342288191 5.021264908346241e-06
3.343489156 4.9437992192413305e-06
3.344690122 5.103439184270262e-06
3.3458910879999997 5.127712489498266e-06
3.347092054 5.1033754796266034e-06
3.3482930200000003 5.1371192672212755e-06
3.349493986 5.048403844831428e-06
3.350694952 4.977749760526237e-06
3.3518959180000003 4.754944291222022e-06
3.353096884 4.604108283961844e-06
3.35429785 4.548569193475798e-06
3.355498816 4.540195488445101e-06
3.356699782 4.690508155617109e-06
3.357900748 4.8318384649278795e-06
3.359101714 4.777481737133718e-06
3.3603026799999998 4.808524492001791e-06
3.361503645 4.957159291267659e-06
3.3627046110000003 5.08988425374772e-06
3.363905577 5.234934338903829e-06
3.365106543 5.438465193611564e-06
3.3663075090000003 5.652145208611858e-06
3.367508475 5.719122165957833e-06
3.368709441 5.764589295554554e-06
3.369910407 5.88655627487945e-06
3.371111373 6.07574739268658e-06
3.372312339 6.472836162632323e-06
3.373513305 6.846832504657255e-06
3.3747142709999998 6.869807648634875e-06
3.375915237 6.8813122368766406e-06
3.377116203 7.3155070281928586e-06
3.378317169 7.82674152315069e-06
3.379518134 8.399338109775072e-06
3.3807191 8.593314259452417e-06
3.381920066 8.636204768614584e-06
3.383121032 9.052384428124529e-06
3.384321998 9.470780446122085e-06
3.3855229639999997 9.93456890904601e-06
3.38672393 1.0274825571763618e-05
3.387924896 1.0249969492030496e-05
3.3891258619999998 1.0088174051725854e-05
3.390326828 1.0072827144322756e-05
3.391527794 1.0466131693470745e-05
3.39272876 1.1200477115374072e-05
3.3939297259999996 1.172341352610047e-05
3.3951306920000004 1.208920582144701e-05
3.3963316580000003 1.2650531686874448e-05
3.397532623 1.3692936658847242e-05
3.398733589 1.489531730204556e-05
3.3999345549999997 1.6063749994384666e-05
3.401135521 1.6912339280609538e-05
3.402336487 1.735208689852663e-05
3.4035374529999998 1.7986634400239e-05
3.4047384189999996 1.860565697287443e-05
3.405939385 1.8646321408708222e-05
3.407140351 1.8432314634882366e-05
3.408341317 1.8746941858559924e-05
3.4095422830000004 1.9213282597062214e-05
3.4107432490000003 1.9253533162458227e-05
3.411944215 1.9644548707692452e-05
3.413145181 2.036779686087796e-05
3.4143461459999997 2.0870495334920682e-05
3.415547112 2.1385201509829886e-05
3.416748078 2.1975485237649214e-05
3.4179490439999998 2.223205621529812e-05
3.4191500099999996 2.2825499096117227e-05
3.4203509760000004 2.351699339471715e-05
3.4215519420000002 2.354615343446659e-05
3.422752908 2.33224381250076e-05
3.423953874 2.3392196452469918e-05
3.4251548400000003 2.403331133212962e-05
3.426355806 2.4536064571464993e-05
3.427556772 2.428065838329192e-05
3.428757738 2.3469897903542373e-05
3.429958704 2.2578188952050688e-05
3.43115967 2.2108093038360103e-05
3.432360635 2.2001250807933248e-05
3.433561601 2.158155659360066e-05
3.4347625670000004 2.0924226447763323e-05
3.4359635330000002 2.0595156976865607e-05
3.437164499 2.053810263359632e-05
3.438365465 2.082280240475424e-05
3.4395664310000003 2.140058841570562e-05
3.440767397 2.1687731928995613e-05
3.441968363 2.204313152277214e-05
3.443169329 2.2514717189408262e-05
3.444370295 2.3181961380487348e-05
3.445571261 2.3590022102501073e-05
3.446772227 2.352139723092244e-05
3.4479731929999997 2.3621355684409005e-05
3.449174159 2.3752333905660434e-05
3.4503751240000002 2.353308268614876e-05
3.45157609 2.3664441483039416e-05
3.452777056 2.3254663696879012e-05
3.453978022 2.2301055551170328e-05
3.455178988 2.184480645854416e-05
3.456379954 2.137169261967314e-05
3.45758092 2.0505918128744514e-05
3.458781886 1.9894419066013336e-05
3.459982852 1.93576965832983e-05
3.461183818 1.8884135118188635e-05
3.4623847839999997 1.9143624912687e-05
3.46358575 1.923444359560588e-05
3.464786716 1.9750771490392518e-05
3.4659876819999997 2.077951628329763e-05
3.467188648 2.160464468228998e-05
3.468389613 2.2359871389532624e-05
3.469590579 2.2759496772655682e-05
3.470791545 2.274503118562316e-05
3.471992511 2.2410352333547626e-05
3.4731934769999997 2.190377510864695e-05
3.474394443 2.110224138752614e-05
3.475595409 2.008622574316385e-05
3.4767963749999997 1.8822646446923427e-05
3.4779973409999996 1.7731518794359093e-05
3.4791983070000003 1.66954989141417e-05
3.480399273 1.532996643222199e-05
3.481600239 1.4657655974376992e-05
3.4828012050000003 1.4107933471423062e-05
3.484002171 1.3527230747071831e-05
3.485203137 1.351688185591324e-05
3.486404102 1.2950674151598987e-05
3.4876050679999997 1.218003472190313e-05
3.488806034 1.1991163372812077e-05
3.490007 1.1434961259031403e-05
3.491207966 1.1187534945096763e-05
3.492408932 1.1542648847010069e-05
3.4936098980000003 1.1280141300580464e-05
3.494810864 1.1478224142579843e-05
3.49601183 1.2538533118535936e-05
3.497212796 1.3213829959240911e-05
3.498413762 1.4205513417127814e-05
3.499614728 1.5121520287234724e-05
3.500815694 1.4820941835336182e-05
3.50201666 1.466684371500627e-05
3.503217626 1.4737658351379458e-05
3.5044185910000003 1.4177684052535781e-05
3.505619557 1.4223019858278929e-05
3.506820523 1.4275006680039408e-05
3.5080214890000003 1.409581771946144e-05
3.509222455 1.4956082297607528e-05
3.510423421 1.5716341629252377e-05
3.511624387 1.611921334850482e-05
3.512825353 1.6623548418196198e-05
3.514026319 1.6421140874986953e-05
3.515227285 1.6223209815162644e-05
3.516428251 1.636351222684667e-05
3.517629217 1.568286952697376e-05
3.518830183 1.4679814719953366e-05
3.520031149 1.4357626844963845e-05
3.521232114 1.384802486413247e-05
3.52243308 1.4083370306458265e-05
3.523634046 1.461405632499503e-05
3.524835012 1.4679078834650699e-05
3.526035978 1.526445974648943e-05
3.527236944 1.572677567250919e-05
3.52843791 1.5698174902831108e-05
3.529638876 1.613415465943256e-05
3.530839842 1.6333713256757707e-05
3.532040808 1.5726563061023457e-05
3.533241774 1.5620379893439378e-05
3.53444274 1.5094587408320688e-05
3.5356437059999997 1.4430519886301924e-05
3.536844672 1.4932542042458097e-05
3.5380456380000003 1.5642551217753235e-05
3.539246603 1.678730551319311e-05
3.540447569 1.8780874897392797e-05
3.5416485349999998 1.9930259544680318e-05
3.542849501 2.0895683533636077e-05
3.544050467 2.247373259573105e-05
3.545251433 2.3251582648714518e-05
3.5464523989999996 2.4023150205713417e-05
3.547653365 2.5054157775701203e-05
3.548854331 2.456167816085561e-05
3.5500552969999997 2.3934352967747615e-05
3.5512562630000004 2.4068785775625527e-05
3.5524572290000003 2.3486809090359796e-05
3.553658195 2.3058902096823085e-05
3.554859161 2.2931490822778093e-05
3.5560601270000003 2.2076911218820773e-05
3.557261092 2.2033850496998902e-05
3.558462058 2.2228179096678702e-05
3.559663024 2.1523244037023798e-05
3.5608639899999996 2.1656342475693665e-05
3.562064956 2.2055645985239518e-05
3.5632659220000003 2.2089227959380933e-05
3.564466888 2.3104199835945356e-05
3.565667854 2.3652844451987608e-05
3.5668688200000003 2.28007596757854e-05
3.568069786 2.230244996631091e-05
3.569270752 2.1499143622613184e-05
3.570471718 2.0304832687083308e-05
3.571672684 2.019505455144031e-05
3.57287365 1.9608579087440675e-05
3.574074616 1.8320310772181844e-05
3.575275581 1.803609377453504e-05
3.5764765470000004 1.7785166762543336e-05
3.5776775130000003 1.7643949462735894e-05
3.578878479 1.8400315658221312e-05
3.580079445 1.8344956528317252e-05
3.5812804110000003 1.7877648663538283e-05
3.582481377 1.820901052097444e-05
3.583682343 1.7606586983234297e-05
3.584883309 1.6498725096343384e-05
3.586084275 1.615617380875478e-05
3.587285241 1.555810136271944e-05
3.588486207 1.5132626374710133e-05
3.5896871729999997 1.62135083813498e-05
3.590888139 1.6891010327501954e-05
3.592089105 1.7020345819835018e-05
3.59329007 1.8110245939860692e-05
3.594491036 1.8801092436169164e-05
3.595692002 1.9234890172471846e-05
3.596892968 2.0605480325797274e-05
3.598093934 2.12216415701999e-05
3.5992949 2.110558481150786e-05
3.600495866 2.2022566476250954e-05
3.601696832 2.2659034817427093e-05
3.602897798 2.325884326433566e-05
3.6040987639999997 2.4616910107657426e-05
3.60529973 2.5346779485569225e-05
3.606500696 2.5791934460087093e-05
3.6077016619999998 2.7166751717281806e-05
3.6089026279999996 2.77369947812927e-05
3.6101035940000004 2.7472731338585917e-05
3.611304559 2.7950732984464003e-05
3.612505525 2.827343550094049e-05
3.613706491 2.8779966641465338e-05
3.6149074569999997 3.0203083780867418e-05
3.616108423 3.077660491718943e-05
3.617309389 3.092251005059862e-05
3.6185103549999997 3.2242790016646476e-05
3.619711321 3.348010946126916e-05
3.620912287 3.449433410236047e-05
3.622113253 3.601693048132298e-05
3.623314219 3.6581559099420225e-05
3.6245151850000004 3.680501280440531e-05
3.625716151 3.8370265420937914e-05
3.626917117 3.9615593754842045e-05
3.628118082 4.054018507547556e-05
3.6293190479999997 4.214606514504494e-05
3.630520014 4.3033404257480125e-05
3.63172098 4.315769844456619e-05
3.6329219459999997 4.4066015624808496e-05
3.6341229119999996 4.460805386145122e-05
3.6353238780000003 4.4285167307086026e-05
3.636524844 4.48900614857964e-05
3.63772581 4.5120432169089626e-05
3.638926776 4.452262624753416e-05
3.640127742 4.506073084817454e-05
3.641328708 4.5723990343858294e-05
3.642529674 4.565661656553348e-05
3.6437306400000002 4.652859653887495e-05
3.644931606 4.73893268204881e-05
3.646132571 4.748321157194976e-05
3.647333537 4.862348996815095e-05
3.648534503 4.988572406935234e-05
3.6497354690000003 5.014279330182476e-05
3.650936435 5.06981943714084e-05
3.652137401 5.1431886119976586e-05
3.653338367 5.109233097442554e-05
3.6545393330000002 5.111368909936279e-05
3.655740299 5.1898933798883294e-05
3.656941265 5.1556710733474196e-05
3.658142231 5.133102447881002e-05
3.659343197 5.166461156293896e-05
3.660544163 5.105411143894896e-05
3.661745129 5.087415395762676e-05
3.6629460949999997 5.153471965793701e-05
3.66414706 5.105306509797305e-05
3.665348026 5.019475400809946e-05
3.666548992 4.972123673026214e-05
3.667749958 4.875892051641268e-05
3.6689509240000002 4.793451066294728e-05
3.67015189 4.8304164042925e-05
3.671352856 4.8290386847508014e-05
3.672553822 4.76482331165893e-05
3.673754788 4.7987358602520914e-05
3.674955754 4.779198827447889e-05
3.67615672 4.6759559748562236e-05
3.6773576859999997 4.653671048107418e-05
3.678558652 4.586442840002726e-05
3.679759618 4.458665139167255e-05
3.680960584 4.4082401828985764e-05
3.682161549 4.338037307707552e-05
3.683362515 4.197947577896736e-05
3.684563481 4.1173116014556814e-05
3.685764447 4.091914439855161e-05
3.686965413 3.979657435600606e-05
3.6881663789999997 3.8914635590243096e-05
3.689367345 3.846607774226709e-05
3.690568311 3.70795390179362e-05
3.6917692769999997 3.655033942078284e-05
3.6929702430000004 3.703978265929957e-05
3.6941712090000003 3.658042725296256e-05
3.695372175 3.6247314186103865e-05
3.696573141 3.672169126709021e-05
3.6977741070000003 3.6717397962277235e-05
3.698975073 3.623634034351378e-05
3.700176038 3.631135316876381e-05
3.701377004 3.572642295207871e-05
3.7025779699999997 3.422935814466136e-05
3.703778936 3.398995945591071e-05
3.704979902 3.327790895415705e-05
3.706180868 3.1372567958225003e-05
3.707381834 3.0779047986978484e-05
3.7085828000000003 3.077498407769212e-05
3.709783766 3.025880750816785e-05
3.710984732 2.988427791420378e-05
3.712185698 2.9491873112251233e-05
3.713386664 2.79916269927676e-05
3.71458763 2.6880878201527778e-05
3.715788596 2.7609663413705684e-05
3.716989562 2.7426125552990464e-05
3.7181905270000004 2.7118100847885683e-05
3.7193914930000003 2.7937710558094003e-05
3.720592459 2.8191682233106388e-05
3.721793425 2.8387219109453188e-05
3.7229943910000003 2.9349780778345867e-05
3.724195357 3.0136635413379405e-05
3.725396323 2.9515229195812832e-05
3.726597289 2.914215572499292e-05
3.727798255 2.882291064712693e-05
3.728999221 2.7088712663379206e-05
3.730200187 2.6282997311420622e-05
3.7314011529999997 2.6126369391993675e-05
3.732602119 2.5274895923634677e-05
3.733803085 2.458935335572622e-05
3.7350040509999998 2.4572162049002097e-05
3.736205016 2.419476319376104e-05
3.7374059820000003 2.3333884079501696e-05
3.738606948 2.3799745782422072e-05
3.739807914 2.4068733605006024e-05
3.74100888 2.3586044273717218e-05
3.742209846 2.38094857064068e-05
3.743410812 2.3699375938986953e-05
3.744611778 2.3306127689458572e-05
3.7458127439999997 2.3779886092416395e-05
3.74701371 2.496868333335123e-05
3.748214676 2.503140168627131e-05
3.7494156419999998 2.468851481554891e-05
3.7506166079999996 2.521477177531735e-05
3.751817574 2.450752645102008e-05
3.753018539 2.3632227855788338e-05
3.754219505 2.3087157742895617e-05
3.755420471 2.174834030426994e-05
3.7566214369999997 1.9861883285993885e-05
3.757822403 1.8853071668843434e-05
3.759023369 1.826970261872869e-05
3.7602243349999998 1.6702766507161688e-05
3.761425301 1.6265814990899346e-05
3.762626267 1.6810685561791872e-05
3.7638272329999998 1.6699881115444784e-05
3.765028199 1.680552883372502e-05
3.7662291650000004 1.7217419405605692e-05
3.7674301310000002 1.7177822313504102e-05
3.768631097 1.688649893601116e-05
3.769832063 1.7931693899597092e-05
3.7710330279999997 1.895947313664328e-05
3.772233994 1.8931898040722442e-05
3.77343496 1.9585865768156388e-05
3.7746359259999998 2.025426985055363e-05
3.7758368919999996 2.0343014763234507e-05
3.7770378580000004 2.051200017438599e-05
3.778238824 2.1086015768199268e-05
3.77943979 2.0505064378937356e-05
3.780640756 1.9686807076378155e-05
3.7818417220000002 1.9980829860471473e-05
3.783042688 1.9696211878298383e-05
3.784243654 1.8936513106938553e-05
3.7854446200000003 1.8542206581833884e-05
3.786645586 1.8234074429838674e-05
3.787846552 1.7401626376801567e-05
3.7890475169999998 1.7648183238518777e-05
3.790248483 1.873025679685503e-05
3.7914494490000004 1.8622890836727203e-05
3.792650415 1.8670813502607897e-05
3.793851381 1.9314806549687384e-05
3.795052347 1.9840103560252245e-05
3.7962533130000002 2.0007054718377338e-05
3.797454279 2.125413520116684e-05
3.798655245 2.2379641604080754e-05
3.799856211 2.2211541677793092e-05
3.801057177 2.280479857433442e-05
3.802258143 2.3952260706170502e-05
3.803459109 2.4982907495807202e-05
3.8046600749999997 2.5811911282874682e-05
3.805861041 2.6851549084122335e-05
3.807062006 2.6201441897129097e-05
3.808262972 2.4402709995258235e-05
3.809463938 2.359549885571031e-05
3.8106649040000002 2.3262517760199225e-05
3.81186587 2.281762014093958e-05
3.813066836 2.2770763442896253e-05
3.814267802 2.3501435374465067e-05
3.815468768 2.317052381163057e-05
3.816669734 2.314064652602074e-05
3.8178707 2.412311469509796e-05
3.8190716659999997 2.4709418158089884e-05
3.820272632 2.4454074783139286e-05
3.821473598 2.4197191733742228e-05
3.8226745639999997 2.418156246936999e-05
3.8238755299999996 2.3179330533141137e-05
3.825076495 2.3391447918866145e-05
3.826277461 2.430966301261188e-05
3.827478427 2.4435687174412647e-05
3.828679393 2.4039159318483304e-05
3.829880359 2.4118147699750473e-05
3.831081325 2.4286487901904785e-05
3.832282291 2.3515052356021856e-05
3.8334832569999997 2.3696663751057103e-05
3.834684223 2.416175312586813e-05
3.835885189 2.4256791319080882e-05
3.837086155 2.4385308353436014e-05
3.838287121 2.5104092676208374e-05
3.8394880870000003 2.493926764327763e-05
3.840689053 2.392832497833897e-05
3.841890019 2.3527277608919143e-05
3.843090984 2.27639160014823e-05
3.8442919499999997 2.119592755780288e-05
3.845492916 1.960787891939305e-05
3.846693882 1.8901847909351083e-05
3.8478948479999997 1.745405814679129e-05
3.849095814 1.633544283537616e-05
3.8502967800000003 1.5707592748197382e-05
3.851497746 1.5094596561236897e-05
3.852698712 1.4194508415824245e-05
3.8538996780000003 1.3781560899966758e-05
3.855100644 1.3849462286049944e-05
3.85630161 1.2908981170767733e-05
3.857502576 1.2390966072919412e-05
3.858703542 1.23088168973425e-05
3.859904507 1.23602875697789e-05
3.8611054730000003 1.183040079585447e-05
3.862306439 1.1633723256477861e-05
3.863507405 1.1518580762777666e-05
3.8647083710000003 1.090416467026122e-05
3.865909337 1.0589756745053451e-05
3.867110303 1.0706019396957292e-05
3.868311269 1.0712486615660586e-05
3.869512235 1.015842608350711e-05
3.870713201 9.923560821898203e-06
3.871914167 9.664358135920431e-06
3.8731151329999998 9.194134034343217e-06
3.874316099 8.898111750391774e-06
3.875517065 9.177499965802137e-06
3.876718031 9.280285550952808e-06
3.877918996 9.098610896768979e-06
3.8791199620000003 9.383198517217437e-06
3.880320928 9.848454905331289e-06
3.881521894 1.0071712690219468e-05
3.88272286 1.0218860374746905e-05
3.883923826 1.0791436436735456e-05
3.885124792 1.1110397057672315e-05
3.886325758 1.1173431536082433e-05
3.8875267239999998 1.1431978576605835e-05
3.88872769 1.17235243760431e-05
3.889928656 1.1702499610924543e-05
3.891129622 1.1912198480030572e-05
3.8923305879999996 1.2364950053576563e-05
3.893531554 1.240962988187932e-05
3.89473252 1.2125976809334003e-05
3.895933485 1.21096779278429e-05
3.897134451 1.209174962299989e-05
3.8983354169999997 1.1624874765161224e-05
3.899536383 1.1084942994203683e-05
3.900737349 1.0669596025476773e-05
3.9019383149999998 1.0424390329518047e-05
3.903139281 1.001344634460879e-05
3.904340247 1.0184643867820955e-05
3.905541213 1.0639889092432383e-05
3.9067421789999996 1.0733174488667534e-05
3.9079431450000004 1.0978549492594081e-05
3.9091441110000003 1.1773082218872314e-05
3.910345077 1.2528563934892044e-05
3.911546043 1.2684161102461786e-05
3.9127470090000003 1.3061853169999439e-05
3.913947974 1.3333893978508067e-05
3.91514894 1.2953921597739727e-05
3.9163499059999998 1.2786793036377287e-05
3.9175508719999996 1.3085645529172636e-05
3.918751838 1.2921782506709324e-05
3.9199528040000002 1.2240686497514344e-05
3.92115377 1.1818342848747537e-05
3.922354736 1.1866171413247042e-05
3.9235557020000003 1.1722524467111453e-05
3.924756668 1.1769796282163837e-05
3.925957634 1.2092394769327234e-05
3.9271586000000003 1.23566337243213e-05
3.928359566 1.2128893373967681e-05
3.929560532 1.2177945854075188e-05
3.930761498 1.2416689577943422e-05
3.9319624629999996 1.2269328883016577e-05
3.9331634290000004 1.1892923858743253e-05
3.9343643950000002 1.1742598238417058e-05
3.935565361 1.169981629545322e-05
3.936766327 1.121874279892877e-05
3.9379672930000003 1.1275440509933514e-05
3.939168259 1.1485193484277254e-05
3.940369225 1.161387435240631e-05
3.941570191 1.1440698566386585e-05
3.942771157 1.1475577295557896e-05
3.943972123 1.1556736063574421e-05
3.945173089 1.1308348718180702e-05
3.946374055 1.0993509635667663e-05
3.947575021 1.0869798563361108e-05
3.948775987 1.027105239827109e-05
3.949976952 9.54423794690476e-06
3.951177918 8.985200350612482e-06
3.9523788840000003 8.741950280864108e-06
3.95357985 8.505693553019346e-06
3.954780816 8.18298860641201e-06
3.955981782 8.186171968682852e-06
3.957182748 8.271639699079802e-06
3.958383714 8.492203075702033e-06
3.95958468 8.839834855134227e-06
3.9607856459999997 9.431730359396402e-06
3.961986612 9.451153799225957e-06
3.963187578 9.092622810694046e-06
3.9643885439999997 9.006209303769476e-06
3.9655895099999996 9.009875880789605e-06
3.9667904760000003 8.673818596887442e-06
3.967991441 8.382929316728672e-06
3.969192407 8.222891940953913e-06
3.970393373 8.055648093868397e-06
3.971594339 7.534658925754688e-06
3.972795305 7.187647664710288e-06
3.973996271 7.035409564320547e-06
3.9751972369999997 6.936318815974988e-06
3.976398203 6.722937724836117e-06
3.977599169 6.708440767646274e-06
3.9788001349999997 6.952214500354011e-06
3.980001101 7.1554520903670964e-06
3.9812020670000003 7.49985430076457e-06
3.982403033 7.981540456796938e-06
3.983603999 8.181555472778189e-06
3.984804964 8.034266278346018e-06
3.9860059299999997 7.9421099936507e-06
3.987206896 8.321977771394453e-06
3.988407862 8.356075593250661e-06
3.9896088279999997 7.98100526869972e-06
3.9908097939999996 7.945429418920455e-06
3.9920107600000003 8.217832326788213e-06
3.993211726 8.297137459080536e-06
3.994412692 8.375502047236268e-06
3.9956136580000003 8.563074239214762e-06
3.996814624 8.506508293984019e-06
3.99801559 7.857206121195657e-06
3.999216556 7.562822436407504e-06
4.000417522 7.663816824955193e-06
4.001618488 7.854506290705011e-06
4.002819453 7.992144563415316e-06
4.004020419 8.140777865028732e-06
4.005221385 8.24476045634607e-06
4.006422351 8.028022750966521e-06
4.007623317 8.097450688014639e-06
4.008824283 8.069392039235858e-06
4.010025249 7.664961019407927e-06
4.011226215 6.653702618833915e-06
4.012427181 5.813297731122762e-06
4.0136281469999995 5.448588728335971e-06
4.014829112999999 5.171949075493769e-06
4.016030079 4.6471350648387465e-06
4.017231045 4.147325680986125e-06
4.018432011 3.90196434124962e-06
4.0196329770000006 3.836435756220727e-06
4.020833942 3.75214520255102e-06
4.022034908 3.646676549430055e-06
4.023235874 3.5445794005219147e-06
4.02443684 3.1681107015853078e-06
4.025637806 3.025128224849615e-06
4.026838772 3.178815094824277e-06
4.028039738 3.5530180311267305e-06
4.029240704 3.595111960124014e-06
4.03044167 3.381248097115733e-06
4.031642636 3.213981627373835e-06
4.032843602 2.787882806018591e-06
4.034044568 2.578818161612017e-06
4.035245534 2.5118965820722885e-06
4.0364465 2.4740414922009845e-06
4.037647466 2.1877351700118705e-06
4.038848431 2.143950330379434e-06
4.040049397000001 2.6335812866801625e-06
4.0412503630000005 3.284457127829162e-06
4.042451329 3.822948761459076e-06
4.043652295 4.1730667344974605e-06
4.044853261 4.5911144590821105e-06
4.046054227 4.959306860185719e-06
4.047255193 4.992486118939245e-06
4.048456159 4.7306142296202195e-06
4.049657125 4.227366282449211e-06
4.050858091 3.518620431485561e-06
4.052059057 2.811448892277864e-06
4.053260023 2.3277866632382754e-06
4.054460989 1.8277785077672166e-06
4.055661955 1.59608691217032e-06
4.05686292 1.547975130299317e-06
4.058063886 1.7710078696728482e-06
4.059264852 2.231280773054324e-06
4.060465818 2.659003231876477e-06
4.061666784 3.0440028645685694e-06
4.06286775 3.4539989274757796e-06
4.064068716 4.0779808474901875e-06
4.065269682 4.192826485028485e-06
4.066470648 3.966481332710703e-06
4.067671614 3.608787098027464e-06
4.06887258 3.3985481214914554e-06
4.070073546 3.1773954748607927e-06
4.071274512 2.9124440906953297e-06
4.072475477999999 2.5630622021239514e-06
4.073676444 1.9966712455348395e-06
4.074877409 1.5746918822297123e-06
4.076078375 1.483613628632182e-06
4.077279341 1.7696779941245674e-06
4.0784803069999995 1.9353021106798593e-06
4.079681273 2.04189385040584e-06
4.080882239 2.2331365235297783e-06
4.082083205 2.5929808394690047e-06
4.083284171 2.901709094413736e-06
4.084485137 3.0300728101406234e-06
4.085686103 3.0949255153914814e-06
4.086887069 3.1514745728884125e-06
4.088088035 3.07319108078483e-06
4.089289001 2.9330921608318925e-06
4.090489967 2.7893900693103302e-06
4.091690932 2.719357928279685e-06
4.0928918979999995 2.5882301003156815e-06
4.094092864 2.3261787699457566e-06
4.09529383 2.0782497350917095e-06
4.096494796 1.6032057360908974e-06
4.097695762 1.098029185634592e-06
4.098896728 8.710941410366865e-07
4.1000976940000005 8.900504568060397e-07
4.10129866 1.2799092983711445e-06
4.102499626 1.5010370147840695e-06
4.103700592 1.850047037983471e-06
4.104901558 2.186774057726845e-06
4.106102524 2.7962049317408207e-06
4.1073034900000005 3.194809299755735e-06
4.1085044559999995 3.336983727895854e-06
4.109705420999999 3.202707669321815e-06
4.110906387 2.605778943333054e-06
4.112107353000001 2.0543823259180917e-06
4.113308319 1.6999830860490746e-06
4.1145092850000005 1.3638321990995503e-06
4.115710251 7.543945847441067e-07
4.116911217 3.555805173023551e-07
4.118112183 2.0797728898723857e-07
4.119313149 1.5082267696807474e-07
4.120514115 8.17390035780172e-09
4.1217150810000005 5.42678423770968e-09
4.1229160469999995 5.426740070036887e-09
4.124117013 5.426689619975776e-09
4.125317979 5.426632336447177e-09
4.126518945 5.4265678634037496e-09
4.12771991 5.762458870435701e-09
4.1289208760000005 9.567798161834319e-08
4.130121841999999 9.939601855650292e-08
4.131322808 9.938228540917869e-08
4.132523774 9.936837250042861e-08
4.13372474 9.935427076983622e-08
4.134925706 1.0267282766645828e-07
4.1361266720000005 1.720786443607127e-07
4.1373276379999995 3.1511501421629457e-07
4.138528604 5.233244858832106e-07
4.13972957 5.640969009574015e-07
4.140930536 5.693562044166218e-07
4.142131502 5.695528677320618e-07
4.143332468 5.695904359552505e-07
4.1445334339999995 5.662948717558636e-07
4.145734399 4.969203411654333e-07
4.146935365 3.535467462059909e-07
4.148136331 5.547936311970496e-08
4.149337297 1.084243473664539e-08
4.1505382630000005 5.586333199791286e-09
4.1517392289999995 5.428162645519171e-09
4.152940195 6.088538084498337e-09
4.154141160999999 1.3304472622128198e-08
4.155342127 1.3559834565844335e-08
4.156543093 1.3558699215903344e-08
4.157744059 1.4569319657385141e-08
4.158945025 2.1795509707906677e-07
4.160145991 3.15114435793479e-07
4.161346957 3.520487977951335e-07
4.162547923 3.619710918195351e-07
4.163748888 3.5496662472913283e-07
4.1649498540000005 3.546756272254094e-07
4.1661508199999995 3.546397603226141e-07
4.167351786 3.535893565684142e-07
4.168552751999999 1.5009579152483393e-07
4.169753718 5.292068463316312e-08
4.170954684000001 1.628125714658476e-08
4.17215565 5.673676706787328e-09
4.173356616 5.4245416405293445e-09
4.174557582 5.4238332869680905e-09
4.175758548 5.423104343103473e-09
4.176959514 3.810451451685664e-08
4.17816048 2.916032110132607e-07
4.179361446 3.8111422477369834e-07
4.1805624120000004 3.81553798524444e-07
4.181763377 3.8149482620346805e-07
4.182964343 3.8143442875971297e-07
4.184165309 3.813724796685241e-07
4.185366275000001 3.8130909643204013e-07
4.186567241 3.5128334676245323e-07
4.187768207 2.756928952993748e-07
4.188969173 2.9682529258966724e-07
4.190170139 4.027031054735668e-07
4.191371105 5.416269939972337e-07
4.192572071 7.874895537901393e-07
4.193773037 7.909186172604858e-07
4.1949740030000005 7.909617925676437e-07
4.196174968999999 7.881838845865721e-07
4.197375935 6.351241550723342e-07
4.198576901 5.31311371805817e-07
4.199777866000001 4.25102658338988e-07
4.200978832 3.049966609243998e-07
4.202179798 1.7005240844894016e-07
4.203380764 2.3819341034420666e-07
4.20458173 2.3839137591974383e-07
4.205782696 2.537373741702367e-07
4.206983662 4.2261006470413427e-07
4.208184628 8.29846762303727e-07
4.2093855940000005 1.1492049017559835e-06
4.210586559999999 1.5462484717805816e-06
4.211787526 2.333217646361001e-06
4.212988492 3.0973252806236854e-06
4.214189458 3.303512455782561e-06
4.215390424 3.3868531999767246e-06
4.216591389 3.3275154491689762e-06
4.217792354999999 3.028161838635021e-06
4.218993321 2.780817001410221e-06
4.220194287 2.403850986692105e-06
4.221395253 1.6658507862783765e-06
4.222596219 1.0053441816214935e-06
4.2237971850000005 8.884276566682457e-07
4.224998150999999 8.192809328567087e-07
4.226199117 7.746333588432855e-07
4.227400083 8.453879486512798e-07
4.228601049 8.660300844300071e-07
4.229802015000001 9.264073446244039e-07
4.231002981 8.885322227016149e-07
4.232203947 8.343566883658237e-07
4.233404913 7.45438304058104e-07
4.234605878 7.148626575108239e-07
4.235806844 6.254378293315757e-07
4.23700781 5.441168658042615e-07
4.2382087760000005 6.055833581390817e-07
4.239409741999999 6.200680917095366e-07
4.240610708 7.837736270210681e-07
4.241811673999999 1.1713378701938815e-06
4.24301264 1.5008845419927997e-06
4.244213606000001 1.621888584760532e-06
4.245414572 1.8262081945977565e-06
4.246615538 2.089978470493193e-06
4.247816504 2.3367495146890234e-06
4.24901747 2.225033256883994e-06
4.250218436 1.9396505239501016e-06
4.251419402000001 1.4322104708166172e-06
4.2526203670000005 1.1301146173270392e-06
4.253821332999999 1.1160216501726841e-06
4.255022299 1.0457674206364392e-06
4.256223265 1.0168077462881186e-06
4.257424231 7.791412617264715e-07
4.258625197000001 7.994807545315158e-07
4.259826163 7.995207809282436e-07
4.261027129 8.091375233853442e-07
4.262228095 8.983223801997758e-07
4.263429061 8.301285027363908e-07
4.264630027 6.959305494607421e-07
4.265830993 3.590013658488088e-07
4.267031959 1.9828882495328945e-07
4.268232925 1.7503716266903354e-07
4.269433890999999 1.7440852138862186e-07
4.270634856 1.632205802858735e-07
4.271835822 9.740136838519892e-08
4.273036788000001 1.606964460898018e-07
4.274237754 2.0164389249437455e-07
4.27543872 2.0280343945161202e-07
4.276639686 2.2540154678344382e-07
4.277840652 4.864837188522848e-07
4.279041618 5.672922330366197e-07
4.280242584 6.634193100447776e-07
4.28144355 1.005514635341465e-06
4.282644516 1.4757670615977863e-06
4.283845481999999 1.56406228580806e-06
4.285046448 1.6198828323353329e-06
4.286247414 1.7536449624055588e-06
4.28744838 1.7757065563788584e-06
4.288649345 1.8055194816986113e-06
4.289850311 1.7127124018961678e-06
4.291051276999999 1.3327543204726493e-06
4.292252243 1.1437536026519138e-06
4.293453209 1.6498492918359904e-06
4.294654175 1.96387185375825e-06
4.295855141 2.1252383578254913e-06
4.297056107 2.342190712763185e-06
4.298257072999999 2.568770613701309e-06
4.299458039 2.790359535467756e-06
4.300659005000001 2.8862576986598783e-06
4.301859971 2.7915334920298408e-06
4.303060937000001 2.6733036998563192e-06
4.304261903 2.9178535463254194e-06
4.305462869 2.6489735445096793e-06
4.306663834 2.1841233753080762e-06
4.3078648 2.377826664760197e-06
4.309065766 2.420677052203184e-06
4.310266732 2.5364038726334668e-06
4.311467698 2.47138680372712e-06
4.312668663999999 2.2150812829774263e-06
4.31386963 1.6297581396055103e-06
4.315070596 1.584164723923516e-06
4.316271562 1.5468611190780901e-06
4.317472528000001 1.0236372098577066e-06
4.318673494 1.0680854531650127e-06
4.31987446 9.350727359928686e-07
4.321075426 8.1051652920064e-07
4.322276392 8.606346055024611e-07
4.323477357 1.355551028742437e-06
4.324678323 1.7096303793868799e-06
4.325879289 1.808014597114186e-06
4.327080255 1.8342691792993453e-06
4.328281221 1.876733769198686e-06
4.329482187 2.175160534162858e-06
4.330683153 2.067827055066658e-06
4.331884119000001 1.7621242807732689e-06
4.333085085 1.435383626584494e-06
4.334286051 1.480719624937302e-06
4.335487017 1.8200055648431493e-06
4.336687983 2.066835079773969e-06
4.337888949 2.2281998745726212e-06
4.339089915 2.565449542557666e-06
4.340290881 3.2605913824103265e-06
4.341491846 3.661019659584065e-06
4.342692812 3.900301763166021e-06
4.343893778 4.538074496801916e-06
4.345094744 5.311856340294631e-06
4.346295710000001 6.208268207015866e-06
4.347496676 6.629163813475144e-06
4.348697642 6.993149741102105e-06
4.349898608 7.433250943517911e-06
4.351099574 7.726066378316677e-06
4.35230054 7.714859839163035e-06
4.353501506 7.096107652202771e-06
4.354702472 6.648430038813093e-06
4.355903438 6.045796193041707e-06
4.357104403999999 5.364855548689274e-06
4.35830537 4.496805202126048e-06
4.359506335 3.745341493921181e-06
4.360707301000001 3.674334916620712e-06
4.361908267 3.6427711112479465e-06
4.363109233 3.5003907866931675e-06
4.364310198999999 2.9716397403985292e-06
4.365511165 2.8329597057697934e-06
4.366712131 3.19260397488176e-06
4.367913097 3.386838810907967e-06
4.369114063 3.4260367469854165e-06
4.370315029 3.188434841146899e-06
4.371515994999999 3.4432687679975524e-06
4.372716961 3.2698394776670604e-06
4.373917927000001 3.123013073454076e-06
4.375118893 3.0657444795950837e-06
4.3763198590000005 3.2277016639001536e-06
4.377520824 3.8675005461130305e-06
4.378721789999999 3.995219614116616e-06
4.379922756 4.222568506941199e-06
4.381123722 4.285735594145903e-06
4.382324688 4.7625810260894225e-06
4.383525654 4.793837513613815e-06
4.38472662 4.4679386691013395e-06
4.385927586 3.895010792904648e-06
4.387128552 3.1240787549876774e-06
4.388329518 2.7478248696142857e-06
4.389530484 2.19759550536128e-06
4.3907314500000005 1.6352290712558312e-06
4.3919324159999995 1.7933935223759213e-06
4.393133382 2.2349397846487267e-06
4.394334348 2.360652370085463e-06
4.395535313 2.208200310654373e-06
4.396736279 2.1162189684408374e-06
4.3979372450000005 2.4657209938128867e-06
4.399138211 2.7598737337145332e-06
4.400339177 2.8291871067689352e-06
4.401540143 2.427021454256174e-06
4.402741109 2.506354177279666e-06
4.403942075 3.1491663465839703e-06
4.4051430410000005 3.594105938728889e-06
4.4063440069999995 3.764657667844083e-06
4.407544973 3.6724727421804815e-06
4.408745939 4.007201243849152e-06
4.409946905 4.369717273091312e-06
4.411147871 4.605010243821029e-06
4.412348837 4.726789398792092e-06
4.413549802 4.901530134448915e-06
4.414750768 5.3677605010839954e-06
4.415951734 5.696588653931473e-06
4.4171527 5.983552752115367e-06
4.418353666 6.2081993160307886e-06
4.4195546320000005 6.604746910156181e-06
4.4207555979999995 6.730551219871061e-06
4.421956564 6.4097327064394226e-06
4.42315753 5.943806843348311e-06
4.424358496 5.771281180758535e-06
4.425559462 6.068603072526916e-06
4.426760428 5.971643082576756e-06
4.4279613939999996 5.531821253446247e-06
4.42916236 5.360010465840358e-06
4.430363325999999 5.632827052176839e-06
4.431564291 6.1327006810957494e-06
4.432765257 6.091780289806018e-06
4.4339662230000005 5.7821791560672625e-06
4.4351671889999995 5.615454323079888e-06
4.436368155 5.777956159572504e-06
4.437569121 6.1137677498992996e-06
4.438770087 6.146285433951025e-06
4.439971053 6.289766954130553e-06
4.441172019 6.871752295671057e-06
4.4423729849999996 7.86093756204485e-06
4.443573951 8.85518337508764e-06
4.444774917 9.515986040439694e-06
4.445975883 1.0576096588492897e-05
4.447176849000001 1.1469437948155285e-05
4.4483778140000005 1.18082289057324e-05
4.4495787799999995 1.1748224843094269e-05
4.450779746 1.1381685795867142e-05
4.451980711999999 1.1696806869067216e-05
4.453181678 1.2248807905499914e-05
4.454382644 1.274266330088272e-05
4.45558361 1.2808509521855426e-05
4.456784576 1.2987713784388174e-05
4.457985542 1.3849292222456581e-05
4.459186508 1.3900537969801538e-05
4.460387474 1.3425121255538379e-05
4.461588440000001 1.2432454481117312e-05
4.462789406 1.1295574727655796e-05
4.4639903720000005 1.0215572879335397e-05
4.4651913379999995 8.745608642861512e-06
4.466392302999999 7.294589386826143e-06
4.467593269 6.190425550441319e-06
4.468794235000001 6.2801083678036934e-06
4.469995201 6.8787808301360015e-06
4.471196167 6.766266789387865e-06
4.472397133 6.551474017263134e-06
4.473598099 6.519847731905723e-06
4.474799065 6.963556920006323e-06
4.476000031 7.236286727018054e-06
4.477200997 6.818742159966849e-06
4.4784019630000005 6.360436678710679e-06
4.4796029289999995 6.2726167244515e-06
4.480803895 6.821095334519519e-06
4.482004861 7.214840621445406e-06
4.483205827 7.337102885828923e-06
4.484406792 7.906145383148407e-06
4.4856077580000004 9.013078960383055e-06
4.486808724 1.0102994480053282e-05
4.48800969 1.052070604707104e-05
4.489210656 1.0224320471636725e-05
4.490411622 1.0162700595368263e-05
4.491612588 1.0388456709594088e-05
4.4928135540000005 1.05909076703768e-05
4.4940145199999995 1.0394303979859785e-05
4.495215486 9.990811319402317e-06
4.496416452 1.0229260916480766e-05
4.497617418 1.081139067318716e-05
4.498818384 1.1326852966406661e-05
4.50001935 1.1594221491241009e-05
4.5012203159999995 1.1844208540544422e-05
4.502421281 1.2442362664775657e-05
4.503622247 1.2638487772933975e-05
4.504823213 1.2345327601289213e-05
4.506024179 1.1695372109127893e-05
4.5072251450000005 1.1265627663935566e-05
4.5084261109999995 1.1424069707270253e-05
4.509627077 1.1306260745801263e-05
4.510828043 1.0891301821386473e-05
4.512029009 1.0460610382270028e-05
4.513229975 1.0584347120042017e-05
4.514430941 1.1231726928891415e-05
4.515631907 1.1476286957904058e-05
4.516832873 1.1460419455322674e-05
4.518033839 1.1481609473894263e-05
4.519234805 1.188151595517371e-05
4.52043577 1.2489340512647598e-05
4.5216367360000005 1.2287564899782033e-05
4.5228377019999995 1.1681741349570508e-05
4.524038668 1.1066840379364593e-05
4.525239633999999 1.0829814059522405e-05
4.5264406 1.0677555232858974e-05
4.527641566000001 1.0044164827009784e-05
4.528842532 9.338829804558521e-06
4.530043498 9.016102236695546e-06
4.531244464 9.211145725225636e-06
4.53244543 9.397358556454205e-06
4.533646396 9.139628185479195e-06
4.534847362000001 8.824810972044014e-06
4.536048328 8.837863421763786e-06
4.537249294 8.767134084898198e-06
4.538450259 8.38944214609458e-06
4.539651224999999 7.609523395864984e-06
4.540852191 7.124036302208975e-06
4.542053157000001 7.616005496136651e-06
4.543254123 8.469519073088868e-06
4.544455089 9.2639003327624e-06
4.545656055 9.755807822250645e-06
4.546857021 1.0698155940394364e-05
4.548057987 1.2341837144180114e-05
4.549258953 1.3779922787908874e-05
4.550459919 1.4705196588790112e-05
4.551660885 1.4654888673303423e-05
4.552861850999999 1.441338124995036e-05
4.554062817 1.4232521737315815e-05
4.555263782 1.3636617926170433e-05
4.556464748000001 1.2601635171264946e-05
4.557665714 1.1378029352695308e-05
4.55886668 1.072964231306124e-05
4.560067646 1.0851945958659047e-05
4.561268612 1.1284742200933026e-05
4.562469578 1.1909437787939453e-05
4.563670544 1.297661524760039e-05
4.56487151 1.4689209826180925e-05
4.566072476 1.6595373808297836e-05
4.567273441999999 1.7592054097902678e-05
4.568474408 1.7738214853940068e-05
4.569675374 1.749441573986624e-05
4.57087634 1.7182383106026756e-05
4.572077306 1.6765155263713832e-05
4.573278271 1.5502039843897348e-05
4.574479236999999 1.3717768561057264e-05
4.575680203 1.21619800452317e-05
4.576881169 1.136014988613115e-05
4.578082135 1.0962484450822373e-05
4.579283101 1.0339866492193369e-05
4.580484067 9.593927102151679e-06
4.581685032999999 9.325664044321933e-06
4.582885999 9.84427458419686e-06
4.584086965 1.0663916325014667e-05
4.585287931 1.1328722123592674e-05
4.586488897000001 1.1926746585882054e-05
4.587689863 1.3055141211339184e-05
4.588890829 1.4594839107277962e-05
4.590091795 1.5880309000918393e-05
4.59129276 1.6273278077755092e-05
4.592493726 1.5847240764474495e-05
4.593694692 1.5341706013676806e-05
4.594895658 1.4699834891253177e-05
4.596096623999999 1.365434345113367e-05
4.59729759 1.2046448468354468e-05
4.598498555999999 1.0298756872552075e-05
4.599699522 9.207954980866602e-06
4.600900488000001 8.958387407322035e-06
4.602101454 8.9811190898403e-06
4.60330242 9.120502135650437e-06
4.604503386 9.734861397761197e-06
4.605704352 1.1081792765793193e-05
4.606905318 1.2936145494435179e-05
4.608106284000001 1.425052624648592e-05
4.609307249 1.5001862991941774e-05
4.610508214999999 1.5398832804117203e-05
4.611709181 1.5973731292829336e-05
4.612910147 1.6529796461577528e-05
4.614111113 1.62853501565998e-05
4.615312079000001 1.535033668787524e-05
4.616513045 1.411263199277067e-05
4.617714011 1.3381192846315017e-05
4.618914977 1.3036254247562894e-05
4.620115943 1.2734830821630608e-05
4.621316909 1.2465078517181992e-05
4.622517875 1.2539273534282247e-05
4.623718841 1.326036425005135e-05
4.624919807 1.3955534313919772e-05
4.626120772999999 1.40463852007259e-05
4.627321738 1.3529533880012507e-05
4.628522704 1.300319828833412e-05
4.629723670000001 1.266135923007881e-05
4.630924636 1.226026052514257e-05
4.632125602 1.1499193121479557e-05
4.633326568 1.0535786303382003e-05
4.634527534 1.013826839116318e-05
4.6357285 1.0646658099261044e-05
4.636929466 1.1439257827294708e-05
4.638130432 1.19253873524761e-05
4.639331398 1.215837460337682e-05
4.640532363999999 1.257357134928888e-05
4.64173333 1.342999465460464e-05
4.642934296 1.414411587159302e-05
4.644135262 1.4333522355854273e-05
4.645336227 1.393116312120566e-05
4.646537193 1.3647511872805445e-05
4.647738159 1.3710824857194766e-05
4.648939125 1.3688867298810352e-05
4.650140091 1.3213862640112991e-05
4.651341057 1.2310107699108565e-05
4.652542023 1.162465534020169e-05
4.653742989 1.1361254789683563e-05
4.654943954999999 1.1229660639525472e-05
4.656144921 1.0778206881215873e-05
4.657345887 1.0041100473399434e-05
4.658546853 9.42030926634646e-06
4.659747819000001 9.025205883436687e-06
4.6609487849999995 8.525648959207021e-06
4.662149751 7.543218427286725e-06
4.663350716 6.379627924960278e-06
4.664551682 5.667632103314212e-06
4.665752648 5.830847231356744e-06
4.666953614 6.3663929208049975e-06
4.66815458 6.713209584716837e-06
4.669355545999999 6.943022592420809e-06
4.670556512 7.5864396724121584e-06
4.671757478000001 8.905998939129847e-06
4.672958444 1.0314842519971071e-05
4.674159410000001 1.1248881956471579e-05
4.6753603759999995 1.1537933775719568e-05
4.676561342 1.1784772243007049e-05
4.677762308 1.2518917478509996e-05
4.678963274 1.3165074613362967e-05
4.680164239 1.3247800093184702e-05
4.681365205 1.275817241522757e-05
4.682566171 1.2288747772672436e-05
4.683767137 1.2322367807183902e-05
4.684968103 1.2564658996013986e-05
4.686169069 1.2495096463531056e-05
4.687370035 1.1944916145565077e-05
4.688571001000001 1.1596770802722155e-05
4.6897719669999995 1.1761862212601127e-05
4.690972933 1.224460390755332e-05
4.692173899 1.2405719789357926e-05
4.693374865 1.2030873540701454e-05
4.694575831 1.1545166133727469e-05
4.695776797000001 1.13925105933101e-05
4.696977763 1.1616405984646202e-05
4.698178728 1.168669818016955e-05
4.699379694 1.1414017422850041e-05
4.70058066 1.1224444839167146e-05
4.701781626 1.1391814382703192e-05
4.702982592000001 1.1781994773775338e-05
4.7041835579999995 1.1729064702610642e-05
4.705384524 1.1036125067361097e-05
4.70658549 1.0183299069510043e-05
4.707786456 9.650461847149414e-06
4.708987422 9.375411072778218e-06
4.710188388 8.72344198574267e-06
4.711389354 7.735922383688868e-06
4.71259032 6.704481086678707e-06
4.713791285999999 6.375193668215203e-06
4.714992252 6.649036906306574e-06
4.716193217 7.050396076845093e-06
4.717394183000001 7.145126108008362e-06
4.7185951489999995 7.008476568928729e-06
4.719796115 7.384565381558705e-06
4.720997081 8.185424570082371e-06
4.722198047 8.97720735149697e-06
4.723399013 9.512396572637479e-06
4.724599979 9.75388859506451e-06
4.725800945 1.0137492464937453e-05
4.727001911 1.1125161652968437e-05
4.728202876999999 1.2031580971812886e-05
4.729403843 1.2528968100653527e-05
4.730604809000001 1.2592317939217318e-05
4.731805775 1.2732579094105384e-05
4.7330067410000005 1.3434696677168907e-05
4.734207706 1.4363469654099268e-05
4.735408671999999 1.495245928146403e-05
4.736609638 1.4803484767559985e-05
4.737810604 1.4542903083856546e-05
4.73901157 1.4520878351322751e-05
4.740212536 1.4684416564044074e-05
4.741413502 1.4443376435405876e-05
4.742614468 1.3555521582944078e-05
4.743815434 1.2477506242029883e-05
4.745016400000001 1.1602300046562572e-05
4.746217366 1.1385074945418703e-05
4.7474183320000005 1.1271232483024677e-05
4.7486192979999995 1.0995866559562706e-05
4.749820264 1.0914506235075438e-05
4.75102123 1.127110844804018e-05
4.752222195 1.204041673474205e-05
4.753423161 1.2855661913369647e-05
4.7546241270000005 1.3137133545413592e-05
4.755825093 1.2915155440764455e-05
4.757026059 1.2728139673917737e-05
4.758227025 1.2562148879568805e-05
4.759427991 1.2205947553931294e-05
4.760628957 1.1203759665891054e-05
4.7618299230000005 9.888211329783548e-06
4.7630308889999995 8.687622989506992e-06
4.764231855 7.905166279405289e-06
4.765432821 7.32686086758586e-06
4.766633787 6.898969581261785e-06
4.767834753 6.366234625796961e-06
4.769035719000001 6.018606579742928e-06
4.770236684 6.47682924046421e-06
4.77143765 7.010235943278233e-06
4.772638616 7.391373671200999e-06
4.773839582 7.323421462552238e-06
4.775040548 7.073400679117359e-06
4.7762415140000005 7.128517821959418e-06
4.7774424799999995 7.766165282209375e-06
4.778643446 8.439283285385287e-06
4.779844412 8.65635301490493e-06
4.781045378 8.616660577369838e-06
4.782246344 8.677886589566833e-06
4.78344731 9.25924633206855e-06
4.7846482759999995 9.905787359881045e-06
4.785849242 1.0096749483552165e-05
4.787050207 9.800574690861808e-06
4.788251173 9.385914414286269e-06
4.789452139 9.429690018576057e-06
4.7906531050000005 9.877795888253223e-06
4.7918540709999995 1.0012612151312794e-05
4.793055037 9.720346877576898e-06
4.794256003 9.24612349157537e-06
4.795456969 8.902511103961368e-06
4.796657935 8.84170553040203e-06
4.797858901 8.487203294510846e-06
4.7990598669999995 7.679709786582635e-06
4.800260833 6.684878459629215e-06
4.801461799 5.963428619711346e-06
4.802662765 5.587294794446856e-06
4.803863731000001 5.555303146880428e-06
4.8050646960000005 5.307814756484527e-06
4.8062656619999995 4.832276095364672e-06
4.807466628 4.812510162875398e-06
4.808667593999999 5.239128161091344e-06
4.80986856 6.0986081090510736e-06
4.811069526 7.043368000026762e-06
4.812270492 7.813937650996499e-06
4.813471458 8.54487145012275e-06
4.814672424 9.546124086795643e-06
4.81587339 1.0560825184669858e-05
4.817074356 1.1305599447936204e-05
4.818275322000001 1.1263824660183506e-05
4.819476288 1.0591256946653464e-05
4.8206772540000005 9.943120174521211e-06
4.821878219999999 9.564690497731486e-06
4.823079184999999 9.300138347287726e-06
4.824280151 8.944620912274009e-06
4.825481117000001 8.42369864563033e-06
4.826682083 7.948087699839021e-06
4.827883049 8.037680619056662e-06
4.829084015 8.19748325165462e-06
4.830284981 8.157583432650846e-06
4.831485947 7.908093138301097e-06
4.832686913 7.466762440176265e-06
4.833887879 7.106355899772018e-06
4.8350888450000005 7.108088566133913e-06
4.836289810999999 6.915638032960189e-06
4.837490777 6.4152414070878e-06
4.838691743 5.866094819107068e-06
4.839892709 5.3563913461959e-06
4.841093674 5.05372251392139e-06
4.84229464 4.899735594394399e-06
4.843495606 4.6581551399776435e-06
4.844696572 4.24510204728254e-06
4.845897538 4.06838214988899e-06
4.847098504 4.220275399309312e-06
4.84829947 4.888089934799556e-06
4.8495004360000005 5.725303309711417e-06
4.850701401999999 6.263912664574308e-06
4.851902368 6.643664944682187e-06
4.853103334 7.007194814584301e-06
4.8543043 7.593365212910813e-06
4.855505266 8.398028127218707e-06
4.8567062320000005 8.947837792284397e-06
4.8579071979999995 9.100496236646643e-06
4.859108163 9.221184977174068e-06
4.860309129 9.583705145831667e-06
4.861510095 1.0069631126898411e-05
4.862711061 1.0390016663522118e-05
4.8639120270000005 1.0031480046020265e-05
4.865112992999999 9.24799422788298e-06
4.866313959 8.560779549048532e-06
4.867514925 7.963754977617354e-06
4.868715891 7.324744118500669e-06
4.869916857 6.358300707253832e-06
4.871117823 5.198363465514756e-06
4.8723187889999995 4.277850844633393e-06
4.873519755 4.0093977092667435e-06
4.874720721 4.088436187442727e-06
4.875921687 4.333736840075181e-06
4.877122652 4.273079057228965e-06
4.8783236180000005 4.033571967249897e-06
4.879524583999999 4.146452023340488e-06
4.88072555 4.577634508037199e-06
4.881926516 4.868053185468387e-06
4.883127482 4.899260515234777e-06
4.884328448 4.7207455427102284e-06
4.885529414 4.445142191970969e-06
4.88673038 4.6289524490503305e-06
4.887931346 5.05094289487099e-06
4.889132312 5.316381474554561e-06
4.890333278 5.23244557978955e-06
4.891534244000001 5.013084912573998e-06
4.89273521 4.8269513680075414e-06
4.8939361749999994 4.863292332517172e-06
4.895137141 4.907570178427265e-06
4.896338106999999 4.653933477480674e-06
4.897539073 4.168375458199385e-06
4.898740039000001 3.7091280861926558e-06
4.899941005 3.520527659304004e-06
4.901141971 3.838939612891239e-06
4.902342937 4.197142613855006e-06
4.903543903 4.399201010815844e-06
4.904744869 4.595677333007738e-06
4.905945835000001 4.943770534019973e-06
4.907146801 5.4472024595208124e-06
4.908347767 5.998360705130905e-06
4.909548732999999 6.28142375156943e-06
4.910749699 6.176499896209255e-06
4.911950664 6.112457478836302e-06
4.913151630000001 6.100127027321479e-06
4.914352596 6.140771242056196e-06
4.915553562 6.174382334662456e-06
4.916754528 5.951863321118185e-06
4.917955494 5.55717081733202e-06
4.91915646 5.281932449358964e-06
4.920357426 5.098268591194427e-06
4.921558392 4.875192295825222e-06
4.922759358 4.564820428788209e-06
4.923960323999999 4.0376417973583364e-06
4.92516129 3.4995950888707375e-06
4.926362256 3.3467906791760995e-06
4.927563222 3.4988765180995495e-06
4.928764188 3.7931564472729416e-06
4.929965153 4.177975165055255e-06
4.931166119 4.463158864959617e-06
4.932367085 4.87707402220821e-06
4.933568051 5.771896624333226e-06
4.934769017 6.856695581843755e-06
4.935969983 7.787778702650378e-06
4.937170949 8.256958361526241e-06
4.938371914999999 8.28790492553533e-06
4.939572881 8.176042208939185e-06
4.940773847 8.303175568964759e-06
4.941974813 8.332978399943805e-06
4.943175779 7.910390261305708e-06
4.944376745 6.724550332196933e-06
4.945577711 5.375578162001174e-06
4.946778677 4.269078649441094e-06
4.947979642 3.56670082624887e-06
4.949180608 3.0550975654216747e-06
4.950381574 2.4435763473309663e-06
4.95158254 1.891577613374805e-06
4.952783505999999 1.511287564931236e-06
4.953984472 1.805874298843967e-06
4.955185438 2.3872386988378488e-06
4.956386404 2.9067651414676612e-06
4.957587370000001 3.2347223555132423e-06
4.958788336 3.4222700052736033e-06
4.959989302 3.545395046772084e-06
4.961190268 3.762525416087485e-06
4.962391234 4.3017781696030205e-06
4.9635922 4.57179137197861e-06
4.964793166000001 4.616664569473094e-06
4.965994131 4.724674047312451e-06
4.967195096999999 4.912269968711533e-06
4.968396063 5.087255322348823e-06
4.969597029 5.241334599098559e-06
4.970797995 4.964176334276866e-06
4.971998961000001 4.179999686357069e-06
4.973199927 3.625470049373046e-06
4.974400893 3.2560046844245883e-06
4.975601859 3.060654443371671e-06
4.976802825 3.164905285356981e-06
4.978003791 2.9862829293760372e-06
4.979204757000001 2.703378903023829e-06
4.980405723 2.629580704566803e-06
4.981606689 2.6358910272879596e-06
4.982807654999999 2.578471588359669e-06
4.98400862 2.415647153828316e-06
4.985209586 2.043392570205929e-06
4.986410552000001 1.3710516288192951e-06
4.987611518 1.0958985483445037e-06
4.988812484 1.2300135705435884e-06
4.99001345 1.5023517253752408e-06
4.991214416 1.8861873391367966e-06
4.992415382 2.154861646410875e-06
4.993616348 2.405061430981925e-06
4.994817314 2.9350967346153604e-06
4.99601828 3.853135129348908e-06
4.997219245999999 4.683122021553169e-06
4.998420212 5.189034197056537e-06
4.999621178 5.250039224108347e-06
5.000822144 5.1495189500213434e-06
5.002023109 5.221874056230519e-06
5.003224075 5.461545490707942e-06
5.004425041 5.421423605020573e-06
5.005626007 4.965908169853923e-06
5.006826973 4.373135403741093e-06
5.008027939 3.7342409351876e-06
5.009228905 3.648869554302688e-06
5.010429871 3.978658613606691e-06
5.011630836999999 4.155245763271008e-06
5.012831803 4.098627403200932e-06
5.014032769 3.867953094290666e-06
5.015233735 3.582781451526444e-06
5.0164347010000006 3.5112895293775655e-06
5.0176356669999995 3.669204288754466e-06
5.018836631999999 3.4306633979646716e-06
5.020037598 2.8358316566439327e-06
5.021238564 2.375689866558997e-06
5.02243953 2.0805743216653714e-06
5.023640496 2.1403422866994446e-06
5.024841462 2.585769634725846e-06
5.026042427999999 2.998099037701591e-06
5.027243394 3.1768356999097297e-06
5.028444360000001 3.5075222718146436e-06
5.029645326 3.829394557101248e-06
5.0308462920000006 4.1266315977012134e-06
5.0320472579999995 4.3936552747865355e-06
5.033248224 4.356944677610373e-06
5.03444919 3.897110390451943e-06
5.035650156 3.41811062938799e-06
5.036851121 3.180087483469635e-06
5.038052087 3.1546017197233325e-06
5.039253053 3.300954695234357e-06
5.040454019 3.1689916455507583e-06
5.041654985 2.848306512873015e-06
5.042855951 2.7036554064507455e-06
5.044056917 2.760862786103208e-06
5.0452578830000006 2.843140248861983e-06
5.0464588489999995 2.834579648688542e-06
5.047659815 2.6129820471315336e-06
5.048860781 2.1410403474731503e-06
5.050061747 1.8903461268728356e-06
5.051262713 1.8206191564913757e-06
5.052463679000001 1.8143961868722812e-06
5.053664645 1.8100872113137593e-06
5.05486561 1.7981637210769004e-06
5.056066576 1.7243760543895995e-06
5.057267542 1.7223527009738604e-06
5.058468508 1.9187160407495853e-06
5.0596694740000006 2.2033840050730823e-06
5.0608704399999995 2.396537699047494e-06
5.062071406 2.534183542294387e-06
5.063272372 2.6103642820279206e-06
5.064473338 2.6716953821098675e-06
5.065674304 2.983182850948863e-06
5.06687527 3.670502342660609e-06
5.068076236 4.186216254153387e-06
5.069277202 4.557842654593674e-06
5.070478167999999 4.666534434362352e-06
5.071679134 4.599212598307516e-06
5.072880099 4.568134461599456e-06
5.074081065000001 4.603065813932175e-06
5.0752820309999995 4.297248966513572e-06
5.076482997 3.5212285860490826e-06
5.077683963 2.7340934695823226e-06
5.078884929 2.061371541100275e-06
5.080085895 1.7743544926373366e-06
5.081286861 1.8348677167239053e-06
5.082487827 1.8747738029841486e-06
5.083688793 1.715449339195508e-06
5.084889758999999 1.5206720983604683e-06
5.086090725 1.3548890958011247e-06
5.087291691000001 1.2955255301694557e-06
5.088492657 1.2380854188239675e-06
5.0896936230000005 1.0983807226992103e-06
5.090894588 7.619788907812322e-07
5.092095554 4.230056488629703e-07
5.09329652 2.0187096616412913e-07
5.094497486 2.2653794580165196e-07
5.095698452 3.583996015019818e-07
5.096899418 7.039140606276054e-07
5.098100384 8.976537287709913e-07
5.099301349999999 1.0946753932071104e-06
