Wavelength_microns Throughput
2.0004663860000003 5.206374314612741e-12
2.002074478 4.909662641231199e-12
2.00368257 4.9346275879178286e-12
2.005290662 4.799215415000028e-12
2.006898754 4.403270270754997e-12
2.008506846 3.5496150479358564e-12
2.010114938 2.9345881736489197e-12
2.01172303 2.5111220519106514e-12
2.013331122 2.1790334878214193e-12
2.014939214 1.9110766979055917e-12
2.016547306 1.7889575777413154e-12
2.018155398 1.838260215774281e-12
2.01976349 1.9945262906454244e-12
2.021371582 2.3170162171780674e-12
2.022979674 2.4205563293241507e-12
2.0245877660000002 2.3099138977861388e-12
2.026195858 2.165760450935353e-12
2.027803949 1.9942421158288783e-12
2.029412041 1.9473610010900593e-12
2.031020133 1.9687008985220132e-12
2.032628225 2.002341536626415e-12
2.034236317 2.0933560380555483e-12
2.035844409 1.9220292100034477e-12
2.037452501 1.7254166599495164e-12
2.039060593 1.702400547230454e-12
2.040668685 1.7613053589489024e-12
2.042276777 1.828536747656007e-12
2.0438848689999998 1.9148134194479075e-12
2.045492961 1.905250372805987e-12
2.047101053 1.857124160145875e-12
2.0487091449999997 1.796063210513964e-12
2.0503172370000002 1.801096734990252e-12
2.0519253290000004 1.9284019745576943e-12
2.053533421 1.9734799316498986e-12
2.055141513 1.9354351818461496e-12
2.056749605 2.2756141556398978e-12
2.058357697 2.553573888299376e-12
2.059965788 2.7812798898276264e-12
2.06157388 2.9189417646937673e-12
2.0631819719999998 3.0555827141539296e-12
2.064790064 3.1774283112665545e-12
2.066398156 3.324074982345256e-12
2.068006248 3.6754584755805565e-12
2.06961434 4.302799602571335e-12
2.071222432 5.494848543232145e-12
2.072830524 7.2728847015162195e-12
2.074438616 9.923698738573943e-12
2.076046708 1.1230663352861095e-11
2.0776548 1.302852512762984e-11
2.079262892 1.5052581203879422e-11
2.080870984 1.6917553311288832e-11
2.0824790760000003 1.7184134681589724e-11
2.084087168 2.0191051156726165e-11
2.08569526 2.3232224104188065e-11
2.0873033519999997 2.6920661388349565e-11
2.088911444 2.3811700538303602e-11
2.090519536 2.1860394635819736e-11
2.092127627 1.9034909998351773e-11
2.0937357189999997 2.048143798291577e-11
2.0953438110000002 2.5353182812070052e-11
2.0969519030000003 3.182401115107106e-11
2.098559995 3.988978301711436e-11
2.100168087 5.4129633422519546e-11
2.101776179 7.88043516734218e-11
2.103384271 1.0478958916574622e-10
2.104992363 1.2101917987778745e-10
2.1066004549999997 1.2959946682760797e-10
2.1082085470000003 1.4177788753377523e-10
2.109816639 1.555449562148705e-10
2.111424731 1.6703373320489315e-10
2.113032823 1.747820827127614e-10
2.114640915 2.1253817432561687e-10
2.116249007 2.4700846940151473e-10
2.1178570989999996 2.8497060962044965e-10
2.1194651909999997 2.9024563995578696e-10
2.1210732830000003 2.979958540032212e-10
2.122681375 2.5379840366832087e-10
2.124289466 2.1297088531985076e-10
2.125897558 1.9289336240946772e-10
2.1275056500000002 1.8317606649950053e-10
2.129113742 1.825658513532483e-10
2.130721834 1.9055952210649843e-10
2.1323299259999997 2.0151762907944686e-10
2.133938018 2.1345891003744001e-10
2.1355461100000004 2.2027720932560688e-10
2.137154202 1.9189179554036748e-10
2.138762294 1.692608128218134e-10
2.140370386 1.6784732052137843e-10
2.141978478 1.7034901615995697e-10
2.14358657 1.8463507238877953e-10
2.1451946619999998 2.060966323104105e-10
2.146802754 2.1652992104884463e-10
2.1484108460000004 2.1497613036024092e-10
2.150018938 2.1038559233768343e-10
2.15162703 2.0075347081598977e-10
2.153235122 1.942706315295167e-10
2.154843214 1.9262332362254395e-10
2.156451305 1.9196564530596705e-10
2.158059397 2.2071506152480712e-10
2.159667489 2.62389285023986e-10
2.161275581 2.8525664603688377e-10
2.1628836729999996 2.940839353110612e-10
2.164491765 2.825413879163172e-10
2.1660998570000003 2.519124361330627e-10
2.167707949 2.2901229406478193e-10
2.169316041 2.0978309151769787e-10
2.170924133 2.053171231363703e-10
2.172532225 2.087719819999224e-10
2.174140317 2.2846938432625962e-10
2.1757484089999997 2.471024150361537e-10
2.177356501 2.4926972998618194e-10
2.1789645930000003 2.593008093522216e-10
2.180572685 2.771878058104747e-10
2.182180777 2.9967398204274166e-10
2.183788869 3.404678380188689e-10
2.185396961 3.8919160179022763e-10
2.187005053 3.7128300291421836e-10
2.1886131449999997 3.4217374262244826e-10
2.1902212359999997 3.32011608194153e-10
2.191829328 3.371173111224936e-10
2.1934374200000004 3.5691147096208074e-10
2.195045512 4.456738698842473e-10
2.196653604 5.679432873923966e-10
2.198261696 6.845415350184999e-10
2.199869788 8.279454387560973e-10
2.20147788 9.160009698354088e-10
2.203085972 9.446351642686692e-10
2.204694064 9.87436935166725e-10
2.206302156 1.0402592987707983e-09
2.207910248 1.1069576222437642e-09
2.2095183400000002 1.2075051986823077e-09
2.211126432 1.3579404995416635e-09
2.212734524 1.5179426874380262e-09
2.2143426159999997 1.6873164498505124e-09
2.215950708 1.9320981700672927e-09
2.2175588 2.3719704041608134e-09
2.219166892 2.96266696076485e-09
2.220774984 3.315398456134141e-09
2.222383075 3.680915646981145e-09
2.2239911670000003 4.317865490172786e-09
2.225599259 5.341821597489874e-09
2.227207351 6.500951027072984e-09
2.228815443 7.025882575479093e-09
2.230423535 7.451408311787532e-09
2.232031627 7.318701446462365e-09
2.2336397189999997 7.0343364790517586e-09
2.2352478110000003 7.124458884482507e-09
2.236855903 7.986832324548125e-09
2.238463995 9.211980366528337e-09
2.240072087 9.501764262084227e-09
2.241680179 9.873494461690464e-09
2.243288271 1.0150365785028217e-08
2.2448963629999996 1.0427451569306798e-08
2.2465044549999997 1.1022643446174594e-08
2.2481125470000003 1.2899368548230814e-08
2.249720639 1.5211275818291552e-08
2.251328731 1.7955238587936147e-08
2.252936823 2.1147229620054754e-08
2.2545449140000002 2.3836174148977473e-08
2.256153006 2.3428101933993994e-08
2.257761098 2.3042267412218203e-08
2.2593691899999997 2.4321429411525737e-08
2.260977282 2.794854686465188e-08
2.262585374 3.395484679355473e-08
2.264193466 4.2468762930572907e-08
2.265801558 5.3080031259135075e-08
2.2674096500000003 6.3036161227754e-08
2.269017742 7.57849589752355e-08
2.270625834 8.816262932464274e-08
2.2722339259999997 9.510221670206264e-08
2.273842018 1.0221109144186439e-07
2.2754501100000004 8.813440043417556e-08
2.277058202 7.514861064603479e-08
2.278666294 6.63087716452632e-08
2.280274386 6.130640728649765e-08
2.281882478 5.7366672884023645e-08
2.28349057 5.020832332584484e-08
2.285098662 4.79493282135343e-08
2.286706753 4.6844607618258696e-08
2.288314845 4.7219156601447355e-08
2.2899229369999996 5.370223730527554e-08
2.291531029 5.965642967293187e-08
2.2931391210000003 6.768300600475533e-08
2.294747213 8.029135780063987e-08
2.296355305 1.0015290172615063e-07
2.297963397 1.281981475265609e-07
2.299571489 1.571995696434093e-07
2.301179581 1.982591696739859e-07
2.3027876729999996 2.2767348135219985e-07
2.304395765 2.2879861175447266e-07
2.3060038570000003 2.3717879473181005e-07
2.307611949 2.655298383201588e-07
2.309220041 3.067865571122047e-07
2.310828133 3.797779651243987e-07
2.312436225 5.0818840126971e-07
2.314044317 6.917007532367029e-07
2.3156524089999997 9.464719661471681e-07
2.3172605010000003 1.3004417941008849e-06
2.318868592 1.7629510583599096e-06
2.3204766840000004 2.083980815678591e-06
2.322084776 2.4500713063815383e-06
2.323692868 2.749917584802835e-06
2.32530096 2.9507963879116864e-06
2.326909052 3.137546401378364e-06
2.328517144 3.4604025683346343e-06
2.3301252359999998 3.819755022729121e-06
2.331733328 4.003543702399098e-06
2.33334142 4.0001642465241545e-06
2.334949512 4.180363065237473e-06
2.3365576040000002 4.313108449012202e-06
2.338165696 4.418584117629712e-06
2.339773788 4.435271454002208e-06
2.3413818799999997 4.109997246838966e-06
2.342989972 3.789114680426447e-06
2.344598064 3.544664159841093e-06
2.346206156 3.385190338726065e-06
2.347814248 3.242480340726179e-06
2.3494223400000003 3.165058613977408e-06
2.3510304310000003 3.1093483911925695e-06
2.352638523 3.054899912221851e-06
2.354246615 2.9677909250177875e-06
2.3558547069999998 2.89542584630431e-06
2.357462799 2.6797468282696576e-06
2.359070891 2.362040530259717e-06
2.3606789829999997 2.0954493063704594e-06
2.3622870750000002 1.8158684658798238e-06
2.363895167 1.6108828728160417e-06
2.365503259 1.4811232331963765e-06
2.367111351 1.83261566682734e-06
2.368719443 2.519530879319742e-06
2.370327535 2.9568556186042307e-06
2.371935627 2.916988393113375e-06
2.3735437189999997 2.864510841232671e-06
2.3751518110000003 2.4483162630258067e-06
2.376759903 2.019650393646378e-06
2.378367995 1.6481864365785158e-06
2.379976087 1.1965466141531599e-06
2.381584179 8.70314017109964e-07
2.383192271 6.897252752975183e-07
2.384800362 6.438819151694581e-07
2.3864084539999997 6.64473775476817e-07
2.388016546 3.7227953635692646e-07
2.389624638 3.923274816741195e-07
2.39123273 6.100927362468365e-07
2.392840822 6.586263291656692e-07
2.3944489140000003 6.807988134259284e-07
2.396057006 7.287163663682642e-07
2.397665098 9.472558816992774e-07
2.3992731899999997 1.231173495349249e-06
2.400881282 1.5106168348140695e-06
2.4024893740000004 1.6957615669368301e-06
2.404097466 1.903353082740817e-06
2.405705558 1.9243512258826373e-06
2.40731365 1.8267434615616688e-06
2.408921742 1.7342170675629138e-06
2.410529834 1.4084840153966857e-06
2.4121379259999998 1.1813233066037808e-06
2.413746018 1.5488438434646874e-06
2.41535411 1.8430870676574136e-06
2.416962201 2.2117077061088883e-06
2.418570293 1.935108702493867e-06
2.4201783850000003 1.435979649965301e-06
2.421786477 1.61648659380583e-06
2.423394569 1.6232263552679815e-06
2.425002661 1.344741701474228e-06
2.426610753 1.1144075867347065e-06
2.428218845 9.561488477959627e-07
2.4298269369999996 8.379148813586724e-07
2.431435029 7.34584040992953e-07
2.4330431210000003 7.42281652441361e-07
2.434651213 7.788731167871569e-07
2.436259305 8.172243528976169e-07
2.4378673969999998 5.665003528478082e-07
2.439475489 3.8427376046012086e-07
2.441083581 2.2911728589724382e-07
2.4426916729999997 4.0658153581642985e-08
2.4442997650000002 9.386456089150952e-09
2.4459078570000004 5.613400701343259e-09
2.447515949 2.055175509798302e-08
2.44912404 1.2559247528235582e-07
2.450732132 4.6211281774286007e-07
2.452340224 5.552324129037744e-07
2.453948316 6.670830987875487e-07
2.455556408 2.7304233909639317e-07
2.4571644999999998 3.5459889258177954e-08
2.458772592 7.022649492678997e-09
2.460380684 4.711570775756113e-09
2.461988776 4.70851432087336e-09
2.463596868 4.7054565143638695e-09
2.46520496 4.702397352899148e-09
2.466813052 4.699336833161009e-09
2.468421144 4.697318331288517e-09
2.470029236 4.695776110864809e-09
2.471637328 4.695887803621618e-09
2.47324542 4.697405208342024e-09
2.474853512 4.701325777096258e-09
2.4764616040000003 4.700534346913918e-09
2.478069696 4.699741547647927e-09
2.479677788 4.701433591455352e-09
2.481285879 4.698881692613949e-09
2.4828939709999998 4.696449922734158e-09
2.484502063 4.696624341562297e-09
2.486110155 4.6968085868391875e-09
2.4877182469999997 4.698230848093886e-09
2.489326339 4.697165521652298e-09
2.4909344310000003 4.698176875067175e-09
2.492542523 4.698892212971206e-09
2.494150615 4.699607644247346e-09
2.495758707 4.700323166116284e-09
2.497366799 4.701038775800038e-09
2.498974891 4.7017544705219366e-09
2.499778162 4.702112003944956e-09
2.5011293930000003 4.7026517343191965e-09
2.502480624 4.703179363846823e-09
2.5038318559999997 4.703707016559823e-09
2.505183087 4.704234690025959e-09
2.506534319 4.704762383375767e-09
2.50788555 4.705290094178461e-09
2.509236782 4.705817821566132e-09
2.510588013 1.2314914620615775e-07
2.511939244 4.0246463298689057e-07
2.5132904760000003 9.19986620445503e-07
2.514641707 4.7955714572202345e-08
2.515992939 4.709491115006347e-09
2.51734417 4.710252346110411e-09
2.5186954019999996 6.846434227426655e-09
2.5200466329999998 1.2014028628656853e-07
2.521397865 4.7126122667825825e-09
2.522749096 4.713447059868308e-09
2.524100327 4.714281947275943e-09
2.525451559 4.715116927994879e-09
2.52680279 4.715951999160944e-09
2.5281540220000003 3.8397844916606084e-08
2.529505253 8.700425174963174e-09
2.5308564849999997 4.718790654442497e-09
2.532207716 4.7201514057125595e-09
2.533558948 2.888058371172501e-08
2.534910179 4.271943939001946e-08
2.5362614100000003 1.3744936300434332e-08
2.537612642 4.72559687268306e-09
2.538963873 4.726958845840032e-09
2.5403151050000004 4.728233874355887e-09
2.5416663359999996 1.3705560980982963e-08
2.5430175680000002 3.766430000221734e-06
2.544368799 3.249310396938432e-06
2.54572003 1.1820948714205171e-06
2.547071262 1.296713859265273e-06
2.548422493 3.864853352787018e-06
2.549773725 2.385279082686272e-06
2.551124956 3.4452335864854373e-06
2.552476188 2.7385989077872573e-06
2.553827419 2.3935958106795268e-06
2.5551786510000003 7.838142558875073e-06
2.556529882 6.537152346785269e-06
2.557881113 5.621722941037569e-06
2.559232345 4.121140392853386e-06
2.560583576 8.662917744248414e-06
2.561934808 8.448401972718577e-06
2.5632860390000003 1.3437605057111664e-05
2.564637271 1.4455975509098735e-05
2.565988502 1.0997938264078814e-05
2.567339733 1.3992198880862231e-05
2.5686909649999996 1.5225123447170859e-05
2.5700421959999997 1.2778355911111491e-05
2.571393428 1.0372255993328845e-05
2.572744659 1.0139505448617382e-05
2.574095891 7.304523001764272e-06
2.575447122 4.31902147487761e-06
2.576798354 5.0241094121690616e-06
2.5781495850000002 7.304182512763982e-06
2.5795008160000004 8.955427656086946e-06
2.580852048 6.684882385123914e-06
2.582203279 7.430420395915229e-06
2.583554511 3.951965577318893e-06
2.584905742 3.638979982277604e-06
2.586256974 9.616423474291992e-06
2.587608205 1.0826526096987473e-05
2.588959437 8.660377807519826e-06
2.590310668 1.0813122779802892e-05
2.591661899 1.1792325669011537e-05
2.593013131 1.529723084469647e-05
2.594364362 9.553523512927918e-06
2.5957155939999996 9.585366200717293e-06
2.5970668249999997 7.957104939684892e-06
2.598418057 1.0712834217001964e-05
2.599769288 8.09813726132027e-06
2.601120519 8.895868402921176e-06
2.602471751 9.261357456150081e-06
2.603822982 7.939520462577261e-06
2.6051742140000003 4.557450523655202e-06
2.6065254450000004 7.42177687479538e-06
2.607876677 1.0578000057425335e-05
2.609227908 1.0137603230695592e-05
2.61057914 1.1043019523878976e-05
2.611930371 9.878450659274412e-06
2.613281602 9.502324995509006e-06
2.614632834 7.907379696921342e-06
2.615984065 8.191797861774519e-06
2.617335297 6.075011687215978e-06
2.618686528 5.4019950834901925e-06
2.62003776 7.122103396728403e-06
2.621388991 6.431506441181128e-06
2.622740222 5.814965085774053e-06
2.6240914539999998 2.2722428643844167e-06
2.625442685 5.501871235557467e-06
2.626793917 6.256010246904183e-08
2.628145148 3.026453097121978e-06
2.62949638 3.0289962148823785e-06
2.630847611 1.5875835659590376e-08
2.6321988430000003 8.458415442336068e-07
2.6335500740000004 4.3117411762348493e-07
2.634901305 6.914234776183166e-07
2.636252537 1.186703054729225e-08
2.637603768 4.753335893150228e-09
2.6389549999999997 2.8706407501781166e-07
2.640306231 1.8558900100193027e-06
2.641657463 3.0037659498699663e-06
2.643008694 3.034663593656354e-06
2.6443599250000003 4.1942103709866025e-06
2.645711157 3.2792273759929947e-06
2.6470623879999997 1.9707806175997173e-06
2.64841362 4.530463438735813e-06
2.649764851 1.688708483023354e-06
2.651116083 2.354728544345814e-06
2.652467314 5.699059716098078e-06
2.653818546 7.078195221084444e-06
2.6551697770000002 1.9789852628326598e-06
2.6565210080000004 4.164434201792998e-06
2.65787224 1.1964581523942262e-05
2.659223471 1.5179554550855697e-05
2.6605747030000004 1.3541700558104247e-05
2.6619259339999997 1.5399322512479484e-05
2.663277166 2.2081226827031303e-05
2.664628397 2.096221469713471e-05
2.6659796289999997 2.555636635775014e-05
2.66733086 2.6990972547443763e-05
2.668682091 2.588911498035844e-05
2.670033323 3.1963583708852336e-05
2.6713845540000003 3.2281855770049535e-05
2.672735786 3.2086688610040535e-05
2.6740870169999997 3.5949015722075007e-05
2.675438249 4.1199008612834434e-05
2.67678948 4.135767531491991e-05
2.678140711 4.794129830304673e-05
2.679491943 5.0668024676566193e-05
2.680843174 4.627055608599546e-05
2.6821944060000003 5.147069664770181e-05
2.6835456370000004 5.78146240511269e-05
2.684896869 6.696282893171976e-05
2.6862481 6.65624365615941e-05
2.6875993319999996 7.267384860058246e-05
2.6889505629999997 7.630111226951342e-05
2.690301794 8.123094081186107e-05
2.691653026 8.507909589243789e-05
2.693004257 9.392346611594543e-05
2.694355489 9.882482067373737e-05
2.69570672 0.0001027814628279994
2.697057952 0.00010399619256247386
2.6984091830000003 0.00010768095899982634
2.699760414 0.00011555957639288528
2.7011116459999998 0.00012592055068561556
2.702462877 0.00013047690373943108
2.703814109 0.00013295196317571615
2.70516534 0.00014498903393462818
2.706516572 0.0001492375443921044
2.707867803 0.0001531137179740928
2.7092190350000003 0.00016147946824964177
2.7105702660000004 0.00016641045952484727
2.7119214969999996 0.00017671928385362118
2.713272729 0.00018781550558706159
2.71462396 0.00019488199965427927
2.7159751919999997 0.0001993939310578061
2.717326423 0.00021147258125690587
2.718677655 0.00022303118975210883
2.720028886 0.0002336735979940916
2.7213801170000003 0.00024845865292487005
2.722731349 0.0002626186685155295
2.7240825799999997 0.00027579569544909725
2.7254338120000003 0.0002899974010885181
2.726785043 0.00030829546896894434
2.7281362749999998 0.0003254829379306987
2.729487506 0.0003469932168919956
2.730838738 0.0003712666568124413
2.732189969 0.00040100367578880765
2.7335412000000003 0.00042730150241810223
2.734892432 0.0004554225301275163
2.736243663 0.0004948121708971057
2.737594895 0.0005270346150570933
2.7389461259999996 0.0005688147603484651
2.740297358 0.000620294574591248
2.741648589 0.0006743155672776468
2.7429998209999997 0.0007348870629024263
2.744351052 0.0007970073724354422
2.745702283 0.0008691336794180244
2.747053515 0.0009501434858500319
2.7484047460000003 0.0010386859904365049
2.749755978 0.00113115203653938
2.7511072089999997 0.0012355975512860558
2.7524584410000004 0.001347316310503987
2.753809672 0.001463689608672645
2.755160903 0.0015995194496208195
2.756512135 0.0017421120478697746
2.757863366 0.0018978711504154366
2.7592145980000002 0.0020647805440359946
2.760565829 0.002244559084427064
2.761917061 0.0024369939392776385
2.7632682920000002 0.002649738505950661
2.764619524 0.0028757445551572114
2.7659707549999997 0.0031193843558299395
2.767321986 0.003375745973003249
2.768673218 0.0036529827924169688
2.770024449 0.003945183355056215
2.771375681 0.004256932474314325
2.772726912 0.0045904929299656165
2.774078144 0.004938900647226697
2.7754293750000003 0.005309651768578623
2.776780606 0.005717143105421079
2.7781318379999997 0.006152136552228985
2.779483069 0.006620557542325917
2.780834301 0.007114323234640321
2.782185532 0.007650554120254867
2.783536764 0.00822962675004518
2.784887995 0.008861606429428777
2.786239227 0.009536443380349851
2.787590458 0.010290414850407973
2.788941689 0.011112773694088869
2.7902929210000003 0.012010886620080378
2.791644152 0.012998125896707024
2.7929953839999997 0.014096233991675802
2.794346615 0.015309002249692998
2.795697847 0.016647208808276318
2.797049078 0.01814189228277076
2.7984003090000003 0.019824143814588913
2.799751541 0.021696450715269884
2.801102772 0.02378085575280847
2.8024540040000003 0.026119035582464523
2.803805235 0.028740637882900363
2.8051564669999998 0.03164371924535713
2.806507698 0.03494573426716678
2.80785893 0.03866392719612684
2.8092101609999998 0.04283405781289815
2.810561392 0.04748376394914796
2.811912624 0.052747745652794754
2.813263855 0.058649961158946225
2.814615087 0.06522073724760054
2.8159663179999996 0.07257483492887896
2.8173175500000003 0.0807821145003329
2.818668781 0.0899582565977878
2.8200200129999997 0.09993324898573407
2.821371244 0.11092537260327158
2.822722475 0.12289040959425795
2.824073707 0.13580886467385342
2.8254249380000003 0.14965160533394778
2.82677617 0.16431372861885307
2.828127401 0.1796731137174801
2.8294786330000004 0.19558673102083002
2.830829864 0.21185880984640984
2.8321810949999997 0.228233596565238
2.833532327 0.244516661940775
2.834883558 0.26051096568401216
2.83623479 0.27595886298868055
2.837586021 0.29045030570855224
2.838937253 0.30435278984460024
2.8402884840000002 0.3174356665397511
2.841639716 0.3297121401812943
2.8429909469999997 0.3406244303190891
2.8443421779999998 0.3505282435871165
2.84569341 0.35946653399359846
2.847044641 0.367451770631363
2.848395873 0.3744864191934383
2.849747104 0.38073026764468043
2.851098336 0.3859999433506245
2.8524495670000003 0.39052583285074766
2.8538007980000004 0.39441942875475056
2.85515203 0.39774922056683104
2.856503261 0.4005853012017113
2.8578544929999996 0.40291640569286624
2.8592057239999997 0.404859566735911
2.860556956 0.40623518310118717
2.861908187 0.4073943601722961
2.863259419 0.40847395835992034
2.86461065 0.4095764950374173
2.865961881 0.41035559511989106
2.8673131130000002 0.4107484989307627
2.868664344 0.4109927842203815
2.8700155759999997 0.41110579812017983
2.871366807 0.4111383258225188
2.872718039 0.41108546177662436
2.87406927 0.41095205296955967
2.8754205010000002 0.4107670963576712
2.876771733 0.41055621368720074
2.878122964 0.41032147579841133
2.8794741960000003 0.41008800991609823
2.8808254270000004 0.40984268769433263
2.882176659 0.4096120773219108
2.88352789 0.40939491192361077
2.8848791219999996 0.40919549512840253
2.8862303529999997 0.40855011295485266
2.887581584 0.4084152085850582
2.888932816 0.40831367694809045
2.890284047 0.4082544467733139
2.891635279 0.40831421923690364
2.89298651 0.4088571580978069
2.8943377420000003 0.40896589991924825
2.895688973 0.40909175586309254
2.8970402049999997 0.40921898964037606
2.898391436 0.4093441858634597
2.899742667 0.40945889128301755
2.901093899 0.40948552724147563
2.9024451300000003 0.40948934597621384
2.903796362 0.40947139847011477
2.905147593 0.40944454900849464
2.9064988250000003 0.4093892908571938
2.907850056 0.409299816668224
2.9092012869999997 0.4091838577576536
2.910552519 0.4088096032347479
2.91190375 0.4085206121641326
2.9132549819999998 0.40840438381426997
2.914606213 0.40827195486906254
2.915957445 0.4081233979122061
2.917308676 0.4079397111277102
2.918659908 0.40774808720329814
2.920011139 0.40754061978693357
2.9213623699999998 0.40715585481127464
2.922713602 0.40674826215167326
2.924064833 0.40631959572994325
2.925416065 0.40587687716198895
2.926767296 0.40577062764151267
2.928118528 0.4054154577863385
2.9294697590000003 0.4049434867296391
2.93082099 0.4043984523480807
2.932172222 0.40378277566855825
2.933523453 0.40316049936396126
2.934874685 0.4025247939850896
2.9362259159999997 0.40188441554015686
2.937577148 0.4009606039041499
2.938928379 0.40010108658040466
2.940279611 0.39946060302920156
2.941630842 0.39885087468649916
2.942982073 0.3982415291669103
2.9443333050000002 0.3981038862149121
2.9456845360000004 0.3974807523944349
2.947035768 0.3968662674222939
2.948386999 0.3962472390992278
2.949738231 0.39562615314649996
2.951089462 0.3952847387549393
2.952440694 0.39451315371594237
2.953791925 0.3937508255087555
2.955143156 0.3930077232266665
2.956494388 0.39227639394733693
2.957845619 0.3915690494583305
2.959196851 0.3908854107053602
2.960548082 0.39022351907964253
2.9618993139999996 0.38959095328384097
2.9632505449999997 0.38899156345213215
2.964601776 0.3884264296903585
2.965953008 0.38789680696088646
2.967304239 0.3874207111137433
2.968655471 0.3869667332503612
2.970006702 0.3865528099162613
2.9713579340000003 0.38620788821046736
2.9727091650000004 0.385903810345337
2.974060397 0.3856495037001749
2.975411628 0.3857986095914514
2.976762859 0.3861423207086184
2.978114091 0.38597288424491755
2.979465322 0.385836801894064
2.980816554 0.38558535632350593
2.982167785 0.3852703183822343
2.983519017 0.3849736174231922
2.984870248 0.38469066427194787
2.9862214789999997 0.3844086742482925
2.987572711 0.3841249484538038
2.988923942 0.38421750529233295
2.9902751739999998 0.38399975493747246
2.991626405 0.38388146073265467
2.992977637 0.3837436058024232
2.994328868 0.3835875636415675
2.9956801 0.38339941307851666
2.997031331 0.38320317710536345
2.9983825619999998 0.3829759013777496
2.9997337940000004 0.3827238105414414
3.001085025 0.38224913157553053
3.002436257 0.3820273575777317
3.003787488 0.3814205106024639
3.0051387199999997 0.38077594928362396
3.006489951 0.3803285608265652
3.007841182 0.3798566076229002
3.009192414 0.3791270896889762
3.0105436450000003 0.3784902769452898
3.011894877 0.3780267989777913
3.0132461079999997 0.37753858758928976
3.01459734 0.37703329023088933
3.015948571 0.3765152186634986
3.017299803 0.37599415869666863
3.018651034 0.37545868121635634
3.020002265 0.3749105594761774
3.021353497 0.3741681347508226
3.0227047280000003 0.3734272085137174
3.02405596 0.3726791175843396
3.0254071909999998 0.371924235934737
3.0267584230000004 0.3711606634504475
3.0281096539999997 0.37038680418283293
3.029460886 0.36961666649564134
3.030812117 0.3690610007677007
3.032163348 0.36864853829311345
3.03351458 0.3682231210339768
3.034865811 0.3677877178055152
3.036217043 0.36743268218470504
3.0375682740000003 0.3673169977534518
3.038919506 0.36683705630205893
3.0402707369999997 0.36639554702495525
3.041621968 0.36613163179075964
3.0429732 0.36585493042144823
3.044324431 0.36555902184577205
3.045675663 0.36524509993339715
3.047026894 0.36491039636402506
3.0483781260000002 0.36470618703649976
3.0497293570000004 0.3645841598287472
3.051080589 0.36409369366509436
3.05243182 0.3635636808404061
3.053783051 0.3630335195090276
3.0551342829999997 0.3624977620851921
3.056485514 0.3619510437165923
3.057836746 0.3614123426559658
3.059187977 0.36087785054087257
3.060539209 0.3605271925665863
3.06189044 0.36043702131155264
3.063241671 0.36037146028536
3.0645929030000003 0.3603281277123141
3.065944134 0.36071775109834436
3.0672953659999997 0.3607419513960476
3.068646597 0.36103105420448234
3.069997829 0.3612327501946681
3.07134906 0.361077234627561
3.072700292 0.3609412721148146
3.074051523 0.3608356759410682
3.075402754 0.36076199519577945
3.0767539860000004 0.3607186345035968
3.0781052169999996 0.36070098337279816
3.079456449 0.3607148346470453
3.08080768 0.36096895289191894
3.0821589119999997 0.3613802899571995
3.083510143 0.36179758362184433
3.084861374 0.3622371068272648
3.086212606 0.36268150618318373
3.0875638370000003 0.3631201014294227
3.088915069 0.36355240523982896
3.0902662999999997 0.3640007942286529
3.0916175320000003 0.36453186177221186
3.092968763 0.3650452669386042
3.0943199949999998 0.36598407303546043
3.095671226 0.3664666199472322
3.097022457 0.36692750181238637
3.098373689 0.3673623962284998
3.0997249200000003 0.36778279066088737
3.101076152 0.3680325464464053
3.102427383 0.3682321425366501
3.103778615 0.36842673805824233
3.1051298459999996 0.36861973980518203
3.106481078 0.3688152236483086
3.107832309 0.369021625518941
3.10918354 0.36922470883161274
3.110534772 0.36948425129373313
3.111886003 0.36983308615756116
3.113237235 0.37019169010060565
3.1145884660000003 0.3705498590228741
3.115939698 0.3709014432862731
3.1172909289999997 0.37123911902422185
3.11864216 0.37152690764796353
3.119993392 0.37172782439771324
3.121344623 0.3725714703823149
3.122695855 0.37279575656292047
3.124047086 0.3728326809571767
3.1253983180000002 0.37257341356123674
3.126749549 0.3719755603245472
3.128100781 0.3709288773904337
3.1294520120000002 0.3693426294676657
3.130803243 0.367099792959319
3.1321544749999997 0.3640050651018943
3.133505706 0.3601715826149489
3.134856938 0.35537983221489383
3.136208169 0.34966288312609034
3.137559401 0.3429342916359174
3.138910632 0.3351167380589091
3.140261863 0.3263641836045706
3.1416130950000003 0.31652666817322955
3.142964326 0.30583370434712615
3.1443155579999997 0.2942102423856681
3.145666789 0.28185180885062844
3.147018021 0.2689052195527513
3.148369252 0.2557142191017926
3.149720484 0.24200075790016803
3.151071715 0.22806640744079318
3.152422946 0.21421525564859753
3.153774178 0.20055542019655137
3.155125409 0.1871952149719272
3.1564766410000002 0.17431024975828638
3.157827872 0.1619119282986252
3.1591791039999997 0.15013433951416674
3.160530335 0.1389907145978576
3.161881566 0.12850995492853529
3.163232798 0.11873193333807273
3.1645840290000002 0.10963152299791337
3.165935261 0.1012096373262407
3.167286492 0.09343723470141202
3.1686377240000003 0.08628202287833134
3.169988955 0.0797012108883536
3.1713401869999998 0.07371729081367073
3.172691418 0.06828863460590166
3.174042649 0.06329065543689309
3.1753938809999998 0.05869856867627236
3.176745112 0.05449643668729761
3.178096344 0.050659727393538134
3.179447575 0.04714611697570508
3.180798807 0.04391988657784771
3.182150038 0.040966319665330396
3.1835012700000003 0.03826240210755203
3.184852501 0.03578624062890776
3.186203732 0.033514224115589866
3.187554964 0.031429335127425136
3.188906195 0.029516410953486005
3.190257427 0.027751956978103426
3.1916086580000003 0.02613062627127252
3.19295989 0.024639967620871908
3.194311121 0.023259544123788823
3.195662352 0.021986310714676802
3.197013584 0.020810306002805305
3.1983648149999997 0.019738280110606916
3.199716047 0.0187197286192684
3.201067278 0.017771431608759183
3.2024185099999998 0.01688909217021956
3.203769741 0.01607093630657687
3.205120973 0.015307068491498968
3.206472204 0.014588448206044994
3.207823435 0.01391272735337382
3.209174667 0.013279099669517784
3.2105258979999998 0.012688494921651252
3.21187713 0.012130594766531569
3.213228361 0.011586423641470767
3.214579593 0.01109103755930822
3.215930824 0.010624027923584764
3.217282055 0.010178088865497011
3.2186332870000003 0.00975135369408151
3.2199845180000004 0.009343445306244026
3.22133575 0.008956319805367777
3.222686981 0.00858595931580108
3.2240382129999996 0.008225747708377999
3.2253894439999997 0.007885322126304965
3.226740676 0.007563679939150808
3.228091907 0.007255425518526907
3.229443138 0.0069597483412663
3.23079437 0.006668563918577859
3.232145601 0.006384273197806568
3.2334968330000002 0.00610993450168831
3.234848064 0.005842326969919391
3.2361992959999997 0.005582068342629139
3.237550527 0.005328388098525645
3.238901759 0.005083139740768932
3.24025299 0.004848071706567571
3.2416042210000002 0.004620238765722934
3.242955453 0.004399448038026611
3.244306684 0.004184487829982748
3.2456579160000003 0.003976830960153179
3.2470091470000004 0.0037763780105786577
3.248360379 0.00358071444815085
3.24971161 0.0033870265735761853
3.251062841 0.0032002040381986984
3.2524140729999997 0.0030225704608973837
3.253765304 0.0028540008491317126
3.255116536 0.0026940599844150555
3.256467767 0.0025386595985104525
3.257818999 0.0023858924681842445
3.25917023 0.0022389989192130406
3.2605214620000003 0.0020988503271502407
3.261872693 0.0019676169265848854
3.263223924 0.0018451287525540437
3.264575156 0.0017255968155680595
3.265926387 0.0016081735468657834
3.267277619 0.0015006062040373172
3.2686288500000003 0.0014009568777128808
3.269980082 0.0013048058993996926
3.271331313 0.001214258411176328
3.272682544 0.001129937602127677
3.274033776 0.0010489044351657925
3.2753850069999997 0.0009713236381120744
3.276736239 0.0009020323451445326
3.27808747 0.0008359271726935122
3.2794387019999998 0.0007717672043946641
3.280789933 0.0007141978944104634
3.282141165 0.0006609713084854606
3.283492396 0.0006096636424498944
3.2848436270000003 0.0005614668137841287
3.286194859 0.00051920752003712
3.2875460899999998 0.00048087834806349156
3.288897322 0.00044172718564289146
3.290248553 0.00040490177409366053
3.291599785 0.0003691958224559989
3.292951016 0.00033597619872327816
3.294302247 0.00030848894127876147
3.2956534790000003 0.00028428661872741015
3.29700471 0.0002619292193547282
3.298355942 0.00024108430752283288
3.299707173 0.000220380318244191
3.301058405 0.00019896007653215123
3.3024096359999997 0.0001808146990224926
3.303760868 0.00016692762652107583
3.305112099 0.0001537558549488019
3.30646333 0.000137643432224448
3.307814562 0.00012004582476499002
3.309165793 0.00010859714702430659
3.3105170250000002 0.00010046450414716492
3.3118682560000003 8.879953368354633e-05
3.313219488 7.519894806001253e-05
3.3145707189999998 6.585859509094848e-05
3.315921951 6.014207427054832e-05
3.317273182 5.396070320996832e-05
3.318624413 5.067457675193366e-05
3.319975645 4.9043939483331026e-05
3.321326876 4.623910607294342e-05
3.322678108 4.254693279690747e-05
3.324029339 3.9667722967053884e-05
3.325380571 3.8739390826248713e-05
3.326731802 3.8397313133847335e-05
3.328083033 3.4829239958793797e-05
3.3294342649999997 3.157578413334445e-05
3.330785496 3.0027569221240705e-05
3.332136728 2.797848852593994e-05
3.333487959 2.446802801370263e-05
3.334839191 2.2352922215100528e-05
3.336190422 2.4087546068371122e-05
3.3375416540000002 2.459914542486739e-05
3.3388928850000004 2.3201308198634372e-05
3.340244116 2.0700401706184004e-05
3.341595348 1.7973331569519998e-05
3.342946579 1.686725254609224e-05
3.344297811 1.7479134195533022e-05
3.345649042 1.87943927449646e-05
3.347000274 1.5902218857444694e-05
3.348351505 1.5463388373650305e-05
3.3497027360000002 1.6640284605202588e-05
3.351053968 1.5205439039957885e-05
3.3524051989999997 1.6094861826932948e-05
3.353756431 1.4035640083780103e-05
3.355107662 1.228373764797896e-05
3.3564588939999997 1.3651579247911638e-05
3.357810125 1.379109056514977e-05
3.359161357 1.406671866647176e-05
3.360512588 1.4484168964739427e-05
3.3618638190000003 1.4414729982918816e-05
3.363215051 1.3667464204461708e-05
3.3645662819999997 1.1822326696548315e-05
3.3659175140000004 1.2819054285875744e-05
3.367268745 1.4985314932232617e-05
3.368619977 1.2321108713476832e-05
3.369971208 9.910727390253045e-06
3.371322439 1.0964060360974633e-05
3.372673671 1.236956667424867e-05
3.374024902 1.3578661487076136e-05
3.375376134 1.1521823243313018e-05
3.3767273650000003 1.0737285405977396e-05
3.378078597 1.1802804612756271e-05
3.3794298279999997 1.1347069357530537e-05
3.38078106 1.2573182830345786e-05
3.382132291 1.3849477617408423e-05
3.383483522 1.4551607894775033e-05
3.384834754 1.3765923090664275e-05
3.386185985 1.4116273453153057e-05
3.387537217 9.451693074583073e-06
3.3888884480000003 6.845438749422147e-06
3.39023968 1.0226418315963774e-05
3.3915909109999998 1.634901116770199e-05
3.3929421430000004 1.821069896093639e-05
3.3942933739999996 1.8931482361054933e-05
3.3956446049999998 1.989269698899093e-05
3.396995837 1.9966565917180256e-05
3.398347068 2.0397023758222672e-05
3.3996983 1.9857984603089323e-05
3.401049531 1.9385706280741423e-05
3.402400763 2.287789025190328e-05
3.4037519940000003 2.5060323053508715e-05
3.405103225 2.3637682777005667e-05
3.4064544569999997 2.2659261751727157e-05
3.407805688 2.0820870677908322e-05
3.40915692 1.9480874851906078e-05
3.410508151 1.938132480100785e-05
3.411859383 2.0372372791459626e-05
3.413210614 2.274658716107026e-05
3.4145618460000002 2.3729598527010884e-05
3.4159130770000004 2.2352458536981255e-05
3.4172643079999996 2.090038875701386e-05
3.41861554 2.2349335108236362e-05
3.419966771 2.5031171858143945e-05
3.4213180029999997 2.456353866056352e-05
3.422669234 2.1887392351785998e-05
3.424020466 2.229156958750432e-05
3.425371697 2.5752147020051952e-05
3.4267229280000002 2.616454454123621e-05
3.42807416 2.5544725775809753e-05
3.429425391 2.3941517982070217e-05
3.4307766230000003 2.1975183718571388e-05
3.432127854 2.3715815043737998e-05
3.4334790859999997 2.6879976748244536e-05
3.434830317 3.0250948100801095e-05
3.436181549 3.391372462503041e-05
3.43753278 3.379996256058458e-05
3.4388840110000003 3.0967141539292267e-05
3.440235243 2.9101574276992196e-05
3.441586474 2.863367072559925e-05
3.4429377060000004 2.7003846357877024e-05
3.4442889369999996 2.7044148340979732e-05
3.445640169 2.8653152866817927e-05
3.4469914 3.0408148844947575e-05
3.448342631 3.3393422116655205e-05
3.449693863 3.536835544231242e-05
3.451045094 3.4798772174361874e-05
3.452396326 3.182329898387864e-05
3.4537475570000002 3.10422873159817e-05
3.455098789 3.46604774280135e-05
3.45645002 3.640571876370337e-05
3.4578012520000003 3.7299422117035536e-05
3.459152483 3.7046269972232995e-05
3.460503714 3.431379871005104e-05
3.461854946 3.0725249988976055e-05
3.463206177 2.608057610123261e-05
3.464557409 2.2651348218638237e-05
3.4659086400000003 2.1701474450811342e-05
3.467259872 2.3378063504484256e-05
3.468611103 2.472459801751619e-05
3.469962335 2.2681371091411274e-05
3.4713135659999996 2.2310097965808048e-05
3.4726647969999997 2.2906602102340622e-05
3.474016029 2.2171056013987944e-05
3.47536726 2.167991134558653e-05
3.476718492 2.1788044223381622e-05
3.478069723 2.0039402875241024e-05
3.479420955 1.757162823017597e-05
3.4807721860000003 1.8856175513564034e-05
3.482123417 2.349489238142415e-05
3.483474649 2.527073077085185e-05
3.48482588 2.5159242675346954e-05
3.486177112 2.431383825075076e-05
3.487528343 2.3615354564001847e-05
3.488879575 2.5410517313105e-05
3.490230806 2.7523830309891145e-05
3.491582038 2.7510859911704108e-05
3.492933269 2.323824416277675e-05
3.4942845 2.0319059006784095e-05
3.495635732 2.0852858415377585e-05
3.496986963 1.9918663597836323e-05
3.4983381949999997 2.0145854960458137e-05
3.4996894259999998 1.9405780233975178e-05
3.501040658 1.683303481868267e-05
3.502391889 1.7073367912595142e-05
3.50374312 1.686751862885055e-05
3.505094352 1.4685783536296367e-05
3.506445583 1.2224468961948212e-05
3.5077968150000003 1.0533075169614916e-05
3.509148046 1.1149763186206212e-05
3.5104992779999997 1.3302903706836798e-05
3.511850509 1.3423033771461603e-05
3.513201741 9.825678834297171e-06
3.514552972 5.317144560611251e-06
3.515904203 3.964679878342653e-06
3.517255435 2.215747696708929e-06
3.518606666 2.2521142203634363e-06
3.519957898 3.074861873756995e-06
3.521309129 3.2924627381643748e-06
3.5226603610000002 3.0549357709172652e-06
3.524011592 2.4935817222576887e-06
3.5253628239999997 1.4428020448999689e-06
3.526714055 1.3886059255714342e-06
3.528065286 3.10243226375554e-06
3.529416518 5.334805496267123e-06
3.5307677490000002 3.741844671274931e-06
3.532118981 2.1244994500522256e-06
3.533470212 1.965134032559926e-06
3.5348214440000003 3.6881186141631583e-06
3.536172675 3.205487442211907e-06
3.537523906 2.331487572223199e-06
3.538875138 1.7513795014255307e-06
3.540226369 1.8800100363986209e-06
3.5415776009999997 2.544953933997214e-06
3.542928832 1.5179960260076181e-06
3.544280064 3.3885266075594367e-07
3.545631295 4.042828673064802e-07
3.546982527 1.9891827426621496e-06
3.548333758 7.458484160940461e-06
3.5496849889999997 9.154022370602879e-06
3.551036221 8.124558230578865e-06
3.552387452 5.179283562814206e-06
3.553738684 3.618718614516741e-06
3.555089915 4.986108806930106e-06
3.556441147 7.09149980022021e-06
3.5577923780000003 7.615236567419934e-06
3.5591436090000004 7.36901438754659e-06
3.560494841 7.43412198077517e-06
3.561846072 8.247613812421432e-06
3.563197304 1.006036025417493e-05
3.5645485349999997 9.522725994170303e-06
3.565899767 9.320679381071468e-06
3.567250998 1.3140540744767271e-05
3.5686022299999998 1.435215840104112e-05
3.569953461 1.291074524694174e-05
3.571304692 1.4037246561341927e-05
3.572655924 1.3552435225192523e-05
3.574007155 1.2546752853568327e-05
3.575358387 1.2572983720648098e-05
3.5767096179999998 1.3076831587136496e-05
3.57806085 1.3275106312328865e-05
3.579412081 1.3179571451831087e-05
3.580763312 1.2036141926605355e-05
3.582114544 1.4233877174369348e-05
3.583465775 1.6565138341461887e-05
3.5848170070000003 1.7677609322691522e-05
3.5861682380000004 1.703407318053187e-05
3.58751947 1.5256559128903922e-05
3.588870701 1.3753510317095729e-05
3.5902219329999996 1.3649602334963503e-05
3.5915731639999997 1.4816643207267045e-05
3.592924395 1.861164656285905e-05
3.594275627 2.000700439332544e-05
3.595626858 2.078733138689665e-05
3.59697809 2.2166195515209397e-05
3.598329321 1.952057295421063e-05
3.5996805530000002 1.699480723892692e-05
3.601031784 1.7574152352955933e-05
3.602383016 1.7660077352005274e-05
3.603734247 1.6189332065024526e-05
3.605085478 1.3408033708437704e-05
3.60643671 1.1189572247681835e-05
3.607787941 1.1593722565463975e-05
3.609139173 1.3608444947556195e-05
3.610490404 1.7406470430098795e-05
3.6118416360000003 2.1432835716740213e-05
3.6131928670000004 2.1308756069486624e-05
3.6145440979999997 2.1188558027164788e-05
3.61589533 2.113592928966312e-05
3.617246561 2.0493529880161197e-05
3.6185977929999997 2.2097548436594813e-05
3.619949024 2.3424033513401657e-05
3.621300256 2.1400906219216247e-05
3.622651487 2.0461156390368e-05
3.624002719 2.15083837253374e-05
3.62535395 2.1582598824059496e-05
3.6267051809999997 2.1969497219659423e-05
3.628056413 2.6123338218435525e-05
3.629407644 3.0532550456618294e-05
3.630758876 3.188894249208176e-05
3.632110107 3.265982027858712e-05
3.633461339 3.19621786462446e-05
3.6348125700000002 3.0009403789346042e-05
3.6361638010000004 2.993798346337922e-05
3.637515033 2.9588723976585057e-05
3.638866264 2.9030089018911323e-05
3.640217496 3.078137436118513e-05
3.6415687269999997 3.105997606962962e-05
3.642919959 2.938973257150527e-05
3.64427119 3.0262860374696373e-05
3.6456224219999998 3.2757969134547635e-05
3.646973653 3.35757077216159e-05
3.648324884 3.1486164094851236e-05
3.649676116 2.8044632464439966e-05
3.6510273470000003 2.6406279009427633e-05
3.652378579 2.6220370320766795e-05
3.6537298099999997 2.8488893372112163e-05
3.655081042 3.250986254323074e-05
3.656432273 3.2521160827003925e-05
3.657783504 3.1239746957029185e-05
3.659134736 3.338426450857459e-05
3.660485967 3.552807054184611e-05
3.6618371990000003 3.644392534501148e-05
3.66318843 3.801998950642864e-05
3.664539662 4.0176428887527573e-05
3.665890893 4.220677624451067e-05
3.667242125 4.2769020587972824e-05
3.6685933559999997 4.233098540956843e-05
3.669944587 4.239841501666199e-05
3.671295819 4.235417265065298e-05
3.67264705 4.3386229082792396e-05
3.673998282 4.4930535407631775e-05
3.675349513 4.372575632814463e-05
3.676700745 4.089333712774751e-05
3.6780519760000003 3.9602225157556294e-05
3.679403208 3.8718768163692334e-05
3.6807544389999998 3.701234035085067e-05
3.68210567 3.500265801732971e-05
3.683456902 3.652203290412645e-05
3.684808133 4.139120745920977e-05
3.686159365 4.204518462159514e-05
3.687510596 4.0527411612531995e-05
3.688861828 4.160594247257062e-05
3.690213059 4.005469116087936e-05
3.6915642899999996 3.6833592765502805e-05
3.692915522 3.819959919241931e-05
3.694266753 4.317528165230708e-05
3.6956179849999997 4.8576102162591447e-05
3.696969216 5.057865646444017e-05
3.698320448 4.6611667447778366e-05
3.699671679 4.168803151369715e-05
3.701022911 3.887189173726472e-05
3.702374142 3.7488965426653244e-05
3.703725373 3.944759905986413e-05
3.7050766050000004 4.3675490306229886e-05
3.706427836 4.560470734093013e-05
3.707779068 4.4879226853909594e-05
3.709130299 4.309659530772188e-05
3.710481531 4.162970654306706e-05
3.711832762 4.046572001575274e-05
3.713183993 3.8659600661631765e-05
3.714535225 3.677983615656012e-05
3.7158864560000002 3.5018555817554555e-05
3.717237688 3.327424684056925e-05
3.7185889189999997 3.3936534847030314e-05
3.719940151 3.6942082505767456e-05
3.721291382 3.9381867675533834e-05
3.7226426139999997 4.087906040298512e-05
3.723993845 3.870040809163366e-05
3.725345076 3.384910141159189e-05
3.726696308 3.3777348871550354e-05
3.7280475390000003 3.8702086434294316e-05
3.729398771 4.304013884817043e-05
3.730750002 4.4730164598336866e-05
3.7321012340000004 4.4754291055800547e-05
3.733452465 4.4128445081415735e-05
3.7348036959999997 4.448121185102116e-05
3.736154928 4.47245889716447e-05
3.737506159 4.4190538686954454e-05
3.738857391 4.368439421717242e-05
3.740208622 4.3358878357104106e-05
3.741559854 4.4049554678198464e-05
3.7429110850000002 4.379146384901343e-05
3.744262317 4.122219459730062e-05
3.7456135479999997 4.004951430608753e-05
3.746964779 4.157032017539942e-05
3.748316011 4.294935506292891e-05
3.749667242 4.3122907902256506e-05
3.751018474 4.2111610770611974e-05
3.752369705 4.0794186798005926e-05
3.753720937 4.0862995391176774e-05
3.7550721680000003 4.09707543436326e-05
3.7564234 3.999358343343002e-05
3.757774631 3.934048588846528e-05
3.759125862 3.853090709622817e-05
3.7604770939999996 3.691102523979349e-05
3.7618283249999998 3.555161365084288e-05
3.763179557 3.4583859859931735e-05
3.764530788 3.359574221446591e-05
3.76588202 3.2581148891288864e-05
3.767233251 3.105113357036398e-05
3.768584482 3.068338400373926e-05
3.7699357140000003 3.2898766608452014e-05
3.771286945 3.4089776653786515e-05
3.7726381769999997 3.156475801002887e-05
3.773989408 2.89320779999147e-05
3.77534064 2.8517441647933917e-05
3.776691871 2.9058376643183075e-05
3.778043103 2.8907144651076547e-05
3.779394334 2.9047482231060935e-05
3.780745565 3.117621997207202e-05
3.7820967970000003 3.322993455260817e-05
3.7834480279999996 3.159415497089039e-05
3.7847992599999998 2.9047181707659368e-05
3.786150491 2.979509446328673e-05
3.7875017229999997 3.133852696583666e-05
3.7888529539999998 3.098522586930505e-05
3.790204185 3.093720722830153e-05
3.791555417 3.2147027135777216e-05
3.792906648 3.2566162733536884e-05
3.79425788 3.2515457820881686e-05
3.795609111 3.2406781387985465e-05
3.7969603430000003 3.3726413343751617e-05
3.798311574 3.380630637084494e-05
3.7996628059999997 3.229088624895855e-05
3.801014037 3.1437460720543575e-05
3.802365268 3.0827416497816746e-05
3.8037165 3.1347913197452034e-05
3.8050677310000003 3.392849959227303e-05
3.806418963 3.321963591902316e-05
3.807770194 2.8972420666221346e-05
3.8091214260000004 2.8874497533286653e-05
3.8104726569999996 3.313656917034492e-05
3.811823889 3.62410019341338e-05
3.81317512 3.537451837128434e-05
3.814526351 3.185407377593752e-05
3.815877583 3.021277163552446e-05
3.817228814 3.132500595213969e-05
3.818580046 3.055159057402928e-05
3.8199312770000002 2.6929950394573545e-05
3.821282509 2.598287245669767e-05
3.82263374 2.8304249468890687e-05
3.823984971 2.9154256337294025e-05
3.825336203 2.791863347277548e-05
3.826687434 2.6957915592807727e-05
3.828038666 2.6917797867954837e-05
3.829389897 2.812973562521453e-05
3.830741129 2.821156715105286e-05
3.8320923600000003 2.4576650739133812e-05
3.833443592 2.176328440902432e-05
3.834794823 2.3082730516236783e-05
3.836146054 2.4616249708565968e-05
3.8374972859999996 2.6391654428919034e-05
3.8388485169999997 2.9205237929915488e-05
3.840199749 3.128634387368278e-05
3.84155098 3.324831802496265e-05
3.842902212 3.327304326421297e-05
3.844253443 3.1206258388493286e-05
3.845604674 3.1896155288650876e-05
3.8469559060000003 3.4871426934844254e-05
3.848307137 3.4637264426367996e-05
3.849658369 3.0691117642672454e-05
3.8510096 2.7250432859953107e-05
3.852360832 2.5644218901724713e-05
3.853712063 2.5174414390770585e-05
3.855063295 2.5401413963715018e-05
3.856414526 2.545791510045413e-05
3.857765757 2.55934054637964e-05
3.859116989 2.5704459618799983e-05
3.86046822 2.2793642958336576e-05
3.861819452 1.9603558215159794e-05
3.863170683 2.1599224614316876e-05
3.8645219149999996 2.3888007591497285e-05
3.8658731459999998 2.4273741572049965e-05
3.867224377 2.5510624779424487e-05
3.868575609 2.6938075424620727e-05
3.86992684 2.776727563134613e-05
3.871278072 2.8135704048868228e-05
3.872629303 2.6986752491961434e-05
3.8739805350000003 2.3407677358005753e-05
3.875331766 2.1194226079242018e-05
3.876682998 2.2720827086900344e-05
3.878034229 2.4870836220545737e-05
3.87938546 2.3518656521055972e-05
3.880736692 2.0413005467874745e-05
3.882087923 2.0116260603294083e-05
3.883439155 2.4601009598365783e-05
3.884790386 2.8275511796993525e-05
3.886141618 2.7383312221149385e-05
3.887492849 2.460131493895233e-05
3.8888440810000002 2.271824672532437e-05
3.890195312 2.179937078468086e-05
3.891546543 2.1613193894929583e-05
3.892897775 2.1833886404912858e-05
3.894249006 2.3184849548441988e-05
3.895600238 2.6166379557695003e-05
3.8969514690000002 2.979857627743261e-05
3.898302701 2.9839584279771477e-05
3.899653932 2.5633148600638556e-05
3.9010051629999998 2.331362172697741e-05
3.902356395 2.4496155428707672e-05
3.903707626 2.50945927101281e-05
3.905058858 2.414989859346392e-05
3.906410089 2.3249580600349686e-05
3.9077613209999997 2.3363680622132045e-05
3.909112552 2.4221483102293765e-05
3.910463784 2.504234588274883e-05
3.911815015 2.494484167786085e-05
3.913166246 2.4384713372839756e-05
3.914517478 2.3738054980167905e-05
3.9158687089999997 2.385677347683195e-05
3.917219941 2.638492728843296e-05
3.918571172 3.015648369381866e-05
3.919922404 3.125394613097585e-05
3.921273635 2.8765932428151586e-05
3.922624866 2.509748218546363e-05
3.9239760980000002 2.3146552233694396e-05
3.9253273290000004 2.3715151849496518e-05
3.926678561 2.4320521193480753e-05
3.928029792 2.396097581067021e-05
3.929381024 2.414020198409494e-05
3.9307322549999997 2.528627646692098e-05
3.932083487 2.7326658495547727e-05
3.933434718 2.8052177173835063e-05
3.934785949 2.6726563762734112e-05
3.936137181 2.6034773211102406e-05
3.937488412 2.7868362280870947e-05
3.938839644 2.9760912541415262e-05
3.940190875 2.919130213655674e-05
3.941542107 2.7754970099430012e-05
3.9428933379999997 2.8297427145545334e-05
3.944244569 2.977830382818332e-05
3.945595801 2.9976178597179345e-05
3.946947032 3.0334193708175363e-05
3.948298264 3.0305032216452774e-05
3.949649495 2.938475140153971e-05
3.9510007270000003 2.8676462903139165e-05
3.9523519580000004 2.7981962828587118e-05
3.95370319 2.7032785588427865e-05
3.955054421 2.6517204172399548e-05
3.956405652 2.6552175938914956e-05
3.9577568839999997 2.6391465050434124e-05
3.959108115 2.65585572868993e-05
3.960459347 2.6375755416128713e-05
3.961810578 2.5208008813186376e-05
3.96316181 2.564556219563194e-05
3.964513041 2.7664295831766485e-05
3.965864273 2.82936245555137e-05
3.967215504 2.571931220751397e-05
3.968566735 2.2906178760358066e-05
3.9699179669999998 2.242917413444158e-05
3.971269198 2.321083577869661e-05
3.97262043 2.436764767298297e-05
3.973971661 2.547475240315152e-05
3.975322893 2.6481221491835763e-05
3.976674124 2.7656103839865808e-05
3.978025355 2.8448108805100718e-05
3.9793765870000004 2.7697125341458457e-05
3.9807278179999996 2.723449292640147e-05
3.98207905 3.0662955449515355e-05
3.983430281 3.391658062373166e-05
3.9847815129999997 3.133159338434618e-05
3.986132744 2.820611326089247e-05
3.987483976 2.6417126480790608e-05
3.988835207 2.4715402178455415e-05
3.9901864380000003 2.3571135453325885e-05
3.99153767 2.435909638747612e-05
3.9928889009999997 2.691285368572769e-05
3.994240133 2.7613812585867563e-05
3.995591364 2.6243701841640532e-05
3.996942596 2.5433593113384787e-05
3.998293827 2.551130428983425e-05
3.999645058 2.5513599125267184e-05
4.00099629 2.4432629022361863e-05
4.002347521 2.233244766829301e-05
4.003698753 2.04785443841045e-05
4.005049984 2.039145357915658e-05
4.006401216 2.163369488230413e-05
4.007752447 2.3513396511270835e-05
4.009103679 2.5209667512392768e-05
4.01045491 2.5696656052640374e-05
4.011806141 2.4834686653419562e-05
4.013157373 2.3057431509599855e-05
4.014508604 2.0902430487792512e-05
4.015859836 1.9664941151959223e-05
4.017211067 2.0806666055162982e-05
4.018562299 2.241554244589603e-05
4.01991353 2.362058109995492e-05
4.021264761 2.503508964994931e-05
4.022615993 2.682832233104342e-05
4.023967224 2.7984835605158745e-05
4.025318456 2.7144592353974505e-05
4.026669687 2.374324002519592e-05
4.028020919 1.9018850823563435e-05
4.02937215 1.7757602252350258e-05
4.030723382 1.726836705098472e-05
4.032074613 1.770164828784404e-05
4.033425844 1.9965365748163194e-05
4.034777076 2.1259641435071552e-05
4.036128307 2.1837585330353042e-05
4.037479539 1.952360628152487e-05
4.03883077 1.5854874415641112e-05
4.040182002 1.5654595547220862e-05
4.041533233 1.7247927600255182e-05
4.042884465 1.8744358141352328e-05
4.044235696 1.8971303808568047e-05
4.0455869269999996 1.975334900312213e-05
4.046938159 2.048882417990457e-05
4.04828939 2.0392973489233944e-05
4.049640622 1.924855236034842e-05
4.050991853 1.824504125364641e-05
4.052343085 1.7100994149411853e-05
4.053694316 1.613330592427092e-05
4.055045547 1.5535807005346015e-05
4.056396779 1.587592254755797e-05
4.05774801 1.6017211187925816e-05
4.059099241999999 1.6220982715913514e-05
4.0604504729999995 1.6678063231469023e-05
4.061801705 1.716619772760119e-05
4.063152936 1.6518656969639507e-05
4.064504168 1.4923321686633307e-05
4.065855399 1.458283473947674e-05
4.06720663 1.3055137256000886e-05
4.0685578620000005 1.3024054321022565e-05
4.069909093000001 1.4139606554046313e-05
4.071260325 1.6547991567699662e-05
4.072611556 1.7822039959829868e-05
4.073962788 1.4878412787512375e-05
4.075314019 1.2127056665895486e-05
4.07666525 1.07329521973231e-05
4.078016482 9.311439200405399e-06
4.079367713 9.694292920144169e-06
4.080718945 1.3214718244478996e-05
4.082070176 1.808248695549879e-05
4.083421408 1.8035882512577352e-05
4.084772639 1.5654476264331202e-05
4.086123871 1.2421572560865351e-05
4.087475102 9.651237086974047e-06
4.088826333 8.000175563277325e-06
4.090177565 9.560667021542033e-06
4.091528796 1.1954808209185506e-05
4.092880028 1.3862020585699004e-05
4.094231259 1.5801527054269504e-05
4.095582491 1.8205333901837683e-05
4.096933722 1.9409540945561575e-05
4.098284953 1.638052142776525e-05
4.0996361850000005 1.2794846681780193e-05
4.100987416 1.1198085312788786e-05
4.102338648 1.0823905419249488e-05
4.103689878999999 1.0776082123968812e-05
4.105041110999999 1.0484963159780755e-05
4.106392342 9.945189731880154e-06
4.107743574 1.0974052207505861e-05
4.109094805 1.2372430896470898e-05
4.110446036 1.1248118232915303e-05
4.111797268 7.335059758344527e-06
4.113148499 5.395866242349565e-06
4.1144997309999995 6.242792626752009e-06
4.115850962000001 6.267226464134754e-06
4.117202194000001 5.278780157247465e-06
4.118553425 4.587784721464532e-06
4.119904657 4.895896317696149e-06
4.121255887999999 5.5860382009208765e-06
4.122607119 4.05584431930912e-06
4.123958351000001 2.6223874350797345e-06
4.125309582 2.6795935325832813e-06
4.126660814 3.9524661783011505e-06
4.128012045 6.276276271661264e-06
4.129363277 8.373175903764358e-06
4.130714508 6.797911706478522e-06
4.132065739 5.7509211452103295e-06
4.133416971 6.213961355498097e-06
4.134768202 5.7025621946285706e-06
4.136119434 3.944867536734068e-06
4.1374706649999995 2.7377600966176843e-06
4.138821897 3.0908141746505735e-06
4.140173128000001 3.935792000827548e-06
4.14152436 5.316837649891995e-06
4.142875591 5.75633285955063e-06
4.144226821999999 4.609310306288942e-06
4.145578054 3.5888036568146263e-06
4.146929285000001 3.682415982121181e-06
4.148280517 4.517675773123529e-06
4.149631748 5.55658308421359e-06
4.15098298 5.708716118070825e-06
4.152334211 5.803658010986532e-06
4.153685442 6.143685258001723e-06
4.155036674 6.0610073348769305e-06
4.156387905 5.525432328199987e-06
4.157739136999999 4.918694532399381e-06
4.159090368 4.717002234234941e-06
4.1604416 4.0318756443257185e-06
4.161792831 3.3007145419436592e-06
4.163144063 3.1265461418224923e-06
4.164495294 3.728865515900198e-06
4.165846525 3.939167218600185e-06
4.167197757 1.8795356666245936e-06
4.1685489879999995 4.150990158719189e-08
4.169900220000001 1.9622799606769264e-08
4.171251451 1.1311991379426774e-06
4.172602683 3.454597275681895e-06
4.173953914 4.717489272536373e-06
4.1753051459999995 5.114663354139055e-06
4.1766563770000005 4.73106473966083e-06
4.178007608 4.062715498599987e-06
4.17935884 3.7292415845876184e-06
4.180710071 4.18618932216683e-06
4.182061303 4.002102544889933e-06
4.183412534 2.637806810950054e-06
4.184763766 4.3558052216205225e-07
4.186114997 5.63964951844948e-09
4.187466228 5.414876532342786e-09
4.18881746 5.413801106705115e-09
4.190168691 5.412692813987914e-09
4.1915199229999995 5.411507278299467e-09
4.1928711540000005 5.410298832292472e-09
4.194222386000001 5.415254368593424e-09
4.195573617 6.26837805413183e-08
4.196924849 8.054286747442534e-07
4.198276079999999 7.211198942618302e-07
4.199627311 6.868603288950803e-07
4.200978543 8.99894647131021e-07
4.202329774 4.880650466239171e-07
4.203681006 5.385716864313836e-08
4.205032237 7.71641006681936e-09
4.206383469 7.330043377788252e-07
4.2077347 2.04747630826934e-06
4.209085931 2.4777870070072195e-06
4.210437163 2.1482822908060456e-06
4.211788394 1.6059934032112242e-06
4.213139626 2.116766413377803e-06
4.2144908569999995 3.391097862541556e-06
4.215842089 3.860134917880972e-06
4.217193320000001 2.0017776885828828e-06
4.218544552 3.0522447524033126e-07
4.219895783 8.436337424892282e-09
4.221247013999999 1.3444875748194458e-07
4.2225982459999996 3.114381868704419e-06
4.223949477 5.113753957107364e-06
4.225300709 6.092758726729963e-06
4.22665194 5.5291517794204104e-06
4.228003171999999 4.056081518518022e-06
4.229354403 2.6838131844580526e-06
4.2307056339999995 1.920646019007094e-06
4.232056866 2.688674687874964e-06
4.233408097000001 4.112794221300974e-06
4.234759329 4.890225405974281e-06
4.23611056 4.010171445286627e-06
4.237461792 2.4417662222795596e-06
4.238813023 1.4140700726662325e-06
4.240164255 1.181287001945239e-06
4.241515486 1.3262478787380674e-07
4.242866717 5.371679251456039e-09
4.244217949 5.370728699970351e-09
4.24556918 5.368960200183352e-09
4.246920412000001 5.367191344001763e-09
4.248271643 5.3713390282915244e-09
4.249622875 5.369570090434949e-09
4.250974105999999 7.807155226658091e-08
4.2523253379999995 1.909046127767201e-08
4.2536765690000005 5.363976764271272e-09
4.2550278 5.362107054140807e-09
4.256379032 5.360241633536299e-09
4.257730263 5.3583793994478736e-09
4.259081495 2.655638745411781e-08
4.260432726 8.13517898651417e-07
4.261783958 8.685308998393613e-07
4.263135189 1.2779704451883095e-08
4.26448642 5.31595002820294e-09
4.265837652 5.304135215941943e-09
4.267188883 5.292332892733391e-09
4.2685401149999995 5.2805430608157416e-09
4.2698913460000005 5.268764884890023e-09
4.271242578000001 5.252383611113862e-09
4.272593809 5.235613964178144e-09
4.273945041 5.218859056061818e-09
4.275296271999999 5.202120821062127e-09
4.276647503 2.548157174580681e-08
4.277998735 1.0452693566062238e-06
4.279349966 4.014672610805494e-06
4.280701198 4.566696659931996e-06
4.282052429 7.542161381524324e-07
4.283403661 4.1832720166728084e-08
4.284754892 5.2246360590173476e-09
4.286106123 5.247538511642256e-09
4.287457355 2.8820235826327275e-08
4.288808586 4.6008977292662917e-07
4.290159818 1.6979354805307852e-06
4.2915110489999995 2.001835479298192e-06
4.292862281 3.883755448915521e-08
4.294213512000001 5.317982120164469e-09
4.295564744 5.32191340765182e-09
4.296915975 5.321075091717962e-09
4.298267206 5.3202416928148205e-09
4.299618438 5.319411895181886e-09
4.300969669 5.3179868323339955e-09
4.302320901 5.316330962411798e-09
4.303672132 5.31467791791694e-09
4.305023363999999 5.313027346963266e-09
4.306374595 5.31138023975135e-09
4.3077258259999995 5.3097347484001896e-09
4.309077058 5.3080908227178805e-09
4.310428289000001 5.306435625469685e-09
4.311779521 5.304752482777493e-09
4.313130752 5.303069863112813e-09
4.314481984 5.301387598053889e-09
4.315833215 5.2997045695805236e-09
4.317184447 5.298020844779724e-09
4.318535678 5.2963358853932356e-09
4.319886909 5.294648864813158e-09
4.321238141 5.293104265420006e-09
4.322589372 5.291570009702842e-09
4.323940604000001 5.290032245700092e-09
4.325291835 5.2884908467468915e-09
4.326643067 5.2869450556222055e-09
4.327994297999999 8.414049908341817e-09
4.329345529999999 3.163265486987298e-07
4.3306967610000004 1.4038773445489686e-08
4.332047992 5.280562243755337e-09
4.333399224 5.278890796837151e-09
4.334750455 5.277212253007497e-09
4.336101687 5.27552610641188e-09
4.337452918 5.2738317096886655e-09
4.33880415 5.27212891823e-09
4.340155381 5.270414735819144e-09
4.341506612 1.315319090576688e-07
4.342857844 1.4081757795163155e-06
4.344209075 5.961150975723248e-07
4.3455603069999995 7.735960918341653e-09
4.3469115380000005 5.2673921134658066e-09
4.34826277 5.265563909260895e-09
4.349614001 6.951202408310131e-09
4.350965233 7.851232997247827e-07
4.352316464 3.935382460488062e-06
4.353667695 4.950709798349957e-06
4.355018927 4.311546149151726e-06
4.356370158 3.7738102609330527e-06
4.35772139 4.337146592587838e-06
4.359072621 5.247053688129611e-06
4.360423853 5.724419905596191e-06
4.361775084 4.86623867418221e-06
4.363126315000001 3.6608847765393785e-06
4.364477547000001 2.55519578403038e-06
4.365828778 1.749280456391994e-06
4.36718001 2.134430888185445e-06
4.3685312409999995 2.4956360518658577e-06
4.369882473 2.1964942321692832e-06
4.371233704 8.30083497949618e-07
4.372584936 2.1034242909257095e-08
4.373936167 5.232182562948404e-09
4.375287398 5.2299895974839245e-09
4.37663863 5.227780862547691e-09
4.377989861 4.34712096347274e-08
4.379341093 9.178732926967748e-07
4.380692324 3.3961904706689143e-06
4.382043555999999 3.293163804701381e-06
4.383394787 3.1677097098624055e-06
4.3847460179999995 2.94124100934102e-06
4.38609725 2.507117351133417e-06
4.387448481000001 1.5447875641826027e-06
4.388799713 1.339869542876591e-06
4.390150944 1.615153127679184e-06
4.391502176 1.675170123548431e-06
4.392853407 1.3208031172932393e-06
4.394204639 1.35863009364039e-06
4.39555587 2.4018559268482987e-06
4.396907101 2.8078087544660865e-06
4.398258332999999 2.4308021377731515e-06
4.399609564 2.0100130759495094e-06
4.400960796000001 2.440246476830808e-06
4.402312027 3.0586939514638986e-06
4.403663259 3.483516418438908e-06
4.405014489999999 2.1400501293420547e-06
4.406365721999999 2.9537824200226975e-07
4.407716953 1.9306707911979438e-08
4.409068184 1.0156323311658696e-08
4.410419416 4.1070049534368985e-07
4.411770647 2.811186777313965e-07
4.413121879 1.593541288666683e-06
4.41447311 7.708336095795959e-07
4.415824342 8.809262168263954e-09
4.417175573000001 5.175492430071296e-09
4.418526804 5.173366565950714e-09
4.419878036 5.171232292720461e-09
4.421229266999999 5.169110704319704e-09
4.4225804989999995 4.402183271717721e-08
4.4239317300000005 2.8269732588523116e-06
4.425282962 2.0343176073303147e-06
4.426634193 3.838800460341085e-08
4.427985425 1.4230432626478033e-08
4.429336656 1.0805023694497447e-06
4.430687887 2.540963251125753e-06
4.432039119 4.054993664841852e-06
4.43339035 5.359675699701663e-06
4.434741582 5.240951220300578e-06
4.436092813 3.412101290036928e-06
4.437444045 1.8962485736473043e-06
4.438795276 1.9781126840709297e-06
4.440146507000001 9.881046080597454e-07
4.441497739000001 6.461851929373346e-08
4.44284897 8.84218508163604e-09
4.444200202 6.638873135385172e-07
4.445551432999999 3.449677999783833e-06
4.446902665 5.746061784432593e-06
4.448253896 6.425911839653042e-06
4.449605128 7.814081884135511e-06
4.450956359 9.028672883778196e-06
4.45230759 9.509373135667106e-06
4.453658822 7.856414848453267e-06
4.455010053 6.591446947208454e-06
4.456361285 6.357699129190657e-06
4.457712516 6.765701572814632e-06
4.459063747999999 6.650530913218737e-06
4.460414979 6.040291493419318e-06
4.4617662110000005 5.470525921519995e-06
4.463117442 4.2457219029985975e-06
4.464468673000001 3.7688631757357895e-06
4.465819905 5.046643644200819e-06
4.467171136 6.1825733046448416e-06
4.468522368 5.87626049434828e-06
4.469873599 3.927664642544015e-06
4.471224831000001 3.977521498590656e-06
4.472576062 4.400118470158486e-06
4.473927293 5.121764802338407e-06
4.475278524999999 6.081304886274809e-06
4.476629756 6.904090006114019e-06
4.4779809880000006 6.9897649036919105e-06
4.479332219 8.000508774451332e-06
4.480683451 6.9376074229856544e-06
4.482034682 7.200727613910091e-06
4.483385914 7.625867123711208e-06
4.484737145 7.98361257555989e-06
4.486088376 7.019681446848044e-06
4.487439608 6.781347163618559e-06
4.488790839 6.061658965523329e-06
4.490142071 5.2868873224231435e-06
4.491493302 5.756334289414076e-06
4.492844534 7.0836392947763394e-06
4.494195765000001 8.632819236483195e-06
4.495546996 8.66257509303351e-06
4.496898228 7.813082004133835e-06
4.498249458999999 7.070634230599596e-06
4.4996006909999995 7.569463309368098e-06
4.5009519220000005 7.722005802992039e-06
4.502303154 7.092101273595239e-06
4.503654385 6.214174982272533e-06
4.505005617 6.215193014647368e-06
4.506356848 6.935848342214862e-06
4.507708079 6.755493281951585e-06
4.509059311 6.6056847031476076e-06
4.510410542 6.80239851437092e-06
4.511761774 6.908628142515401e-06
4.513113005 5.7191207357344245e-06
4.514464237 3.9125301340081e-06
4.5158154679999996 4.199672307750995e-06
4.517166699000001 5.177888160124771e-06
4.518517931 6.4845293996725034e-06
4.519869162 7.22490828269134e-06
4.521220394 8.25549416711653e-06
4.522571624999999 9.101616141934861e-06
4.523922857 9.401417307342525e-06
4.525274088 7.045917995221478e-06
4.52662532 5.611429937593131e-06
4.527976551 4.922753872400891e-06
4.529327782 6.272266577140235e-06
4.530679014 7.454325703215746e-06
4.532030245 8.00290134959943e-06
4.533381477 8.677605313144454e-06
4.534732708 9.575561079872087e-06
4.53608394 1.033107131177956e-05
4.537435171 9.735369378743347e-06
4.5387864030000005 9.0202710546458e-06
4.540137634 8.258455997979136e-06
4.541488865 7.360715330880789e-06
4.542840097 6.460531927064538e-06
4.544191328 6.126855573327497e-06
4.5455425599999995 7.177372588334479e-06
4.5468937910000005 8.891598749755424e-06
4.548245023000001 1.0908417404594061e-05
4.549596254 1.2525701953280444e-05
4.550947485 1.2552659198679207e-05
4.552298716999999 1.1012751321596945e-05
4.553649948 8.020379005838372e-06
4.5550011800000005 5.022889092522212e-06
4.556352411 4.042027280837793e-06
4.557703643 4.771685166596788e-06
4.559054874 5.3809138989787794e-06
4.560406106 6.175351559335224e-06
4.561757337 6.3523111008383765e-06
4.563108568 4.938963555908812e-06
4.5644598 3.3129337654796655e-06
4.565811031 2.469676610952043e-06
4.567162263 2.7395013706498283e-06
4.568513493999999 3.4581812653522385e-06
4.569864726 7.127568474881452e-06
4.571215957000001 7.992192095605906e-06
4.572567188 7.304443181884253e-06
4.57391842 5.7472198128865336e-06
4.575269650999999 3.9298381217504125e-06
4.5766208829999995 2.3540636664334595e-06
4.5779721140000005 1.253680120659713e-06
4.579323346 2.583174239617853e-06
4.580674577 4.589991504996375e-06
4.582025809 7.013477788089968e-06
4.58337704 5.440710219266212e-06
4.584728271 3.667436721505013e-06
4.586079503 2.7236836060994348e-06
4.587430734 3.103049740467996e-06
4.588781966 4.348085080521735e-06
4.590133197 5.653035832546808e-06
4.591484429 6.181785865084719e-06
4.5928356599999995 6.169230531924359e-06
4.5941868910000005 5.4599321147954455e-06
4.595538123 2.061058821632174e-06
4.596889354 1.8031453123016892e-07
4.598240586 5.075142454901752e-09
4.599591817 4.867176831404879e-09
4.6009430490000005 4.863746996835131e-09
4.60229428 4.860281501881971e-09
4.603645512 4.856784405878754e-09
4.604996743 4.8532563577599785e-09
4.606347974 4.849692732915901e-09
4.607699206 1.0252334404079663e-07
4.609050437 1.5887467799344657e-06
4.610401669 3.23072672485488e-06
4.611752900000001 5.3428242741785855e-06
4.613104132 7.349204408365281e-06
4.614455363 7.166687606740005e-06
4.6158065950000005 2.5331293964956823e-06
4.617157826 3.6672163591599143e-07
4.618509057 6.797394358886336e-09
4.619860289 4.8174344039119734e-09
4.62121152 4.8135529686086e-09
4.622562751999999 4.809562987074464e-09
4.6239139830000004 1.8004802871810333e-08
4.625265215000001 1.927562223453476e-07
4.626616446 9.882958407847818e-07
4.627967677 1.7349756915393382e-06
4.629318908999999 7.900166163401444e-07
4.63067014 4.759716484890547e-08
4.6320213720000005 3.012921492439741e-07
4.633372603 1.3526765173578833e-06
4.634723835 1.399931584059505e-06
4.636075066 1.1195791658544428e-06
4.637426298 9.74603629535963e-07
4.638777529 1.4562494143647921e-06
4.64012876 2.1328685623821936e-06
4.641479992 3.4579180551303833e-06
4.642831223 3.855743024682596e-06
4.644182455 3.78378658031022e-06
4.645533685999999 3.171256998339809e-06
4.646884918 3.2490805032802104e-06
4.648236149000001 4.2100807018987425e-06
4.64958738 5.9192018008819e-06
4.650938612 6.631837464570091e-06
4.652289842999999 6.485212408880417e-06
4.6536410749999995 5.119339236650127e-06
4.6549923060000005 3.2318702108528873e-06
4.656343538 2.2553336663709972e-06
4.657694769 2.304835713753174e-06
4.659046001 2.0340374765878145e-06
4.660397232 1.3087183376532955e-06
4.661748463 5.204827602301267e-07
4.663099695 3.0677773566789965e-06
4.664450926000001 4.42450765694833e-06
4.665802158 3.161413234020911e-06
4.667153389 2.72373331643647e-06
4.668504621 2.7655724645395455e-06
4.6698558519999995 3.3052991943613555e-06
4.6712070830000005 4.0259705924673065e-06
4.672558315 3.7936030341849426e-06
4.673909546 3.347504905932538e-06
4.675260778 4.115666273496763e-06
4.676612009 4.9063273617733804e-06
4.6779632410000005 5.305356126829254e-06
4.679314472 7.123468745537282e-06
4.680665704 8.222011055053057e-06
4.682016935 8.221431854825671e-06
4.683368166 6.844484969803951e-06
4.684719398 3.5379060624652322e-06
4.686070629 1.5224805601840406e-06
4.687421861 1.6115605715165238e-06
4.688773092 1.9765909468161834e-06
4.690124324 2.2886007085106266e-06
4.691475555 2.5895178412262033e-06
4.6928267869999996 3.229333578758593e-06
4.694178018 2.8089766737157552e-06
4.695529249 3.372102511331471e-06
4.696880481 5.162912190715167e-06
4.698231712 7.380851819765608e-06
4.699582943999999 8.538713139553654e-06
4.700934175 8.558729083246177e-06
4.702285407000001 6.911250625609699e-06
4.703636638 5.549655342745039e-06
4.704987869 5.092206813675861e-06
4.706339100999999 6.06210374643677e-06
4.707690332 6.568478181345478e-06
4.7090415640000005 6.808483902528097e-06
4.710392795 6.892805714930677e-06
4.711744027 7.19322068880381e-06
4.713095258 7.837093394121173e-06
4.71444649 7.402387969416322e-06
4.7157977209999995 6.78288939554166e-06
4.717148952 6.275868264182399e-06
4.718500184000001 5.97773943080283e-06
4.719851415 5.347876588870306e-06
4.721202647 4.95682593440994e-06
4.722553877999999 5.489183516395743e-06
4.72390511 6.4030352974685625e-06
4.725256341000001 6.643456629907903e-06
4.726607572 6.081585464599591e-06
4.727958804 5.687155058489617e-06
4.729310035 4.926067115853149e-06
4.730661267 3.892736080742206e-06
4.7320124980000005 2.5861314931333673e-06
4.73336373 3.998753998932383e-06
4.734714961 4.967873002291367e-06
4.736066193 6.260520927209849e-06
4.737417424 7.0148414885346945e-06
4.738768654999999 6.018062361710366e-06
4.740119887 3.8040207570103174e-06
4.741471118000001 2.4843388686633158e-06
4.74282235 2.617649285317618e-06
4.744173581 3.0530635484802172e-06
4.745524813 3.838938098157818e-06
4.7468760439999995 4.3689943488914635e-06
4.748227276 4.995215202080983e-06
4.749578507 5.713007568285074e-06
4.750929738 5.424255556725975e-06
4.75228097 4.938944322506884e-06
4.753632201 4.775306682828483e-06
4.7549834330000005 5.5841330239868345e-06
4.756334664 7.62635053334057e-06
4.757685896 8.860628074255297e-06
4.759037127 9.480441726138397e-06
4.760388358 8.646869817252936e-06
4.76173959 7.515292950410763e-06
4.763090821 6.58915020446353e-06
4.764442053 6.927470166711851e-06
4.765793284 8.14763476358907e-06
4.767144516 1.0130476481707347e-05
4.768495747 1.0643835323075783e-05
4.7698469789999995 1.0707581419157187e-05
4.77119821 9.543118362301847e-06
4.772549441 9.199706036694801e-06
4.773900673 9.245198237282972e-06
4.775251904 8.683462660388682e-06
4.776603135999999 8.530070180370104e-06
4.777954367 7.69113689741412e-06
4.779305599000001 6.782155256161707e-06
4.78065683 5.937491353280752e-06
4.782008061000001 5.598853072077572e-06
4.783359293 7.374472438208854e-06
4.784710524 8.125651969066331e-06
4.7860617560000005 8.390963377766952e-06
4.787412987 7.019516017888856e-06
4.788764219 5.33077020262287e-06
4.79011545 4.557009046646234e-06
4.791466682 3.6473520631177133e-06
4.7928179129999995 2.95126967526053e-06
4.7941691440000005 2.378096411115626e-06
4.795520376000001 1.8823456362071899e-06
4.796871607 1.9795236386534616e-06
4.798222839 2.5129181751580234e-06
4.799574069999999 3.2713066151928405e-06
4.800925302 3.60826979417501e-06
4.802276533000001 2.769130143015313e-06
4.803627764 1.5659474266211193e-06
4.804978996 7.790580693457722e-07
4.806330227 1.003851901222272e-06
4.807681459 1.346418486717791e-06
4.80903269 1.933470480632205e-06
4.810383922 2.704499110848832e-06
4.811735153 3.699884184867548e-06
4.813086384999999 4.306467176264636e-06
4.814437616 4.387894276866091e-06
4.815788846999999 3.7173457828518824e-06
4.817140079 3.130377984578736e-06
4.818491310000001 2.6663337085552043e-06
4.819842542 2.532926118469266e-06
4.821193773 2.015548534765092e-06
4.822545005 1.2920786084551894e-06
4.8238962359999995 5.0062537073437145e-08
4.825247468 4.760933109491481e-09
4.826598699 3.7148327175422473e-08
4.82794993 1.1911783583623724e-07
4.829301162 6.457720319107038e-08
4.830652393 6.239421676405007e-08
4.8320036250000005 2.644151829825063e-06
4.833354856 3.569599570112063e-06
4.834706088 3.842448156602318e-06
4.836057318999999 3.2074325516343853e-06
4.83740855 3.0792148852725504e-06
4.838759782 3.0231939450141214e-06
4.840111013 2.742923047854845e-06
4.841462245 2.337515165125874e-06
4.842813476 1.8511302900539803e-06
4.844164708 2.608125932717554e-06
4.845515939 4.178286107262365e-06
4.8468671709999995 5.386929528313194e-06
4.8482184020000005 5.960094931944167e-06
4.849569633 5.41004070226238e-06
4.850920865 4.959004359498265e-06
4.852272096 5.5991848803016554e-06
4.853623327999999 7.035542686521141e-06
4.854974559 8.557512752171236e-06
4.856325791000001 9.082342166051727e-06
4.857677022 7.915615292727773e-06
4.859028253 6.854045289675213e-06
4.860379485 5.372629847842147e-06
4.861730716 5.019233596126492e-06
4.863081948 5.633682501602727e-06
4.864433179 7.747347291628687e-06
4.865784411 1.0993664592823063e-05
4.867135642 1.0625383174161963e-05
4.868486874 9.970912826773745e-06
4.8698381049999995 9.003465896266526e-06
4.8711893360000005 8.345261358209676e-06
4.872540568000001 8.116589997029844e-06
4.873891799 6.122925664026202e-06
4.875243031 4.7018887302725416e-06
4.876594261999999 3.386505721230974e-06
4.8779454939999995 2.7137562456906264e-06
4.879296725000001 2.378091480363007e-06
4.880647956 1.7564083055247903e-06
4.881999188 1.3108325077803497e-06
4.883350419 1.5758337856076765e-06
4.884701651 2.050724395073935e-06
4.8860528819999995 3.008816379882895e-06
4.887404114 3.3993388487192086e-06
4.888755345 3.4237768337834905e-06
4.890106576999999 3.6513756857653918e-06
4.891457808 5.1009758653298625e-06
4.892809038999999 5.050927159845655e-06
4.894160271 3.7571447768671786e-06
4.895511502000001 2.203435109666764e-06
4.896862734 1.279285028404073e-06
4.898213965 1.1386137406465035e-06
4.899565197 1.9573311886402006e-06
4.900916428 2.8968780966737947e-06
4.902267660000001 3.843210113713145e-06
4.903618891 5.340522157535088e-06
4.904970122 6.460490732849311e-06
4.906321354 5.099992038375484e-06
4.907672585 5.224776499459735e-06
4.9090238170000005 4.872126769239362e-06
4.910375048 4.450162295384198e-06
4.91172628 4.002356164317644e-06
4.913077511 3.4897960749850828e-06
4.914428742 3.0968246007707953e-06
4.915779974 3.2131328879040118e-06
4.917131205 3.63080977688488e-06
4.918482437 4.6542256044305904e-06
4.919833668 5.1294588611920735e-06
4.9211849 5.26080175798216e-06
4.922536131 4.405084768435027e-06
4.9238873629999995 4.235599174552558e-06
4.9252385940000005 3.5376033662898512e-06
4.926589825 3.3522242725440758e-06
4.927941057 3.6367892012380914e-06
4.929292288 4.177574656841551e-06
4.930643519999999 4.8672783804166164e-06
4.931994751 5.309528363326415e-06
4.933345983000001 5.623944502976366e-06
4.934697214 5.306824663018941e-06
4.936048445 5.283898477040278e-06
4.937399677 6.252531678226458e-06
4.938750908 6.94026212489115e-06
4.94010214 7.178880513112931e-06
4.941453371 5.545086094100284e-06
4.942804603 4.529944927850233e-06
4.944155834 4.090693671847382e-06
4.945507066 4.1513255374460486e-06
4.9468582969999995 5.019378372502547e-06
4.9482095280000005 4.734288711768581e-06
4.949560760000001 4.633423843907953e-06
4.950911991 4.233479424910369e-06
4.952263223 4.273178411922431e-06
4.953614453999999 3.7343520259620923e-06
4.9549656859999995 2.288299041974136e-06
4.9563169170000005 2.719353705190383e-06
4.957668148 3.5233035044428337e-06
4.95901938 4.482134911168412e-06
4.960370611 4.594921862023243e-06
4.961721843 4.615112603375724e-06
4.9630730739999995 4.514448623639099e-06
4.964424306 6.6986195269975325e-06
4.965775537000001 7.681126418117553e-06
4.967126769 7.633531510831771e-06
4.968478 7.576200288993776e-06
4.969829230999999 7.288849700458574e-06
4.971180463 7.077952648503949e-06
4.972531694000001 7.350330096430459e-06
4.973882926 8.10447174290841e-06
4.975234157 7.460460730917838e-06
4.976585389 6.848087807435273e-06
4.97793662 6.430728705471523e-06
4.979287852000001 6.699963781586289e-06
4.980639083 7.352354252806152e-06
4.981990314 7.545567036333719e-06
4.983341545999999 7.733845518834177e-06
4.984692777 8.0051716032792e-06
4.986044009 7.82669855224338e-06
4.98739524 7.744945187565906e-06
4.988746472 6.7713222566179e-06
4.990097703 6.413281607973243e-06
4.991448934 6.479736621351191e-06
4.992800166 7.651543876630578e-06
4.9941513969999995 9.757309871368055e-06
4.995502629 1.1785404325734777e-05
4.99685386 1.2548824337961884e-05
4.998205092 1.3334593089090145e-05
4.999556323 1.4334804604929679e-05
5.0009075549999995 1.3800580328197964e-05
5.0022587860000005 1.2820231756588891e-05
5.003610017 1.0232195048102426e-05
5.004961249 8.587074010593692e-06
5.006312479999999 7.710480531346387e-06
5.007663711999999 7.354331087342239e-06
5.009014943 7.445053520337703e-06
5.010366175 6.2090770229152024e-06
5.011717406 6.4403509117001775e-06
5.013068637 6.1328693686501605e-06
5.014419869 5.671775723778971e-06
5.0157711 5.060794557673163e-06
5.017122332 5.139030090158179e-06
5.018473563 5.675650985927592e-06
5.019824795000001 5.975985242044583e-06
5.021176026 6.142029547384106e-06
5.022527258 5.205305850355321e-06
5.0238784889999994 4.361863874894906e-06
5.0252297200000005 4.495942257639491e-06
5.026580952000001 5.104128784441436e-06
5.027932183 6.538795259613744e-06
5.029283415 7.1722998974344e-06
5.030634646 6.593229479445527e-06
5.031985878 4.998391695220052e-06
5.033337109 4.278737734442424e-06
5.034688341 4.185473180525295e-06
5.036039572 3.88436250953595e-06
5.037390803 2.4656780168421975e-06
5.038742035 2.154896969254666e-06
5.0400932659999995 2.312124668537556e-06
5.041444498 2.70694413437037e-06
5.042795729000001 3.5721556963410045e-06
5.044146961 4.371915095957377e-06
5.045498192 5.09598357605432e-06
5.046849422999999 5.4812063873574e-06
5.048200655 5.77134084146487e-06
5.049551886000001 5.319884118449083e-06
5.050903118 4.790390592199573e-06
5.052254349 3.868311140804826e-06
5.053605581 3.237697763184194e-06
5.054956812 2.9125919800489835e-06
5.056308044000001 2.5577075969624227e-06
5.057659275 2.1942865654582115e-06
5.059010506 1.729831930989741e-06
5.060361737999999 1.3113774573181156e-06
5.061712969 1.763329448485969e-06
5.063064201 2.599030602085809e-06
5.064415432 3.2631901406851207e-06
5.065766664 3.7286233982520174e-06
5.067117895 2.9020913253489665e-06
5.068469126 1.8533286013152964e-06
5.069820358 8.389153392784771e-07
5.0711715889999995 4.949229495801628e-07
5.072522821 3.6884684321025285e-07
5.073874052 5.309746796103631e-07
5.075225284 1.0216044186966327e-06
5.076576515 1.429977069620747e-06
5.0779277469999995 1.8901129348270593e-06
5.0792789780000005 1.8736326518624188e-06
5.080630209 1.7993167721856867e-06
5.081981441 1.4908434090137366e-06
5.083332671999999 1.1326714962436165e-06
5.084683904 7.236838035587888e-07
5.086035135 4.5721744293348716e-07
5.087386367 2.855907177826028e-07
5.088737598 4.793217378286144e-07
5.090088829 1.399886937656693e-06
5.091440061 2.256436192110032e-06
5.092791292 3.1142997771255404e-06
5.094142524 2.338238811252475e-06
5.095493755000001 1.2024757586823997e-06
5.096844987000001 2.1939734193479002e-08
5.098196218 2.6745865239851558e-09
5.09954745 2.6662778197489013e-09
