Wavelength_microns Throughput
2.0004663860000003 1.4341096754397007e-10
2.002074478 1.1832381744756076e-10
2.00368257 1.0337947381485018e-10
2.005290662 1.0702943217113846e-10
2.006898754 9.610259548396466e-11
2.008506846 6.294589348046287e-11
2.010114938 5.317470065323363e-11
2.01172303 6.809967832486813e-11
2.013331122 6.191729700067201e-11
2.014939214 3.5837249968260884e-11
2.016547306 3.049324515340922e-11
2.018155398 3.9785583618370986e-11
2.01976349 3.574288736372618e-11
2.021371582 2.3812132111477554e-11
2.022979674 1.9662071025177668e-11
2.0245877660000002 1.8725983114035724e-11
2.026195858 2.0514288248190857e-11
2.027803949 2.44101580567687e-11
2.029412041 8.561871893073074e-12
2.031020133 2.4457580310206013e-12
2.032628225 3.701599736330506e-12
2.034236317 1.4098037225061341e-11
2.035844409 9.71045721547565e-13
2.037452501 7.96259168159344e-15
2.039060593 4.438488477493867e-14
2.040668685 4.547958583641735e-12
2.042276777 4.022726906438049e-12
2.0438848689999998 1.2358979454645992e-12
2.045492961 1.5877380808353652e-12
2.047101053 4.6124407163629566e-12
2.0487091449999997 9.847806881092321e-12
2.0503172370000002 1.2603994304324624e-11
2.0519253290000004 3.749269730430153e-12
2.053533421 1.2069211326008216e-12
2.055141513 1.956318528776091e-12
2.056749605 9.840660845889013e-12
2.058357697 1.629147789344311e-12
2.059965788 1.7955208124895842e-14
2.06157388 4.05549189971698e-14
2.0631819719999998 3.7788609130382135e-12
2.064790064 2.6479125331296413e-12
2.066398156 3.31177618699059e-14
2.068006248 3.1420668974792864e-14
2.06961434 2.203738794106e-12
2.071222432 2.1338961084119117e-11
2.072830524 1.807447969600596e-11
2.074438616 3.747361419166586e-12
2.076046708 8.523793816642268e-14
2.0776548 2.8012014596478073e-14
2.079262892 2.6434375861990522e-12
2.080870984 2.7893067258541524e-11
2.0824790760000003 3.744653225737046e-13
2.084087168 2.264869395266835e-14
2.08569526 2.2587753677970146e-12
2.0873033519999997 1.0961937023300302e-10
2.088911444 1.4494224439437976e-12
2.090519536 1.9440069734018892e-14
2.092127627 1.2684503190903116e-12
2.0937357189999997 9.286594309178488e-11
2.0953438110000002 4.055778633215002e-11
2.0969519030000003 1.547170138615246e-11
2.098559995 2.7796572403994416e-12
2.100168087 3.1292551887417637e-12
2.101776179 1.3885483582056409e-11
2.103384271 1.3614138518890194e-10
2.104992363 5.93057625153199e-11
2.1066004549999997 1.0201872362381848e-12
2.1082085470000003 6.382118039249129e-13
2.109816639 5.826296287995306e-11
2.111424731 4.351226946033501e-10
2.113032823 6.015633659805437e-12
2.114640915 2.746053610325606e-13
2.116249007 1.8880103597994467e-11
2.1178570989999996 1.2654747533318292e-09
2.1194651909999997 2.0802552341478644e-11
2.1210732830000003 3.235733910644768e-13
2.122681375 2.338789744680017e-12
2.124289466 8.458571785363521e-11
2.125897558 3.7224854061710227e-10
2.1275056500000002 6.178712942066173e-10
2.129113742 1.1824713370748414e-10
2.130721834 2.057451912343287e-12
2.1323299259999997 5.59253497601621e-13
2.133938018 3.9784364091247724e-11
2.1355461100000004 8.184917486957414e-10
2.137154202 1.1029150380184097e-11
2.138762294 1.5094283690530688e-13
2.140370386 6.989139877635446e-12
2.141978478 4.802474104875335e-10
2.14358657 5.460684535193725e-11
2.1451946619999998 7.906528096560796e-13
2.146802754 9.214825383177626e-13
2.1484108460000004 4.201132916436661e-11
2.150018938 5.426883485900795e-10
2.15162703 5.201867078984326e-10
2.153235122 3.9761666923943077e-10
2.154843214 7.675050058906415e-11
2.156451305 1.9527971276086685e-11
2.158059397 7.581713667635402e-11
2.159667489 5.874892073715115e-10
2.161275581 9.978212018595584e-11
2.1628836729999996 1.5098382011991923e-12
2.164491765 7.447344357882257e-13
2.1660998570000003 5.325842871706128e-11
2.167707949 9.772345134561605e-10
2.169316041 1.4431791432360726e-11
2.170924133 2.1626719932198056e-13
2.172532225 5.563154042121519e-12
2.174140317 3.229251657719315e-10
2.1757484089999997 1.1024433730976107e-09
2.177356501 7.666115217073998e-10
2.1789645930000003 4.2394313669165104e-10
2.180572685 2.637464479897933e-10
2.182180777 2.0868297360985452e-10
2.183788869 4.6176517035424076e-10
2.185396961 1.5320302490168454e-09
2.187005053 9.578679908458947e-11
2.1886131449999997 1.7178930425462902e-12
2.1902212359999997 1.913444098758436e-12
2.191829328 1.3027201555752714e-10
2.1934374200000004 1.742207652491271e-09
2.195045512 2.9162812105849276e-11
2.196653604 4.990410961564793e-13
2.198261696 1.1161451226297564e-11
2.199869788 6.476421043389807e-10
2.20147788 1.7234570463275936e-09
2.203085972 9.709783001433748e-10
2.204694064 7.178324530274501e-10
2.206302156 8.262024439933047e-10
2.207910248 9.56855683897741e-10
2.2095183400000002 1.5485564055837594e-09
2.211126432 3.2875022751084094e-09
2.212734524 8.874570936811626e-10
2.2143426159999997 2.0712766719919197e-11
2.215950708 2.6043114961362833e-12
2.2175588 1.826417283833625e-10
2.219166892 1.2985883735983191e-08
2.220774984 8.910620781043383e-10
2.222383075 1.8104755464106226e-11
2.2239911670000003 1.7841645698042732e-11
2.225599259 1.1159370924834469e-09
2.227207351 3.352583041291389e-08
2.228815443 5.0611520147514e-09
2.230423535 1.2313313284521931e-09
2.232031627 2.00975195837935e-09
2.2336397189999997 7.29317192099931e-09
2.2352478110000003 2.4360937076543342e-08
2.236855903 3.145782785855137e-08
2.238463995 4.241365432991901e-08
2.240072087 7.869360222615705e-09
2.241680179 2.107282058740432e-09
2.243288271 2.7830288850878556e-09
2.2448963629999996 1.6369150083861907e-08
2.2465044549999997 9.46480506481028e-08
2.2481125470000003 1.8522763142289163e-09
2.249720639 3.7170385365216586e-11
2.251328731 1.8001579621798517e-10
2.252936823 1.1452743360699151e-08
2.2545449140000002 1.0066117806401502e-07
2.256153006 2.0763690714686858e-09
2.257761098 4.361242708543928e-11
2.2593691899999997 4.3846852996494735e-10
2.260977282 2.0665454720976977e-08
2.262585374 2.339704772652045e-07
2.264193466 2.190616054999617e-07
2.265801558 2.1136795264618323e-07
2.2674096500000003 1.2778607444195996e-07
2.269017742 1.0365785638307996e-07
2.270625834 1.2138073143377277e-07
2.2722339259999997 2.3351746795862844e-07
2.273842018 8.323865699221377e-07
2.2754501100000004 1.0642862126751813e-07
2.277058202 1.917641897721163e-08
2.278666294 1.841754325553179e-08
2.280274386 1.1714490995359923e-07
2.281882478 1.2798675116975962e-06
2.28349057 2.7499082083493447e-07
2.285098662 1.0279946212064751e-07
2.286706753 9.718221237828553e-08
2.288314845 2.559892751678068e-07
2.2899229369999996 1.1645098547560317e-06
2.291531029 8.272097055158254e-07
2.2931391210000003 6.492839669630933e-07
2.294747213 5.810313936876399e-07
2.296355305 6.025812477723417e-07
2.297963397 6.285743094435242e-07
2.299571489 9.729012657295675e-07
2.301179581 1.6416604560878458e-06
2.3027876729999996 6.58787333624428e-07
2.304395765 1.4920956036730787e-08
2.3060038570000003 3.498487375765285e-10
2.307611949 5.247908028803817e-09
2.309220041 3.238482528234265e-07
2.310828133 2.441007600448804e-06
2.312436225 5.311554164651388e-08
2.314044317 1.1927390909481825e-09
2.3156524089999997 6.493837508094857e-09
2.3172605010000003 3.790833816120688e-07
2.318868592 1.2356545413869415e-05
2.3204766840000004 7.618805257436627e-06
2.322084776 5.208621954801537e-06
2.323692868 5.650835474681035e-06
2.32530096 8.949405461556405e-06
2.326909052 1.409911333222546e-05
2.328517144 1.9643308352115785e-05
2.3301252359999998 2.7317860584153167e-05
2.331733328 2.701312112000167e-05
2.33334142 1.2628239607750211e-05
2.334949512 6.150999840504866e-06
2.3365576040000002 1.0940236090972119e-05
2.338165696 3.1598221578271015e-05
2.339773788 7.972185789893431e-05
2.3413818799999997 1.9042544450126525e-05
2.342989972 5.325300260016632e-06
2.344598064 5.2119921822780395e-06
2.346206156 1.9790552378145603e-05
2.347814248 8.864193269866863e-05
2.3494223400000003 6.985738821726924e-05
2.3510304310000003 4.8117335676671064e-05
2.352638523 3.871170511518032e-05
2.354246615 5.587778960558185e-05
2.3558547069999998 8.441172789706408e-05
2.357462799 0.00012582014874283674
2.359070891 0.00014339768090150843
2.3606789829999997 0.0001643753110378632
2.3622870750000002 0.00017136470948957765
2.363895167 0.00017624570831670897
2.365503259 0.00019244161697582631
2.367111351 0.00027643206985222655
2.368719443 0.0003979527082278152
2.370327535 0.00048763101648113805
2.371935627 0.0005044197310542208
2.3735437189999997 0.0005193717322543116
2.3751518110000003 0.0006549037150400807
2.376759903 0.0008705136016284352
2.378367995 0.001141457932911406
2.379976087 0.001290424366472525
2.381584179 0.0014604062075168822
2.383192271 0.0017094456747020707
2.384800362 0.0021236854931829517
2.3864084539999997 0.0026365221096003658
2.388016546 0.003215303636687133
2.389624638 0.003874375923830538
2.39123273 0.0046678426425694
2.392840822 0.005644844938114122
2.3944489140000003 0.006831149802412405
2.396057006 0.008263409712943216
2.397665098 0.00997184431373488
2.3992731899999997 0.012030511965583695
2.400881282 0.014368966036122517
2.4024893740000004 0.01690067638853817
2.404097466 0.019874178989390666
2.405705558 0.023223961228109935
2.40731365 0.027033151588325612
2.408921742 0.0314608756346145
2.410529834 0.03597854374311929
2.4121379259999998 0.04100822237201376
2.413746018 0.04672361830776285
2.41535411 0.05303880240096996
2.416962201 0.060197399461629594
2.418570293 0.06826604291183798
2.4201783850000003 0.07725582930083791
2.421786477 0.0875069608423445
2.423394569 0.09912365604105045
2.425002661 0.11236087895258855
2.426610753 0.12734473269018767
2.428218845 0.14399032425116354
2.4298269369999996 0.16257089746737297
2.431435029 0.183546042634762
2.4330431210000003 0.20481943343014705
2.434651213 0.2278260851989324
2.436259305 0.2533814978572016
2.4378673969999998 0.2751939828450962
2.439475489 0.2984616678725105
2.441083581 0.32276569084326134
2.4426916729999997 0.3397764380693627
2.4442997650000002 0.3576606872492356
2.4459078570000004 0.3743065888347805
2.447515949 0.3840322549065802
2.44912404 0.3939606170442644
2.450732132 0.4014755104690313
2.452340224 0.4049924399557968
2.453948316 0.40853503244033396
2.455556408 0.41077233385405687
2.4571644999999998 0.4115139071735723
2.458772592 0.4122552534629517
2.460380684 0.41260120002664447
2.461988776 0.41259851210516646
2.463596868 0.4125952151266606
2.46520496 0.41268800654048754
2.466813052 0.41282906030020466
2.468421144 0.41306098230009464
2.470029236 0.41347732301166984
2.471637328 0.41408753197064346
2.47324542 0.41482213696566606
2.474853512 0.41579311947829034
2.4764616040000003 0.4163528618911633
2.478069696 0.416912581967388
2.479677788 0.41763478090579415
2.481285879 0.4179713556039107
2.4828939709999998 0.41831845714073346
2.484502063 0.41885153734932085
2.486110155 0.41938198668680005
2.4877182469999997 0.42002249439511224
2.489326339 0.4204154293607291
2.4909344310000003 0.420993179849642
2.492542523 0.4215445047867239
2.494150615 0.4220427093323245
2.495758707 0.4225398806587869
2.497366799 0.423037959092925
2.498974891 0.4233737248243859
2.499778162 0.4149290369832763
2.5011293930000003 0.4152045940680126
2.502480624 0.4153415428118586
2.5038318559999997 0.415456494644746
2.505183087 0.4154990731941752
2.506534319 0.41545499692283655
2.50788555 0.41534264520945363
2.509236782 0.41510892777812247
2.510588013 0.4148158601162062
2.511939244 0.41448851253440633
2.5132904760000003 0.41409525050113194
2.514641707 0.41363635903070095
2.515992939 0.4131837148732926
2.51734417 0.41272935924249815
2.5186954019999996 0.4122847361407059
2.5200466329999998 0.411856937306146
2.521397865 0.41152170387559833
2.522749096 0.4111917173187602
2.524100327 0.4108936460549208
2.525451559 0.41082141253465204
2.52680279 0.41075299721945846
2.5281540220000003 0.4108514533203869
2.529505253 0.4110233152920035
2.5308564849999997 0.41129908125348974
2.532207716 0.41165755973102025
2.533558948 0.41234821516883513
2.534910179 0.4131033205024587
2.5362614100000003 0.4136594080880213
2.537612642 0.41482394014449675
2.538963873 0.4157816685206436
2.5403151050000004 0.4167959786512749
2.5416663359999996 0.4175856979285981
2.5430175680000002 0.4182551648850776
2.544368799 0.4194378838773781
2.54572003 0.42053748126888263
2.547071262 0.421156008133682
2.548422493 0.42187645773028143
2.549773725 0.4226782726070365
2.551124956 0.42297517976683946
2.552476188 0.4231560749615564
2.553827419 0.4238175848343812
2.5551786510000003 0.4241619285966361
2.556529882 0.4240974827306461
2.557881113 0.42393873108947705
2.559232345 0.42339216423985704
2.560583576 0.421927540248927
2.561934808 0.4209349309674638
2.5632860390000003 0.42036871520004754
2.564637271 0.4196213137785761
2.565988502 0.41968493742083707
2.567339733 0.4188050725499916
2.5686909649999996 0.417288458652979
2.5700421959999997 0.4157911173239886
2.571393428 0.41623750799633663
2.572744659 0.414361052365672
2.574095891 0.41349560289873066
2.575447122 0.41345662672484684
2.576798354 0.41193815083713803
2.5781495850000002 0.41188934895196366
2.5795008160000004 0.41171718740357
2.580852048 0.41067388441660163
2.582203279 0.4109770636053988
2.583554511 0.409879108069655
2.584905742 0.4110776881192232
2.586256974 0.41189391564109357
2.587608205 0.4120667927308575
2.588959437 0.41344916087401745
2.590310668 0.41490092102605125
2.591661899 0.4161064258991916
2.593013131 0.4167938467688702
2.594364362 0.4145888153348479
2.5957155939999996 0.41713622496665603
2.5970668249999997 0.421305572999706
2.598418057 0.4239981442763449
2.599769288 0.425703199115316
2.601120519 0.4262433468820609
2.602471751 0.42714677459387557
2.603822982 0.4276691968521384
2.6051742140000003 0.42728877624711137
2.6065254450000004 0.42928549253201886
2.607876677 0.43041924188899117
2.609227908 0.4310237428124241
2.61057914 0.43194121496738236
2.611930371 0.4325229714156494
2.613281602 0.43210213240003664
2.614632834 0.43229886051348926
2.615984065 0.4314071711145044
2.617335297 0.4312595958635951
2.618686528 0.43344514673127643
2.62003776 0.4319695450235115
2.621388991 0.4330419243996885
2.622740222 0.4337977435178529
2.6240914539999998 0.43346741403037664
2.625442685 0.4324303750254755
2.626793917 0.4307225785943567
2.628145148 0.4314786731650722
2.62949638 0.42977775455665373
2.630847611 0.42831281604619653
2.6321988430000003 0.42949401033154017
2.6335500740000004 0.428395493099209
2.634901305 0.42856357701610137
2.636252537 0.42842757995608854
2.637603768 0.42787039566618795
2.6389549999999997 0.4273496469262629
2.640306231 0.4268526775183834
2.641657463 0.42622745630209236
2.643008694 0.42605162955228726
2.6443599250000003 0.4257802782466664
2.645711157 0.42503421357268756
2.6470623879999997 0.42562378020286895
2.64841362 0.42589820175657883
2.649764851 0.42605318230877726
2.651116083 0.42499364470181644
2.652467314 0.42439420847007353
2.653818546 0.4256802400567041
2.6551697770000002 0.42557614001612065
2.6565210080000004 0.4262214354565063
2.65787224 0.4267387678573445
2.659223471 0.4262666410773275
2.6605747030000004 0.4264899107537189
2.6619259339999997 0.42634748428292163
2.663277166 0.4267016397075618
2.664628397 0.424976996500693
2.6659796289999997 0.424942462806475
2.66733086 0.4254839384160168
2.668682091 0.4276933303055363
2.670033323 0.4252241434598403
2.6713845540000003 0.4268692091062066
2.672735786 0.42854649585919113
2.6740870169999997 0.4286913435056395
2.675438249 0.4277563577223173
2.67678948 0.4270886309709268
2.678140711 0.42781960308374095
2.679491943 0.42771541023240545
2.680843174 0.4291980829495585
2.6821944060000003 0.4290197804673052
2.6835456370000004 0.4278570616118722
2.684896869 0.4280076090585269
2.6862481 0.42759660806605443
2.6875993319999996 0.4280973527510866
2.6889505629999997 0.42785337274889473
2.690301794 0.4278465236845332
2.691653026 0.42738559972680434
2.693004257 0.4254054811708739
2.694355489 0.4248472181082069
2.69570672 0.4253658269630536
2.697057952 0.42612862021229336
2.6984091830000003 0.42631385915704534
2.699760414 0.42675922283445156
2.7011116459999998 0.4263553316846839
2.702462877 0.42680602222802166
2.703814109 0.4274363886764661
2.70516534 0.4276930016154743
2.706516572 0.4279546918773757
2.707867803 0.42774234330683475
2.7092190350000003 0.4271816100274909
2.7105702660000004 0.4266542564311445
2.7119214969999996 0.428017390002207
2.713272729 0.4295925207695483
2.71462396 0.4297238910717866
2.7159751919999997 0.43009735983030123
2.717326423 0.4301421478235898
2.718677655 0.43048599725542014
2.720028886 0.4286021820217432
2.7213801170000003 0.42996884551523
2.722731349 0.4322428244668333
2.7240825799999997 0.43061517344249467
2.7254338120000003 0.4316373155923752
2.726785043 0.43334001991559556
2.7281362749999998 0.4340654825158677
2.729487506 0.434426427536578
2.730838738 0.4346588984616988
2.732189969 0.4348894275682888
2.7335412000000003 0.4344905313964796
2.734892432 0.4334236745245768
2.736243663 0.4345142019136773
2.737594895 0.43441798067445136
2.7389461259999996 0.43270093734757
2.740297358 0.43230795915062664
2.741648589 0.43351556968190763
2.7429998209999997 0.43475963922980587
2.744351052 0.4348720282144658
2.745702283 0.43433379263393534
2.747053515 0.43421203383581075
2.7484047460000003 0.43399220896164364
2.749755978 0.4338732950675132
2.7511072089999997 0.43264239606281923
2.7524584410000004 0.43138498543371484
2.753809672 0.42962958237288734
2.755160903 0.4266182408403221
2.756512135 0.4264262314579783
2.757863366 0.42662562663390013
2.7592145980000002 0.4259457962521402
2.760565829 0.42524018573529815
2.761917061 0.42297601175300403
2.7632682920000002 0.42246980363526904
2.764619524 0.42294639486085833
2.7659707549999997 0.42292611280556597
2.767321986 0.4218972773742547
2.768673218 0.42214528488649716
2.770024449 0.42198145077642285
2.771375681 0.421655262585581
2.772726912 0.4224060552032279
2.774078144 0.423098672654705
2.7754293750000003 0.4231153510522404
2.776780606 0.4229594944684748
2.7781318379999997 0.42349852705771535
2.779483069 0.4244047444359249
2.780834301 0.4243299265310794
2.782185532 0.4248293022365155
2.783536764 0.4256377877039729
2.784887995 0.42631909564043874
2.786239227 0.4256899074554183
2.787590458 0.42618180443090814
2.788941689 0.42757498168569574
2.7902929210000003 0.4285526675974368
2.791644152 0.42899963686866777
2.7929953839999997 0.4297023163411903
2.794346615 0.4303149050391649
2.795697847 0.43073505339146584
2.797049078 0.4314755013074615
2.7984003090000003 0.43243541063801716
2.799751541 0.4330431420848877
2.801102772 0.43321686185851954
2.8024540040000003 0.4329105051752321
2.803805235 0.4334723034473692
2.8051564669999998 0.4340637569145737
2.806507698 0.43476877475865056
2.80785893 0.43517985911036555
2.8092101609999998 0.4353444169963337
2.810561392 0.4352976700283486
2.811912624 0.43553600995647807
2.813263855 0.4356555717282947
2.814615087 0.43530064971562166
2.8159663179999996 0.43529177755414067
2.8173175500000003 0.43543905149578493
2.818668781 0.43555669242794676
2.8200200129999997 0.4350809275520612
2.821371244 0.4351078596601267
2.822722475 0.4351422348910236
2.824073707 0.43504016482341384
2.8254249380000003 0.43482590639026725
2.82677617 0.4345541622628864
2.828127401 0.4343437718067882
2.8294786330000004 0.43420061178999814
2.830829864 0.43392276226109766
2.8321810949999997 0.4335579125488926
2.833532327 0.43315001513109036
2.834883558 0.4328513676752786
2.83623479 0.4325173960739735
2.837586021 0.4318633625244481
2.838937253 0.43169485962330956
2.8402884840000002 0.43171396039158066
2.841639716 0.4318631895742002
2.8429909469999997 0.4317026252220399
2.8443421779999998 0.43156780372472786
2.84569341 0.43143412184951163
2.847044641 0.43127786891852393
2.848395873 0.43109691500681746
2.849747104 0.4309816923711603
2.851098336 0.4307997453143559
2.8524495670000003 0.43043809519156756
2.8538007980000004 0.42995259508656114
2.85515203 0.4296556817698596
2.856503261 0.4294795138382799
2.8578544929999996 0.4292338408480828
2.8592057239999997 0.4289054476768789
2.860556956 0.4283579484392772
2.861908187 0.42802234132256745
2.863259419 0.4278927212346962
2.86461065 0.42804884749254546
2.865961881 0.4280327968563303
2.8673131130000002 0.4278531411146399
2.868664344 0.4277529131586153
2.8700155759999997 0.42755147154188367
2.871366807 0.42732777938340394
2.872718039 0.42722660853433403
2.87406927 0.42714729673446206
2.8754205010000002 0.4269921013727748
2.876771733 0.4267640499078594
2.878122964 0.4265586622564862
2.8794741960000003 0.4263516283492855
2.8808254270000004 0.4261164951310495
2.882176659 0.42587541231040665
2.88352789 0.4255568256050876
2.8848791219999996 0.4252424137658052
2.8862303529999997 0.42442249025679635
2.887581584 0.4240726754723102
2.888932816 0.4237378924527046
2.890284047 0.4234117898038827
2.891635279 0.42317648678168246
2.89298651 0.42337544397512894
2.8943377420000003 0.42313618440607353
2.895688973 0.4228598618815736
2.8970402049999997 0.4225971469223056
2.898391436 0.42232754412332396
2.899742667 0.4219322665600313
2.901093899 0.4214842400647552
2.9024451300000003 0.42119812988995464
2.903796362 0.42082037234171105
2.905147593 0.4204038160340112
2.9064988250000003 0.42005359460400854
2.907850056 0.4196792169734707
2.9092012869999997 0.4192941088790788
2.910552519 0.41866730711848027
2.91190375 0.4181155433587998
2.9132549819999998 0.41778010648576924
2.914606213 0.41749272654891295
2.915957445 0.41721048528287286
2.917308676 0.41690652632520325
2.918659908 0.41661091032273606
2.920011139 0.4163548328475076
2.9213623699999998 0.41587365905650076
2.922713602 0.4153871902279705
2.924064833 0.4149627691169627
2.925416065 0.4145755216227779
2.926767296 0.41453125935339497
2.928118528 0.41420021158233217
2.9294697590000003 0.41377390379434503
2.93082099 0.41326296686507036
2.932172222 0.4127208669440073
2.933523453 0.4121749651770106
2.934874685 0.4115935952998066
2.9362259159999997 0.41102928554725354
2.937577148 0.41018702562423054
2.938928379 0.40943749274405233
2.940279611 0.4088859075066071
2.941630842 0.4083752206951833
2.942982073 0.40780856129843374
2.9443333050000002 0.40777368116587254
2.9456845360000004 0.4072738622937977
2.947035768 0.4067238230588536
2.948386999 0.40623684913306224
2.949738231 0.405690689425163
2.951089462 0.40540964785722117
2.952440694 0.4046723230902632
2.953791925 0.4039365331382797
2.955143156 0.40321998600510645
2.956494388 0.40251380266718745
2.957845619 0.4017997153286972
2.959196851 0.4010711015236596
2.960548082 0.400362767887514
2.9618993139999996 0.39962847041557864
2.9632505449999997 0.3989073479951303
2.964601776 0.39819759277056915
2.965953008 0.3975261928307492
2.967304239 0.39685914553634827
2.968655471 0.3961693351582841
2.970006702 0.3954813833779668
2.9713579340000003 0.39484260147022127
2.9727091650000004 0.39426683754422537
2.974060397 0.3936950460390266
2.975411628 0.3935333185547748
2.976762859 0.39351951133499075
2.978114091 0.3929883617437924
2.979465322 0.3924788079580703
2.980816554 0.39187671137536734
2.982167785 0.3912176983301927
2.983519017 0.3905901245866918
2.984870248 0.389971566274461
2.9862214789999997 0.38932520071480425
2.987572711 0.38872001616346546
2.988923942 0.38851926138898035
2.9902751739999998 0.3880577131118145
2.991626405 0.387691423942621
2.992977637 0.38736280121098154
2.994328868 0.3870549553088249
2.9956801 0.38673778350801574
2.997031331 0.3864045874034933
2.9983825619999998 0.3861033795776094
2.9997337940000004 0.385847761251531
3.001085025 0.3853795801301484
3.002436257 0.38520064530555065
3.003787488 0.3846522324242649
3.0051387199999997 0.384098010604088
3.006489951 0.3837477455772449
3.007841182 0.3834077721992503
3.009192414 0.38282945017338793
3.0105436450000003 0.3823865146687374
3.011894877 0.3820862447286297
3.0132461079999997 0.3817688410158679
3.01459734 0.3814367093278493
3.015948571 0.3810722172699101
3.017299803 0.38069060180267356
3.018651034 0.3803019318485713
3.020002265 0.37991550826496584
3.021353497 0.37928507478324747
3.0227047280000003 0.37863365216370204
3.02405596 0.37797489888298413
3.0254071909999998 0.37729092088661387
3.0267584230000004 0.37653421864027165
3.0281096539999997 0.37575229117687436
3.029460886 0.3749574451275714
3.030812117 0.37437017920971966
3.032163348 0.37389093940302126
3.03351458 0.3734101590389496
3.034865811 0.37290047036473295
3.036217043 0.372434148247835
3.0375682740000003 0.37219771757128073
3.038919506 0.3715827302407774
3.0402707369999997 0.37101903382413903
3.041621968 0.37064083457904107
3.0429732 0.370262373568758
3.044324431 0.36983600389359816
3.045675663 0.3693990438634722
3.047026894 0.3689427091190367
3.0483781260000002 0.3686442732748888
3.0497293570000004 0.3684321339649879
3.051080589 0.3678622402569255
3.05243182 0.36725092150343713
3.053783051 0.3666517978658479
3.0551342829999997 0.36604553062309725
3.056485514 0.36547973253840155
3.057836746 0.364896582322958
3.059187977 0.36431191464405677
3.060539209 0.36391182174501463
3.06189044 0.36378423584446945
3.063241671 0.3636714587607874
3.0645929030000003 0.36359450583511677
3.065944134 0.36392619920899255
3.0672953659999997 0.3638774466969054
3.068646597 0.3641142824147961
3.069997829 0.3642438879209547
3.07134906 0.36400465068275006
3.072700292 0.3637572837444349
3.074051523 0.3635671188156313
3.075402754 0.36340221643392623
3.0767539860000004 0.3632525992512281
3.0781052169999996 0.3631227637252541
3.079456449 0.3630299722996011
3.08080768 0.36314019552778315
3.0821589119999997 0.3634532821781276
3.083510143 0.3637970182186164
3.084861374 0.3641537104507257
3.086212606 0.36452716201676494
3.0875638370000003 0.3649500843753255
3.088915069 0.36537898695929777
3.0902662999999997 0.36587623048644546
3.0916175320000003 0.3664716180019329
3.092968763 0.36706860828992893
3.0943199949999998 0.3680835254948942
3.095671226 0.36870693239615865
3.097022457 0.369330781369142
3.098373689 0.36996895742621044
3.0997249200000003 0.3706152797364858
3.101076152 0.3711243663201134
3.102427383 0.37158422963115656
3.103778615 0.37204835733221114
3.1051298459999996 0.37248818903882686
3.106481078 0.3729615670415651
3.107832309 0.37345109833077705
3.10918354 0.3739205829068355
3.110534772 0.37440060967259375
3.111886003 0.37498539870450825
3.113237235 0.37556858320206415
3.1145884660000003 0.3761230243201632
3.115939698 0.3766646021125209
3.1172909289999997 0.3772254938573584
3.11864216 0.3777628691964895
3.119993392 0.3782852996136402
3.121344623 0.3795465491522044
3.122695855 0.38034975549195243
3.124047086 0.3811391689185049
3.1253983180000002 0.3819207593901365
3.126749549 0.38267868527152854
3.128100781 0.38344523803462055
3.1294520120000002 0.38418493354128375
3.130803243 0.38483407104563
3.1321544749999997 0.38540106894718074
3.133505706 0.3859570538333375
3.134856938 0.386481746810743
3.136208169 0.38701692547075434
3.137559401 0.3875336319354512
3.138910632 0.3880402831509472
3.140261863 0.3885615786994871
3.1416130950000003 0.38919968217524964
3.142964326 0.38981129352934635
3.1443155579999997 0.39042637789846446
3.145666789 0.39099980785197735
3.147018021 0.39161570167662696
3.148369252 0.3926968251593509
3.149720484 0.3933155577210142
3.151071715 0.3938920279549024
3.152422946 0.3944818931281139
3.153774178 0.39506495417558035
3.155125409 0.3956553237285706
3.1564766410000002 0.39623507136090574
3.157827872 0.39684003151280767
3.1591791039999997 0.39742375127623686
3.160530335 0.3980060226908158
3.161881566 0.3985486086501527
3.163232798 0.39910306480942676
3.1645840290000002 0.39965091955460136
3.165935261 0.4002196620338367
3.167286492 0.4007883153779411
3.1686377240000003 0.40137411049604094
3.169988955 0.40196075767189876
3.1713401869999998 0.40282604733580973
3.172691418 0.4040104122664175
3.174042649 0.4049927340369139
3.1753938809999998 0.4058440211680093
3.176745112 0.4067193053553143
3.178096344 0.4076016201654308
3.179447575 0.40848516830958803
3.180798807 0.40930051051950367
3.182150038 0.41006466721121093
3.1835012700000003 0.4108468982466772
3.184852501 0.4116183643322039
3.186203732 0.4123828740397527
3.187554964 0.41313539203675703
3.188906195 0.4139083156882853
3.190257427 0.4146749126188652
3.1916086580000003 0.4154629528596649
3.19295989 0.41625632602523555
3.194311121 0.41706147280543837
3.195662352 0.4178341337630737
3.197013584 0.4186164698723432
3.1983648149999997 0.41986671920828844
3.199716047 0.42065019516229896
3.201067278 0.4213693331718411
3.2024185099999998 0.422075492883061
3.203769741 0.4228048274329577
3.205120973 0.42350951861960373
3.206472204 0.4241788347269712
3.207823435 0.4248647292393286
3.209174667 0.42552909047709336
3.2105258979999998 0.4261913952329853
3.21187713 0.42684619892147063
3.213228361 0.4269918429587815
3.214579593 0.4276251132491826
3.215930824 0.42825920998886163
3.217282055 0.4288844393728807
3.2186332870000003 0.42947312830204204
3.2199845180000004 0.430077878902782
3.22133575 0.43094348824666995
3.222686981 0.4319836754853577
3.2240382129999996 0.43266679805628555
3.2253894439999997 0.4333672585278772
3.226740676 0.43405928089196355
3.228091907 0.43474287994372945
3.229443138 0.4354002377982874
3.23079437 0.4359352954702583
3.232145601 0.43638301260724743
3.2334968330000002 0.4368148199610192
3.234848064 0.4372538655052987
3.2361992959999997 0.43767222948635226
3.237550527 0.4380834358282711
3.238901759 0.4384794117012275
3.24025299 0.4389068852299043
3.2416042210000002 0.43927427503992644
3.242955453 0.43962906344086583
3.244306684 0.44012597712074125
3.2456579160000003 0.4408533587169268
3.2470091470000004 0.4412066670942736
3.248360379 0.4415731921061943
3.24971161 0.4419584355790381
3.251062841 0.44244075593951676
3.2524140729999997 0.4429478271700516
3.253765304 0.44343458433214555
3.255116536 0.44395430905451866
3.256467767 0.4444660966999809
3.257818999 0.44500721543932603
3.25917023 0.4455397419883907
3.2605214620000003 0.44605042520216387
3.261872693 0.4465048029864759
3.263223924 0.4469979610822812
3.264575156 0.4475183596646126
3.265926387 0.44802092059520005
3.267277619 0.44866535330573926
3.2686288500000003 0.4495562300190501
3.269980082 0.45009306614264166
3.271331313 0.4504883868385482
3.272682544 0.4509152439610395
3.274033776 0.4513554439104721
3.2753850069999997 0.4517985872390855
3.276736239 0.4522363558321673
3.27808747 0.4526696041605693
3.2794387019999998 0.45307759399838143
3.280789933 0.45351954076946144
3.282141165 0.4539952251869587
3.283492396 0.4544607936478107
3.2848436270000003 0.4549527904167654
3.286194859 0.4554362458676858
3.2875460899999998 0.4559112474441052
3.288897322 0.4563563919468202
3.290248553 0.45734795414561763
3.291599785 0.4577962340742241
3.292951016 0.45826390011352375
3.294302247 0.4587418451886904
3.2956534790000003 0.4592256082755411
3.29700471 0.45971302276827475
3.298355942 0.4601612266956872
3.299707173 0.4606307744929631
3.301058405 0.46099237582115377
3.3024096359999997 0.4613341004531601
3.303760868 0.4616529130796538
3.305112099 0.46199641193418606
3.30646333 0.46236266514408236
3.307814562 0.46270050440770194
3.309165793 0.4630339681586278
3.3105170250000002 0.463347332070079
3.3118682560000003 0.46411141103770326
3.313219488 0.46444686390500095
3.3145707189999998 0.46471086915292714
3.315921951 0.46497067631818245
3.317273182 0.4652671194670836
3.318624413 0.4655531848840425
3.319975645 0.46582834466932005
3.321326876 0.46606772295213644
3.322678108 0.4662833491744369
3.324029339 0.466529170508838
3.325380571 0.46676781726875244
3.326731802 0.46701413295234095
3.328083033 0.46726373850572833
3.3294342649999997 0.467537897657856
3.330785496 0.4674837841559743
3.332136728 0.4671568907098371
3.333487959 0.46683593170021065
3.334839191 0.46696955133237916
3.336190422 0.46674607502886506
3.3375416540000002 0.4664160061736985
3.3388928850000004 0.4661115015692103
3.340244116 0.46561296137196767
3.341595348 0.4641046114428078
3.342946579 0.4625843652744767
3.344297811 0.46104669389323794
3.345649042 0.45952910218924226
3.347000274 0.45800256254039723
3.348351505 0.4564957182417308
3.3497027360000002 0.4549942164677937
3.351053968 0.4518814168901269
3.3524051989999997 0.4483400317120219
3.353756431 0.44477870444140566
3.355107662 0.4411886025998489
3.3564588939999997 0.4375765195836148
3.357810125 0.43397560137032276
3.359161357 0.43035588698203564
3.360512588 0.4283142191631745
3.3618638190000003 0.4288513247389037
3.363215051 0.4293825488313181
3.3645662819999997 0.42994183921672907
3.3659175140000004 0.4304917550067391
3.367268745 0.43103280456691745
3.368619977 0.43155232868138793
3.369971208 0.4320788494137536
3.371322439 0.4361632859438871
3.372673671 0.4406501524917508
3.374024902 0.44550630929028856
3.375376134 0.44968334367128515
3.3767273650000003 0.45387833873211236
3.378078597 0.4580664517011125
3.3794298279999997 0.4622634638678854
3.38078106 0.4648075005402076
3.382132291 0.46612330578529915
3.383483522 0.4674450650860282
3.384834754 0.4687559086970727
3.386185985 0.4700838088316941
3.387537217 0.4713939415699007
3.3888884480000003 0.4726896134362217
3.39023968 0.47371010709000877
3.3915909109999998 0.4734478251797994
3.3929421430000004 0.47317973448022377
3.3942933739999996 0.47285845225871065
3.3956446049999998 0.47252657030085243
3.396995837 0.4721800620764389
3.398347068 0.4718111910445237
3.3996983 0.47144410400466996
3.401049531 0.4710144873001844
3.402400763 0.470577150613119
3.4037519940000003 0.4701068181493496
3.405103225 0.46961265717928213
3.4064544569999997 0.4691091823633158
3.407805688 0.4685991486767556
3.40915692 0.46817738891156147
3.410508151 0.4681849273817174
3.411859383 0.46786371772792745
3.413210614 0.4675241894239273
3.4145618460000002 0.46716199197341823
3.4159130770000004 0.46727858640868686
3.4172643079999996 0.46694577906147083
3.41861554 0.46657916130419963
3.419966771 0.46620234793916965
3.4213180029999997 0.46619678103245155
3.422669234 0.466190973128273
3.424020466 0.4661922976827219
3.425371697 0.46621501964735457
3.4267229280000002 0.4662151669430115
3.42807416 0.46622298484100155
3.429425391 0.4662352088228142
3.4307766230000003 0.46616491437442814
3.432127854 0.4660528194299901
3.4334790859999997 0.4659501812958639
3.434830317 0.46585008244223836
3.436181549 0.46569417843778355
3.43753278 0.4655140847208553
3.4388840110000003 0.46534758284414657
3.440235243 0.4651504663598708
3.441586474 0.4647929802978191
3.4429377060000004 0.46443425030897617
3.4442889369999996 0.4646572302399125
3.445640169 0.4643488304366543
3.4469914 0.4640395498197057
3.448342631 0.4639333496643
3.449693863 0.46398164793165303
3.451045094 0.46391624699697237
3.452396326 0.46391707819421424
3.4537475570000002 0.4639268858446444
3.455098789 0.46395501002950645
3.45645002 0.46397734965768384
3.4578012520000003 0.4640284497666112
3.459152483 0.464089158033572
3.460503714 0.46431000119124954
3.461854946 0.4648009568793032
3.463206177 0.4652790507840869
3.464557409 0.46577019061853303
3.4659086400000003 0.46626557725794054
3.467259872 0.46676595773222485
3.468611103 0.4672721776999679
3.469962335 0.46777726908987455
3.4713135659999996 0.46798818331823366
3.4726647969999997 0.46819846767433054
3.474016029 0.46842315803266077
3.47536726 0.46864634392026405
3.476718492 0.4692568723936032
3.478069723 0.46965722093572154
3.479420955 0.4701321126942439
3.4807721860000003 0.47087760011607627
3.482123417 0.4714537502865735
3.483474649 0.47202513410097474
3.48482588 0.4726116237698511
3.486177112 0.4731897598228854
3.487528343 0.4737782507383011
3.488879575 0.4743712873276954
3.490230806 0.47496694865912864
3.491582038 0.4756857764265724
3.492933269 0.4763945961803251
3.4942845 0.47710648914072
3.495635732 0.4778164573792388
3.496986963 0.4785093871216668
3.4983381949999997 0.4792107406996538
3.4996894259999998 0.47989692992887323
3.501040658 0.4805213676687079
3.502391889 0.4811287256904022
3.50374312 0.48172563364912546
3.505094352 0.48232553023396724
3.506445583 0.4829143882292666
3.5077968150000003 0.48394309701614496
3.509148046 0.48461545642279236
3.5104992779999997 0.48543591008752085
3.511850509 0.4862967040731671
3.513201741 0.4869095895558668
3.514552972 0.48758974630481694
3.515904203 0.48827773403078606
3.517255435 0.4888687776892054
3.518606666 0.4893996424826081
3.519957898 0.48991435223858365
3.521309129 0.490367259886687
3.5226603610000002 0.49082506240619156
3.524011592 0.4912535807694158
3.5253628239999997 0.4916749355208776
3.526714055 0.4920855653405461
3.528065286 0.4924808888703284
3.529416518 0.49289014883836607
3.5307677490000002 0.49324807389684366
3.532118981 0.493565971096297
3.533470212 0.4938743863103443
3.5348214440000003 0.4946513789108618
3.536172675 0.49505627086247883
3.537523906 0.4953315757656569
3.538875138 0.4955969645493667
3.540226369 0.4958415256380547
3.5415776009999997 0.4959530449653821
3.542928832 0.49658762096297343
3.544280064 0.49673722738120124
3.545631295 0.49684531665996756
3.546982527 0.49695726559596787
3.548333758 0.49705440545113055
3.5496849889999997 0.4971519017471515
3.551036221 0.49722513173848293
3.552387452 0.4978277327749418
3.553738684 0.4978853597922242
3.555089915 0.4979278566193654
3.556441147 0.4979760543611744
3.5577923780000003 0.4980430612941315
3.5591436090000004 0.49811189939937917
3.560494841 0.498198601568295
3.561846072 0.49831672307193353
3.563197304 0.4984526530696206
3.5645485349999997 0.4986041946178455
3.565899767 0.4987399998650113
3.567250998 0.4988856076033492
3.5686022299999998 0.49938750695765105
3.569953461 0.49978423151521584
3.571304692 0.4999018991341515
3.572655924 0.5000057494741071
3.574007155 0.5001146977749032
3.575358387 0.500235628250203
3.5767096179999998 0.5003571717978831
3.57806085 0.5010566994193068
3.579412081 0.501190842587198
3.580763312 0.5012874763431348
3.582114544 0.5013707885544357
3.583465775 0.5014601457839892
3.5848170070000003 0.5020485452645742
3.5861682380000004 0.5022751529836046
3.58751947 0.5023885959060899
3.588870701 0.5025167615162436
3.5902219329999996 0.5026310758394256
3.5915731639999997 0.5026889334757033
3.592924395 0.5027510046651127
3.594275627 0.502797078290256
3.595626858 0.5028608854207713
3.59697809 0.5029411756861433
3.598329321 0.5030219659594554
3.5996805530000002 0.5031106420734592
3.601031784 0.5032093692451809
3.602383016 0.5033280488448575
3.603734247 0.5038715121829561
3.605085478 0.504104839743243
3.60643671 0.5041895906050429
3.607787941 0.5042772244243874
3.609139173 0.5043588159518948
3.610490404 0.5044523359420379
3.6118416360000003 0.5045117654259155
3.6131928670000004 0.5045633607377711
3.6145440979999997 0.5046166799882158
3.61589533 0.5046607333878049
3.617246561 0.5047102327763159
3.6185977929999997 0.504752249163945
3.619949024 0.5053096843805571
3.621300256 0.5053543603945981
3.622651487 0.5053683462200044
3.624002719 0.5053868700193618
3.62535395 0.5054145099832896
3.6267051809999997 0.5054321695421308
3.628056413 0.5054622550349196
3.629407644 0.5054914590971046
3.630758876 0.505534712031325
3.632110107 0.5056164019237457
3.633461339 0.5056884422598619
3.6348125700000002 0.5057480850242406
3.6361638010000004 0.505825097067136
3.637515033 0.5059038978946825
3.638866264 0.5059794571451304
3.640217496 0.5060631480841646
3.6415687269999997 0.5061886723017843
3.642919959 0.5063162177629831
3.64427119 0.5064420839796275
3.6456224219999998 0.5065566277425757
3.646973653 0.5066656930630254
3.648324884 0.5067589235452755
3.649676116 0.5072547230227478
3.6510273470000003 0.5076203812024989
3.652378579 0.5078010852829615
3.6537298099999997 0.5079839821553662
3.655081042 0.5081725236249435
3.656432273 0.5083419790067174
3.657783504 0.508510470406379
3.659134736 0.5086720480966548
3.660485967 0.5087901918905293
3.6618371990000003 0.5088603608265165
3.66318843 0.5089208759081926
3.664539662 0.508987789521812
3.665890893 0.509077649522434
3.667242125 0.5091668912329375
3.6685933559999997 0.5092528903006559
3.669944587 0.5098650654920891
3.671295819 0.510019472537963
3.67264705 0.5101512610308806
3.673998282 0.5102800343993733
3.675349513 0.5103892061788375
3.676700745 0.5105052372797012
3.6780519760000003 0.5106250379861804
3.679403208 0.5107458298950289
3.6807544389999998 0.5108787096705059
3.68210567 0.5109990315317157
3.683456902 0.511115079869328
3.684808133 0.5112360121677663
3.686159365 0.5113324253406971
3.687510596 0.511424774186522
3.688861828 0.5115229745584368
3.690213059 0.5115876040072208
3.6915642899999996 0.5115432640223978
3.692915522 0.5115061761044151
3.694266753 0.5120619194428632
3.6956179849999997 0.5120371820578962
3.696969216 0.5120041755947886
3.698320448 0.5119622235874951
3.699671679 0.5119235347111721
3.701022911 0.5118705394329178
3.702374142 0.5118103784098207
3.703725373 0.5117567968463012
3.7050766050000004 0.5116917907852367
3.706427836 0.5116303800312906
3.707779068 0.5115881357137797
3.709130299 0.5115440191550695
3.710481531 0.5115221116989953
3.711832762 0.5115417219343896
3.713183993 0.5115553152855166
3.714535225 0.5115695954365695
3.7158864560000002 0.5115727380678428
3.717237688 0.5115660641408047
3.7185889189999997 0.5115660252219237
3.719940151 0.5115603980651825
3.721291382 0.5115557395983918
3.7226426139999997 0.511570731323783
3.723993845 0.5115931255270401
3.725345076 0.5116199767252269
3.726696308 0.5116503040806515
3.7280475390000003 0.5116664414803175
3.729398771 0.5116744025894377
3.730750002 0.5116836503715649
3.7321012340000004 0.5116917475047629
3.733452465 0.5117112217486142
3.7348036959999997 0.5117368088188061
3.736154928 0.5123580143196221
3.737506159 0.512407720190413
3.738857391 0.5124618721766945
3.740208622 0.5126142099399695
3.741559854 0.5130444931817453
3.7429110850000002 0.5130215451181335
3.744262317 0.5129879859914546
3.7456135479999997 0.5129598448414197
3.746964779 0.5129382221700928
3.748316011 0.5129243020800964
3.749667242 0.512920310673662
3.751018474 0.5129067327808023
3.752369705 0.51289900755292
3.753720937 0.5129159752842726
3.7550721680000003 0.5129370858996313
3.7564234 0.5129575261706206
3.757774631 0.5129811799077245
3.759125862 0.5130004751013536
3.7604770939999996 0.5130174545968273
3.7618283249999998 0.5130305874467269
3.763179557 0.5130390829145174
3.764530788 0.5130601749377907
3.76588202 0.513092646467557
3.767233251 0.5131335691794755
3.768584482 0.5131951254534516
3.7699357140000003 0.5132615486069644
3.771286945 0.513301201470565
3.7726381769999997 0.513339650227022
3.773989408 0.5133882332731594
3.77534064 0.5134341518980041
3.776691871 0.5138937319017591
3.778043103 0.5141241406194628
3.779394334 0.5141640486318412
3.780745565 0.5142531000295563
3.7820967970000003 0.5143837521797587
3.7834480279999996 0.5145143598979753
3.7847992599999998 0.5146553611808159
3.786150491 0.5148002271959932
3.7875017229999997 0.5149350163636787
3.7888529539999998 0.5150709563081202
3.790204185 0.5151800746365164
3.791555417 0.5151522338332593
3.792906648 0.5151202111351109
3.79425788 0.5150872169823221
3.795609111 0.5150573496593022
3.7969603430000003 0.515042172503896
3.798311574 0.5150191394327266
3.7996628059999997 0.5149853862249167
3.801014037 0.5150684202479454
3.802365268 0.5151650914821111
3.8037165 0.515243145753558
3.8050677310000003 0.5153337180263875
3.806418963 0.5154120073938308
3.807770194 0.5154748105031826
3.8091214260000004 0.51554334267042
3.8104726569999996 0.5155765739419262
3.811823889 0.5155519602382967
3.81317512 0.515532263625084
3.814526351 0.5155060365460142
3.815877583 0.5154751041412362
3.817228814 0.515574379176266
3.818580046 0.5159777653444066
3.8199312770000002 0.5159039564492203
3.821282509 0.5158314544435629
3.82263374 0.5157520126764789
3.823984971 0.5156685104856326
3.825336203 0.5155846226768381
3.826687434 0.5154869050959349
3.828038666 0.515379752500266
3.829389897 0.5152807795891413
3.830741129 0.5151688679675447
3.8320923600000003 0.515027969190633
3.833443592 0.5148852860272719
3.834794823 0.5147367503837591
3.836146054 0.5145780056845733
3.8374972859999996 0.5144272901151615
3.8388485169999997 0.5147441534795514
3.840199749 0.5146459825642282
3.84155098 0.514471311140291
3.842902212 0.5142952835561014
3.844253443 0.5141084416323188
3.845604674 0.5139192325395481
3.8469559060000003 0.5137160082868804
3.848307137 0.5134988817991145
3.849658369 0.5132817051027937
3.8510096 0.513060153897324
3.852360832 0.5128297524195399
3.853712063 0.512600771006915
3.855063295 0.5123709439360766
3.856414526 0.5121309689356384
3.857765757 0.5123441823631785
3.859116989 0.5122420410855346
3.86046822 0.5119897480532692
3.861819452 0.5117527102465146
3.863170683 0.5115244947981239
3.8645219149999996 0.5112851819768581
3.8658731459999998 0.5110461597769785
3.867224377 0.5108037145750489
3.868575609 0.5105551547580381
3.86992684 0.5103114534323563
3.871278072 0.5100583508865989
3.872629303 0.5097986512623979
3.8739805350000003 0.5095420767875788
3.875331766 0.509295615549849
3.876682998 0.5090500842003242
3.878034229 0.5088078897139677
3.87938546 0.5085709042648173
3.880736692 0.5083292457362095
3.882087923 0.5080930593867595
3.883439155 0.5078715536077627
3.884790386 0.5076438323549559
3.886141618 0.5074237309899474
3.887492849 0.5072207107449571
3.8888440810000002 0.5070150989211024
3.890195312 0.5068101004341253
3.891546543 0.5066143610064171
3.892897775 0.5064273795687876
3.894249006 0.5062393490447974
3.895600238 0.506054381374206
3.8969514690000002 0.5058704222008493
3.898302701 0.5062714916000159
3.899653932 0.5061111472805406
3.9010051629999998 0.5059589160161333
3.902356395 0.5058084412074909
3.903707626 0.5056768050622825
3.905058858 0.5055539686636369
3.906410089 0.5054363038558319
3.9077613209999997 0.505330422790543
3.909112552 0.5052282814938003
3.910463784 0.5051301794301623
3.911815015 0.5050565188821291
3.913166246 0.5050133094357312
3.914517478 0.5052726603798333
3.9158687089999997 0.5055196962528695
3.917219941 0.5055151388238274
3.918571172 0.5055063198018896
3.919922404 0.5055062668874478
3.921273635 0.5055301725558141
3.922624866 0.5055596298151787
3.9239760980000002 0.5055959060105653
3.9253273290000004 0.5056495774757898
3.926678561 0.5057160581021792
3.928029792 0.5057879345777135
3.929381024 0.5058770263058441
3.9307322549999997 0.505980674850713
3.932083487 0.5060763696123945
3.933434718 0.5061762406149025
3.934785949 0.5062718847094502
3.936137181 0.5063458279307511
3.937488412 0.506695417287462
3.938839644 0.5070592232728549
3.940190875 0.5071295393269112
3.941542107 0.5072500961085157
3.9428933379999997 0.5073570779774974
3.944244569 0.5074372714012274
3.945595801 0.5074882193550179
3.946947032 0.5075141098922133
3.948298264 0.5074845675248001
3.949649495 0.5073982987189488
3.9510007270000003 0.5072061408151464
3.9523519580000004 0.506933709085439
3.95370319 0.5065851745367225
3.955054421 0.5061602700249509
3.956405652 0.505657207613397
3.9577568839999997 0.5050451218187547
3.959108115 0.504311599339062
3.960459347 0.503466092520925
3.961810578 0.5024851432951842
3.96316181 0.5013556325060737
3.964513041 0.500070462481374
3.965864273 0.49861091783868755
3.967215504 0.4969655188217392
3.968566735 0.49513686844238075
3.9699179669999998 0.4936161743565801
3.971269198 0.49140874437680754
3.97262043 0.4889026727927052
3.973971661 0.4861564646350341
3.975322893 0.48314271449191165
3.976674124 0.4798658961776492
3.978025355 0.4768687696749471
3.9793765870000004 0.4730340445600644
3.9807278179999996 0.4688989143557256
3.98207905 0.46447695309051595
3.983430281 0.4597253324594262
3.9847815129999997 0.45461708005953183
3.986132744 0.44921102887826586
3.987483976 0.44349365345129244
3.988835207 0.43746280223571465
3.9901864380000003 0.4311358572785141
3.99153767 0.4245268000829104
3.9928889009999997 0.4176230884528943
3.994240133 0.41043648442223085
3.995591364 0.4029531167330086
3.996942596 0.39521055861183974
3.998293827 0.3872371388840064
3.999645058 0.37906786807363063
4.00099629 0.370702250705592
4.002347521 0.36215230149324046
4.003698753 0.3534548133563065
4.005049984 0.34464013638296964
4.006401216 0.33565166097834737
4.007752447 0.32660798922711193
4.009103679 0.3175174219913257
4.01045491 0.30839893073710634
4.011806141 0.29930680273586
4.013157373 0.29025152159329026
4.014508604 0.28123151241379274
4.015859836 0.2722287588978276
4.017211067 0.26330290997969535
4.018562299 0.2546378737401159
4.01991353 0.2460275541103305
4.021264761 0.23766257751611788
4.022615993 0.2291765405319359
4.023967224 0.2208355528089249
4.025318456 0.21266147125105336
4.026669687 0.20468320308344404
4.028020919 0.1968586490862341
4.02937215 0.18923099288499093
4.030723382 0.18182945362464303
4.032074613 0.1746326060929849
4.033425844 0.16762133303781943
4.034777076 0.16082567457002314
4.036128307 0.15426038829401154
4.037479539 0.14786045013185226
4.03883077 0.14168389022229208
4.040182002 0.1357356788869666
4.041533233 0.12999876467839974
4.042884465 0.12445102392267875
4.044235696 0.1191290273499082
4.0455869269999996 0.11401009505764403
4.046938159 0.10904066912623765
4.04828939 0.10428494774207692
4.049640622 0.0997145655024771
4.050991853 0.09529159992129017
4.052343085 0.09102970692439066
4.053694316 0.08697098750725056
4.055045547 0.08306062907746224
4.056396779 0.07928249971354805
4.05774801 0.07569028650940206
4.059099241999999 0.07224037630700614
4.0604504729999995 0.06894993952659442
4.061801705 0.065803449303941
4.063152936 0.06278538752589752
4.064504168 0.059856926255476735
4.065855399 0.05704836765395274
4.06720663 0.05438687367830378
4.0685578620000005 0.05183051487985906
4.069909093000001 0.04936591987609576
4.071260325 0.04702646706007949
4.072611556 0.04484952330614246
4.073962788 0.04270785744904156
4.075314019 0.04065399294457167
4.07666525 0.038707819818064565
4.078016482 0.03683861506496426
4.079367713 0.035032482644480056
4.080718945 0.0333331259352181
4.082070176 0.031714881146105406
4.083421408 0.03013293053189809
4.084772639 0.028645452142560982
4.086123871 0.0272411001491793
4.087475102 0.02588889073216681
4.088826333 0.024571738555950937
4.090177565 0.023358621393252496
4.091528796 0.022185379441843546
4.092880028 0.021046607869085934
4.094231259 0.019979417264271167
4.095582491 0.01898235905285908
4.096933722 0.01801082342813238
4.098284953 0.017071819437913194
4.0996361850000005 0.016224005737015122
4.100987416 0.015392436764023175
4.102338648 0.014585069802539022
4.103689878999999 0.013838222736164398
4.105041110999999 0.013149467313672053
4.106392342 0.012444925268135978
4.107743574 0.011784977761234128
4.109094805 0.011185467761586208
4.110446036 0.010603562621295668
4.111797268 0.01003098577356117
4.113148499 0.009506118705441057
4.1144997309999995 0.009031645605288132
4.115850962000001 0.008533928101147075
4.117202194000001 0.00807570272830472
4.118553425 0.0076636579979356976
4.119904657 0.007268194810745939
4.121255887999999 0.0068515113780681465
4.122607119 0.006502457907753115
4.123958351000001 0.006171728038615502
4.125309582 0.005833237897416674
4.126660814 0.005514965893047275
4.128012045 0.005244049285446967
4.129363277 0.004974201340163824
4.130714508 0.004683648160401675
4.132065739 0.004443408167705676
4.133416971 0.004216235715470689
4.134768202 0.003981604174137969
4.136119434 0.003747802774623381
4.1374706649999995 0.0035765461412747774
4.138821897 0.0033798509737273147
4.140173128000001 0.003181858864590116
4.14152436 0.0030119121693763335
4.142875591 0.002872819446054418
4.144226821999999 0.0027009227055563734
4.145578054 0.0025422190595800875
4.146929285000001 0.002422171987429577
4.148280517 0.002297650669957137
4.149631748 0.0021577540996659743
4.15098298 0.0020421839349543313
4.152334211 0.0019623691841870418
4.153685442 0.0018418598459315177
4.155036674 0.0017350591027177238
4.156387905 0.001652273196404111
4.157739136999999 0.0015784502881443225
4.159090368 0.0014614295611334316
4.1604416 0.001391637305427634
4.161792831 0.0013331364954186035
4.163144063 0.0012564793158926757
4.164495294 0.0011617428426999657
4.165846525 0.0011144184863699487
4.167197757 0.0010624769987315854
4.1685489879999995 0.0009849039725520548
4.169900220000001 0.0009232949630083735
4.171251451 0.0008891390008807268
4.172602683 0.0008392959379601792
4.173953914 0.0007682692521587064
4.1753051459999995 0.0007390596282077438
4.1766563770000005 0.0007087125399142284
4.178007608 0.0006574877301961191
4.17935884 0.0005989405275043129
4.180710071 0.0005931815499191249
4.182061303 0.0005562569057847205
4.183412534 0.0005111699440843844
4.184763766 0.0004806044966610376
4.186114997 0.0004859776300293069
4.187466228 0.00043836081125639127
4.18881746 0.00040071274345893234
4.190168691 0.0003834003467104765
4.1915199229999995 0.00037106796598179704
4.1928711540000005 0.0003205333630555831
4.194222386000001 0.0003036703774394015
4.195573617 0.0003018912317835518
4.196924849 0.00027639242864618173
4.198276079999999 0.00023123111304837753
4.199627311 0.00021875002565611724
4.200978543 0.00021835371230716918
4.202329774 0.00018404389358972546
4.203681006 0.00016242473971543917
4.205032237 0.00016849795849351685
4.206383469 0.00016647183148882136
4.2077347 0.00011879297331601251
4.209085931 0.00011182227352745592
4.210437163 0.00011595962754638952
4.211788394 9.662984175299627e-05
4.213139626 4.8073821681022524e-05
4.2144908569999995 6.016065001369436e-05
4.215842089 6.421488271146586e-05
4.217193320000001 3.635454414443875e-05
4.218544552 2.2172065559280065e-05
4.219895783 3.256413921386287e-05
4.221247013999999 2.4829262078238816e-05
4.2225982459999996 1.2424874682643499e-05
4.223949477 7.099036998731324e-06
4.225300709 1.9732400810791864e-05
4.22665194 8.547239298782824e-06
4.228003171999999 9.110818431852146e-08
4.229354403 3.194656605158731e-08
4.2307056339999995 6.482011223376088e-06
4.232056866 9.246475238460538e-09
4.233408097000001 5.37816920446799e-09
4.234759329 5.376524629691276e-09
4.23611056 5.374875186282068e-09
4.237461792 5.373221578434897e-09
4.238813023 5.371564302973884e-09
4.240164255 5.369891842107345e-09
4.241515486 5.368128722233388e-09
4.242866717 5.371679251456039e-09
4.244217949 5.370728699970351e-09
4.24556918 1.2524074045015305e-07
4.246920412000001 6.158371424854153e-08
4.248271643 5.3713390282915244e-09
4.249622875 5.369570090434949e-09
4.250974105999999 5.3677233883567455e-09
4.2523253379999995 5.365849001929554e-09
4.2536765690000005 5.363976764271272e-09
4.2550278 5.362107054140807e-09
4.256379032 5.360241633536299e-09
4.257730263 5.3583793994478736e-09
4.259081495 5.356521076490471e-09
4.260432726 5.351463920401562e-09
4.261783958 5.339614215770966e-09
4.263135189 5.32777601861939e-09
4.26448642 5.31595002820294e-09
4.265837652 5.304135215941943e-09
4.267188883 5.292332892733391e-09
4.2685401149999995 5.2805430608157416e-09
4.2698913460000005 5.268764884890023e-09
4.271242578000001 5.252383611113862e-09
4.272593809 5.235613964178144e-09
4.273945041 5.218859056061818e-09
4.275296271999999 5.202120821062127e-09
4.276647503 5.185397714374332e-09
4.277998735 5.168689347951043e-09
4.279349966 5.151997928042737e-09
4.280701198 5.155875392206013e-09
4.282052429 5.178803873394905e-09
4.283403661 5.201724739473408e-09
4.284754892 5.2246360590173476e-09
4.286106123 5.247538511642256e-09
4.287457355 5.270432955726725e-09
4.288808586 5.293317752911138e-09
4.290159818 5.313387140149255e-09
4.2915110489999995 5.312532423823769e-09
4.292862281 5.311682093054415e-09
4.294213512000001 5.317982120164469e-09
4.295564744 5.32191340765182e-09
4.296915975 5.321075091717962e-09
4.298267206 5.3202416928148205e-09
4.299618438 5.319411895181886e-09
4.300969669 5.3179868323339955e-09
4.302320901 5.316330962411798e-09
4.303672132 5.31467791791694e-09
4.305023363999999 5.313027346963266e-09
4.306374595 5.31138023975135e-09
4.3077258259999995 5.3097347484001896e-09
4.309077058 5.3080908227178805e-09
4.310428289000001 5.306435625469685e-09
4.311779521 5.304752482777493e-09
4.313130752 5.303069863112813e-09
4.314481984 5.301387598053889e-09
4.315833215 5.2997045695805236e-09
4.317184447 5.298020844779724e-09
4.318535678 5.2963358853932356e-09
4.319886909 5.294648864813158e-09
4.321238141 5.293104265420006e-09
4.322589372 5.291570009702842e-09
4.323940604000001 5.290032245700092e-09
4.325291835 5.2884908467468915e-09
4.326643067 5.2869450556222055e-09
4.327994297999999 5.285394406556431e-09
4.329345529999999 5.28383854126736e-09
4.3306967610000004 5.282226933353023e-09
4.332047992 5.280562243755337e-09
4.333399224 5.278890796837151e-09
4.334750455 5.277212253007497e-09
4.336101687 5.27552610641188e-09
4.337452918 5.2738317096886655e-09
4.33880415 5.27212891823e-09
4.340155381 5.270414735819144e-09
4.341506612 5.268673024448354e-09
4.342857844 5.266921686192099e-09
4.344209075 5.265159834203353e-09
4.3455603069999995 5.266631545037654e-09
4.3469115380000005 5.2673921134658066e-09
4.34826277 5.265563909260895e-09
4.349614001 5.263596214968647e-09
4.350965233 5.261571366023382e-09
4.352316464 5.265512389954431e-09
4.353667695 5.263441448583729e-09
4.355018927 5.261357814996835e-09
4.356370158 5.259259906165682e-09
4.35772139 5.2571487923738206e-09
4.359072621 5.255023909904361e-09
4.360423853 5.25293435801922e-09
4.361775084 5.250940893138867e-09
4.363126315000001 5.248932550709394e-09
4.364477547000001 5.246908631472734e-09
4.365828778 5.244870056377277e-09
4.36718001 5.242815750247369e-09
4.3685312409999995 5.24074559192986e-09
4.369882473 5.238660344085169e-09
4.371233704 5.236519285452186e-09
4.372584936 5.234358588982955e-09
4.373936167 5.232182562948404e-09
4.375287398 5.2299895974839245e-09
4.37663863 5.227780862547691e-09
4.377989861 5.225556694683611e-09
4.379341093 5.223315232337614e-09
4.380692324 5.221111392581913e-09
4.382043555999999 5.218942410534513e-09
4.383394787 5.216756375147763e-09
4.3847460179999995 5.2145550159033665e-09
4.38609725 5.212337910888428e-09
4.387448481000001 5.210104370966423e-09
4.388799713 5.2078558460803705e-09
4.390150944 5.205588190366209e-09
4.391502176 5.203276775426106e-09
4.392853407 5.200950909789725e-09
4.394204639 5.1986098361487825e-09
4.39555587 5.196254070143789e-09
4.396907101 5.194202097461972e-09
4.398258332999999 5.192290430027432e-09
4.399609564 5.190364454629605e-09
4.400960796000001 5.188417536906706e-09
4.402312027 5.18645310129042e-09
4.403663259 5.184475505750321e-09
4.405014489999999 5.182567663379079e-09
4.406365721999999 5.1861741318987506e-09
4.407716953 5.184156064723862e-09
4.409068184 5.182126126416108e-09
4.410419416 5.180077603987676e-09
4.411770647 5.17800370377705e-09
4.413121879 5.17663751667719e-09
4.41447311 5.179716545925925e-09
4.415824342 5.177609253654449e-09
4.417175573000001 5.175492430071296e-09
4.418526804 5.173366565950714e-09
4.419878036 5.171232292720461e-09
4.421229266999999 5.169110704319704e-09
4.4225804989999995 5.166983609213199e-09
4.4239317300000005 5.164849430635312e-09
4.425282962 5.1627086814677135e-09
4.426634193 5.160561814881792e-09
4.427985425 5.158409237446736e-09
4.429336656 5.156251770436247e-09
4.430687887 5.154042137451219e-09
4.432039119 5.151782590140212e-09
4.43339035 5.149519865883578e-09
4.434741582 5.147253878005581e-09
4.436092813 5.1449852771686796e-09
4.437444045 5.142715005488013e-09
4.438795276 5.140442832538538e-09
4.440146507000001 5.138176280838594e-09
4.441497739000001 5.135963795074379e-09
4.44284897 5.133750682008632e-09
4.444200202 5.131503899486439e-09
4.445551432999999 5.129061098451006e-09
4.446902665 5.126619249467115e-09
4.448253896 5.1241800083394955e-09
4.449605128 2.01926388523843e-07
4.450956359 1.596733403754019e-07
4.45230759 5.116796923722034e-09
4.453658822 5.114322296075922e-09
4.455010053 5.111850994901352e-09
4.456361285 5.1093854442720605e-09
4.457712516 5.1069238428218346e-09
4.459063747999999 5.1044668958582534e-09
4.460414979 2.055559491911048e-08
4.4617662110000005 2.60949003747852e-06
4.463117442 1.7245209804629496e-08
4.464468673000001 5.094819713766573e-09
4.465819905 5.092429202409266e-09
4.467171136 5.09004574015949e-09
4.468522368 5.087669614689544e-09
4.469873599 5.085299603689622e-09
4.471224831000001 5.082932408428736e-09
4.472576062 5.080572122233621e-09
4.473927293 5.078218384877558e-09
4.475278524999999 5.0758736057316284e-09
4.476629756 5.077043408913971e-09
4.4779809880000006 5.076772182562867e-09
4.479332219 5.0744486739080074e-09
4.480683451 5.07213130022194e-09
4.482034682 5.069820227872092e-09
4.483385914 5.067518748473518e-09
4.484737145 5.069471911482643e-09
4.486088376 5.068696941654807e-09
4.487439608 5.0664162542222094e-09
4.488790839 5.064142215862787e-09
4.490142071 5.061870489373044e-09
4.491493302 5.0595608612277775e-09
4.492844534 6.513820728516736e-09
4.494195765000001 3.8098850705191704e-07
4.495546996 6.535378377307582e-08
4.496898228 5.050162907723212e-09
4.498249458999999 5.047781632692686e-09
4.4996006909999995 1.7706924026404037e-07
4.5009519220000005 9.02967123888207e-07
4.502303154 6.161681203310042e-09
4.503654385 5.03853963559794e-09
4.505005617 2.9220198223056118e-08
4.506356848 7.82878708999317e-06
4.507708079 2.5031342363189765e-08
4.509059311 5.0294841213518795e-09
4.510410542 6.397524724045655e-09
4.511761774 5.789031399862711e-07
4.513113005 1.0941140327738416e-07
4.514464237 6.332676488177859e-09
4.5158154679999996 5.177857105893248e-08
4.517166699000001 4.5833469487998474e-07
4.518517931 4.650297064087985e-07
4.519869162 6.986951022203453e-09
4.521220394 8.655231034843451e-08
4.522571624999999 1.5403010524725359e-06
4.523922857 1.6558858120410609e-06
4.525274088 2.4871284571785567e-08
4.52662532 2.3208622465020712e-08
4.527976551 4.4266345200128384e-06
4.529327782 2.4214905254573607e-08
4.530679014 4.993694417760415e-09
4.532030245 4.991397775118677e-09
4.533381477 4.989095663165887e-09
4.534732708 4.9867869589335855e-09
4.53608394 4.984471167939986e-09
4.537435171 4.9821477340576756e-09
4.5387864030000005 5.563593754803848e-08
4.540137634 1.2836127856812546e-06
4.541488865 1.0386258669789476e-08
4.542840097 4.9727719335365525e-09
4.544191328 9.903815274823752e-09
4.5455425599999995 1.7227183482591088e-06
4.5468937910000005 8.513917924602707e-08
4.548245023000001 4.963164142288645e-09
4.549596254 4.960719057936796e-09
4.550947485 1.7178719638522336e-07
4.552298716999999 9.863940717024613e-07
4.553649948 6.851858697074343e-09
4.5550011800000005 4.951064574910359e-09
4.556352411 1.6839940882271485e-08
4.557703643 3.2904194357606777e-06
4.559054874 4.3503228070292587e-08
4.560406106 1.743095911026918e-08
4.561757337 2.4265869541973346e-06
4.563108568 4.532995826674319e-06
4.5644598 4.732840534920302e-07
4.565811031 5.3365915611818264e-09
4.567162263 4.933623949657933e-09
4.568513493999999 1.8219518283574176e-08
4.569864726 1.6104527107266082e-06
4.571215957000001 2.107407301807684e-08
4.572567188 3.027155967658069e-08
4.57391842 8.112999033776036e-06
4.575269650999999 3.4116293088227736e-06
4.5766208829999995 1.9738318677844255e-07
4.5779721140000005 4.983912603679338e-09
4.579323346 1.6024190515567448e-07
4.580674577 1.4364713707139607e-07
4.582025809 4.908408064178946e-09
4.58337704 4.905461482509165e-09
4.584728271 3.060440451211162e-08
4.586079503 5.467309674066356e-06
4.587430734 2.6506065166866937e-08
4.588781966 4.893387665048068e-09
4.590133197 4.988960125472398e-09
4.591484429 5.57329820912392e-07
4.5928356599999995 5.218244941243728e-07
4.5941868910000005 4.880571014090192e-09
4.595538123 4.877269648550113e-09
4.596889354 1.6063883561994128e-08
4.598240586 8.471856321196914e-07
4.599591817 1.7853662825995144e-08
4.6009430490000005 4.863746996835131e-09
4.60229428 4.860281501881971e-09
4.603645512 1.1642903192416196e-07
4.604996743 1.772850833555033e-07
4.606347974 5.362850741300314e-09
4.607699206 4.846097977749097e-09
4.609050437 1.762205961750092e-08
4.610401669 2.5586635159276307e-06
4.611752900000001 4.1496937086956774e-08
4.613104132 1.0111718865528194e-08
4.614455363 2.944500860258928e-07
4.6158065950000005 9.55945904583013e-07
4.617157826 3.3329517878993094e-07
4.618509057 6.746613807449947e-09
4.619860289 4.6124689977749515e-08
4.62121152 2.0850456866462014e-07
4.622562751999999 7.070591036487497e-09
4.6239139830000004 4.805543009839933e-09
4.625265215000001 8.067605821822924e-09
4.626616446 4.0063980242917517e-07
4.627967677 5.7968936565643805e-08
4.629318908999999 4.789147727946776e-09
4.63067014 4.7849898059081975e-09
4.6320213720000005 5.976177115927502e-08
4.633372603 2.822309510747276e-06
4.634723835 1.6541907734776488e-08
4.636075066 4.7681329756371126e-09
4.637426298 5.415038451626973e-09
4.638777529 3.535092536662882e-07
4.64012876 2.5557516897954136e-07
4.641479992 4.787030523741805e-09
4.642831223 4.746484738436679e-09
4.644182455 1.7820504616632384e-08
4.645533685999999 1.909802762474665e-06
4.646884918 3.589356470739063e-08
4.648236149000001 4.728759953903328e-09
4.64958738 4.7242681262623335e-09
4.650938612 8.841450504363398e-08
4.652289842999999 6.379942820844268e-07
4.6536410749999995 8.460391576685079e-09
4.6549923060000005 7.264930459234926e-08
4.656343538 4.457629980839847e-06
4.657694769 6.853608355718208e-06
4.659046001 2.241224530381864e-07
4.660397232 5.764192177655139e-09
4.661748463 4.617655971092104e-07
4.663099695 5.242156589909917e-06
4.664450926000001 6.481389487330837e-06
4.665802158 3.3715753187582196e-08
4.667153389 2.0522773536794254e-08
4.668504621 3.965519872428438e-06
4.6698558519999995 6.318334988525533e-06
4.6712070830000005 9.888091605021357e-07
4.672558315 8.157001718107439e-09
4.673909546 6.639252155444207e-08
4.675260778 9.559661219421207e-07
4.676612009 1.1088570362890937e-08
4.6779632410000005 4.630426296825236e-09
4.679314472 5.660419410946478e-09
4.680665704 6.137676242734914e-07
4.682016935 4.406133347213839e-07
4.683368166 4.927724340489543e-09
4.684719398 4.605866681553627e-09
4.686070629 1.5376623615527658e-08
4.687421861 2.2583645379000803e-06
4.688773092 7.412402067217299e-08
4.690124324 4.58601102885492e-09
4.691475555 4.581090617413375e-09
4.6928267869999996 7.189614636648549e-08
4.694178018 4.479616181805457e-06
4.695529249 2.13754306818802e-08
4.696880481 1.961998742194941e-08
4.698231712 1.3069570267172833e-06
4.699582943999999 4.8787198717228005e-06
4.700934175 1.1218036641928094e-06
4.702285407000001 7.207741249378345e-09
4.703636638 4.542069545026544e-09
4.704987869 4.537195375309522e-09
4.706339100999999 4.532327173715968e-09
4.707690332 4.5274630775879625e-09
4.7090415640000005 4.52260375684124e-09
4.710392795 4.517925528874624e-09
4.711744027 1.9349042704977697e-08
4.713095258 2.041706992954767e-06
4.71444649 4.233121990490473e-08
4.7157977209999995 1.0649066225997072e-08
4.717148952 1.186710189437672e-06
4.718500184000001 5.651750007073344e-06
4.719851415 3.3733463472410347e-06
4.721202647 1.9051453616207527e-08
4.722553877999999 3.4835215219486056e-08
4.72390511 7.835285927531604e-06
4.725256341000001 7.865588355848833e-06
4.726607572 9.765220074300628e-07
4.727958804 7.857792671738595e-09
4.729310035 1.0658725074752812e-07
4.730661267 8.154143358701446e-06
4.7320124980000005 3.967196565648743e-06
4.73336373 1.8867203635020398e-07
4.734714961 4.5734242204654064e-09
4.736066193 3.742174212155959e-07
4.737417424 9.312682522036008e-06
4.738768654999999 4.7102141733157195e-06
4.740119887 2.345207520354875e-06
4.741471118000001 1.6888606206165116e-06
4.74282235 7.046859547439733e-06
4.744173581 5.603087409107867e-06
4.745524813 1.2777200666162662e-06
4.7468760439999995 2.4543688553191432e-08
4.748227276 1.2610607922159201e-08
4.749578507 1.9648432327528737e-06
4.750929738 1.4715875671359814e-07
4.75228097 4.381206512573568e-09
4.753632201 4.37671615622471e-09
4.7549834330000005 2.7928607810271494e-08
4.756334664 5.7674784196403976e-06
4.757685896 7.084230638516132e-08
4.759037127 9.253347170408687e-09
4.760388358 9.764676828270952e-07
4.76173959 6.939690461134899e-06
4.763090821 8.03747713124543e-06
4.764442053 3.510028437345014e-08
4.765793284 1.7304505369590623e-08
4.767144516 2.758753827986496e-06
4.768495747 7.689237634176641e-06
4.7698469789999995 2.9192876852458228e-06
4.77119821 1.7135846072501778e-08
4.772549441 3.46559797188476e-08
4.773900673 7.3184916755692e-06
4.775251904 8.202035503963266e-06
4.776603135999999 1.369543052582496e-06
4.777954367 1.0218779321716652e-08
4.779305599000001 5.0162167682183084e-08
4.78065683 5.577402404035368e-06
4.782008061000001 2.944824450704766e-06
4.783359293 3.11088607200338e-07
4.784710524 6.4564238097684284e-09
4.7860617560000005 1.0759823050170551e-07
4.787412987 9.394590396221487e-06
4.788764219 5.349995324870015e-06
4.79011545 1.9592582038783504e-06
4.791466682 4.786545996275204e-07
4.7928179129999995 2.212545129226681e-06
4.7941691440000005 2.596808427437828e-06
4.795520376000001 1.4847332949053171e-08
4.796871607 4.232893995277073e-09
4.798222839 4.22842998418708e-09
4.799574069999999 2.572043436046102e-07
4.800925302 1.8935855911551041e-06
4.802276533000001 1.1223359934920064e-08
4.803627764 2.842494028944621e-08
4.804978996 1.8250954194199159e-06
4.806330227 5.545420638893296e-06
4.807681459 1.4565275217811964e-06
4.80903269 9.093504587503444e-09
4.810383922 4.722627739821494e-08
4.811735153 3.903881411743834e-06
4.813086384999999 7.0120151114689355e-06
4.814437616 1.2054314121006347e-06
4.815788846999999 9.803243268096114e-09
4.817140079 6.197921607450713e-08
4.818491310000001 4.804885074745567e-06
4.819842542 5.689490969787822e-06
4.821193773 6.393566864946742e-07
4.822545005 6.765875167756141e-09
4.8238962359999995 9.404984118675076e-08
4.825247468 9.13761328207615e-06
4.826598699 8.983777877019297e-06
4.82794993 7.589045557627076e-07
4.829301162 6.631453193652523e-09
4.830652393 1.1001516474909752e-07
4.8320036250000005 1.0968184687855198e-05
4.833354856 7.952110714809394e-06
4.834706088 6.11964959482599e-07
4.836057318999999 6.4824718570407046e-09
4.83740855 1.3663993073328902e-07
4.838759782 9.084567534752177e-06
4.840111013 6.1176854920158185e-06
4.841462245 4.4345422379163536e-06
4.842813476 3.0146522443274457e-06
4.844164708 5.684527370989253e-06
4.845515939 1.1264593659408803e-05
4.8468671709999995 3.723702938204952e-06
4.8482184020000005 1.8742733626863878e-06
4.849569633 1.6239644288810783e-06
4.850920865 4.4290342558422545e-06
4.852272096 1.653917166278025e-05
4.853623327999999 8.004327264547068e-06
4.854974559 5.245180400364713e-06
4.856325791000001 4.566773825180379e-06
4.857677022 6.8366649435402475e-06
4.859028253 1.3931071449866486e-05
4.860379485 5.202684388391806e-06
4.861730716 3.615904586523057e-06
4.863081948 6.339553783457246e-06
4.864433179 9.138837425400501e-06
4.865784411 1.5299363178308093e-05
4.867135642 1.0760687018268988e-07
4.868486874 7.995543361691713e-09
4.8698381049999995 8.039831930390022e-07
4.8711893360000005 7.950829707443535e-06
4.872540568000001 1.1713712282572316e-05
4.873891799 5.896495148094681e-06
4.875243031 3.6992006632924903e-06
4.876594261999999 8.964052326397466e-06
4.8779454939999995 1.4352950751758923e-05
4.879296725000001 1.514191481968671e-05
4.880647956 8.612504122507675e-06
4.881999188 4.793421087749811e-06
4.883350419 8.791402442320386e-06
4.884701651 1.1738722297385514e-05
4.8860528819999995 9.701559925784512e-06
4.887404114 5.50725192525517e-06
4.888755345 2.6518538327059907e-06
4.890106576999999 7.3677980720454575e-06
4.891457808 1.4458239649364207e-05
4.892809038999999 1.0659966923468018e-05
4.894160271 5.066012419362565e-06
4.895511502000001 1.7151110598729804e-06
4.896862734 4.074221112046066e-06
4.898213965 1.1036107992736802e-05
4.899565197 5.305143363695714e-06
4.900916428 3.753436996435991e-06
4.902267660000001 3.717052966308357e-06
4.903618891 6.9399872433043805e-06
4.904970122 2.2512443551836174e-05
4.906321354 1.0310314037829108e-05
4.907672585 7.5290163703270396e-06
4.9090238170000005 7.630413458850905e-06
4.910375048 9.590243524738708e-06
4.91172628 1.7473415966021038e-05
4.913077511 5.158456977182597e-06
4.914428742 1.7514473825931465e-06
4.915779974 2.5624005384863984e-06
4.917131205 5.04776278143509e-06
4.918482437 1.105701717958807e-05
4.919833668 4.7410400749423e-07
4.9211849 4.4305441694071986e-09
4.922536131 1.5445638059349443e-07
4.9238873629999995 8.443084635349265e-06
4.9252385940000005 1.2074266800879192e-05
4.926589825 8.92744016566268e-06
4.927941057 3.1662179382156926e-06
4.929292288 4.587023847945113e-06
4.930643519999999 1.6336625347335937e-05
4.931994751 1.8019789003343185e-05
4.933345983000001 9.769825113723117e-06
4.934697214 1.975061483513629e-06
4.936048445 2.0689899904971066e-06
4.937399677 7.924874525566576e-06
4.938750908 1.0706504788181558e-05
4.94010214 9.784923257352734e-06
4.941453371 3.744128531864586e-06
4.942804603 2.831282658602095e-06
4.944155834 8.002819237731736e-06
4.945507066 1.3430747481875651e-05
4.9468582969999995 8.510206974070298e-06
4.9482095280000005 1.6219227740144613e-07
4.949560760000001 4.863039419549548e-09
4.950911991 5.202351878837255e-07
4.952263223 8.83697691408148e-06
4.953614453999999 5.371602433175658e-06
4.9549656859999995 4.143753659128858e-06
4.9563169170000005 3.489803674190526e-06
4.957668148 6.6793005364535565e-06
4.95901938 1.8617794209448304e-05
4.960370611 7.812300881145329e-06
4.961721843 5.275367711262979e-06
4.9630730739999995 4.744820859967939e-06
4.964424306 6.343460538972978e-06
4.965775537000001 1.4641907773954648e-05
4.967126769 7.436060401215229e-06
4.968478 3.851267025899521e-06
4.969829230999999 5.434955073296238e-06
4.971180463 7.838328326138124e-06
4.972531694000001 1.2345564589569259e-05
4.973882926 1.066058499302736e-05
4.975234157 5.302327200659958e-06
4.976585389 5.972803953314387e-06
4.97793662 8.68916842501543e-06
4.979287852000001 1.1242746057118838e-05
4.980639083 1.1992624984585413e-05
4.981990314 4.927138665000368e-06
4.983341545999999 3.994956663368526e-06
4.984692777 7.551099781170173e-06
4.986044009 1.242763870067697e-05
4.98739524 1.630565842317302e-05
4.988746472 6.323693916805056e-06
4.990097703 3.8116022710847236e-06
4.991448934 7.656774985816875e-06
4.992800166 1.4412350758892467e-05
4.9941513969999995 1.31555406691938e-05
4.995502629 9.205502447208433e-06
4.99685386 5.7832530340982735e-06
4.998205092 8.0803736691324e-06
4.999556323 1.5373593181770308e-05
5.0009075549999995 1.1315589433176638e-05
5.0022587860000005 8.48951282123444e-06
5.003610017 4.864069466349254e-06
5.004961249 4.915128902740933e-06
5.006312479999999 1.1002555883318969e-05
5.007663711999999 1.1843978070330733e-05
5.009014943 8.99078431204857e-06
5.010366175 5.911881310653299e-06
5.011717406 4.0434852702042735e-06
5.013068637 8.02557272444736e-06
5.014419869 1.2336137099364457e-05
5.0157711 9.337829813862939e-06
5.017122332 7.805658613744861e-06
5.018473563 7.297405776301477e-06
5.019824795000001 9.00474857023073e-06
5.021176026 1.4207434255219933e-05
5.022527258 5.443955715805783e-06
5.0238784889999994 2.093065934599532e-06
5.0252297200000005 2.2292179508797173e-06
5.026580952000001 2.890127268407943e-06
5.027932183 6.524533340761746e-06
5.029283415 4.158868317188894e-06
5.030634646 5.733314160829828e-07
5.031985878 7.165989967084633e-07
5.033337109 2.7040194107512506e-06
5.034688341 5.4513241625732795e-06
5.036039572 1.0627866362047586e-05
5.037390803 3.840872201617098e-06
5.038742035 2.3445449074562714e-06
5.0400932659999995 5.0263858134136155e-06
5.041444498 8.445477662864884e-06
5.042795729000001 1.0157303623419781e-05
5.044146961 6.057584474918734e-06
5.045498192 2.2957110519134343e-06
5.046849422999999 3.3563855477737705e-06
5.048200655 7.012362120743014e-06
5.049551886000001 7.386748457806355e-06
5.050903118 7.213384633562681e-06
5.052254349 3.3324698387086294e-06
5.053605581 2.8328584325760053e-06
5.054956812 7.324334561217678e-06
5.056308044000001 1.1240519293923915e-05
5.057659275 1.0412017556358327e-05
5.059010506 6.777658340367434e-06
5.060361737999999 3.7466127243356527e-06
5.061712969 5.780319200446e-06
5.063064201 1.0316667099896395e-05
5.064415432 7.125022969787422e-06
5.065766664 4.406069292348462e-06
5.067117895 1.735723987729959e-06
5.068469126 1.5422836252268715e-06
5.069820358 5.647893817826647e-06
5.0711715889999995 9.02891286134006e-06
5.072522821 6.932827107330049e-06
5.073874052 5.606202431985668e-06
5.075225284 4.637932250153819e-06
5.076576515 6.896406511352703e-06
5.0779277469999995 1.2854101823843225e-05
5.0792789780000005 6.652774037476883e-06
5.080630209 4.449118767241195e-06
5.081981441 4.976129206246462e-06
5.083332671999999 6.068341315125456e-06
5.084683904 8.863951551876146e-06
5.086035135 6.038497041949843e-06
5.087386367 1.8262162419124958e-06
5.088737598 1.8598086774687893e-06
5.090088829 3.7076522516835295e-06
5.091440061 6.4215124471961315e-06
5.092791292 1.170415200545243e-05
5.094142524 6.528964188482445e-06
5.095493755000001 4.075417545453909e-06
5.096844987000001 6.126941879138713e-06
5.098196218 8.657925558457708e-06
5.09954745 1.0027002904463053e-05
