Wavelength_microns Throughput
2.0004663860000003 1.2791299040985518e-15
2.002074478 5.183649531606889e-16
2.00368257 1.3705363889736054e-16
2.005290662 1.585454537303546e-17
2.006898754 8.439493557253085e-17
2.008506846 1.8646727173424453e-16
2.010114938 2.0328615382211017e-16
2.01172303 6.793053795385717e-17
2.013331122 3.296413488163434e-17
2.014939214 5.748246505152726e-17
2.016547306 9.520753145614414e-17
2.018155398 3.650929811069033e-17
2.01976349 3.7020668160413394e-17
2.021371582 9.602914709878306e-17
2.022979674 1.2934813526681828e-16
2.0245877660000002 9.027858435315603e-17
2.026195858 5.600955327608995e-17
2.027803949 3.943173382723429e-17
2.029412041 1.501586622736411e-17
2.031020133 7.641520225491848e-18
2.032628225 8.564933733906014e-18
2.034236317 1.8798210128881177e-17
2.035844409 1.990278454623751e-18
2.037452501 4.83058938678828e-20
2.039060593 3.913085028467546e-20
2.040668685 1.272253260416432e-19
2.042276777 4.399894611665781e-19
2.0438848689999998 4.454810159230168e-18
2.045492961 1.3961835250385886e-17
2.047101053 3.2611474895746066e-17
2.0487091449999997 6.606448854551463e-17
2.0503172370000002 1.088778820833621e-16
2.0519253290000004 3.011796225641784e-17
2.053533421 7.547556379775036e-18
2.055141513 3.5592980393122325e-18
2.056749605 4.063602258914859e-18
2.058357697 1.048095915086445e-18
2.059965788 7.700199615665258e-20
2.06157388 1.4191951442042837e-19
2.0631819719999998 4.0167734709289895e-18
2.064790064 3.50144587083776e-18
2.066398156 1.5370908408041695e-19
2.068006248 2.1413527514100354e-19
2.06961434 1.0487784542640127e-17
2.071222432 8.904968158648054e-17
2.072830524 7.956805394766147e-17
2.074438616 1.4798086111144624e-17
2.076046708 2.511250662732275e-19
2.0776548 6.435179509458915e-20
2.079262892 1.9795788540626066e-18
2.080870984 1.4681787767610324e-17
2.0824790760000003 7.366692689910331e-19
2.084087168 1.2801609539329787e-19
2.08569526 2.915884149487217e-18
2.0873033519999997 1.219433946226083e-16
2.088911444 3.839044026387388e-18
2.090519536 2.1155201123490078e-19
2.092127627 4.731764162604374e-18
2.0937357189999997 2.1280471740101072e-16
2.0953438110000002 1.1795970125826832e-16
2.0969519030000003 6.991653011645475e-17
2.098559995 1.1658866210815589e-17
2.100168087 1.2226295183468436e-17
2.101776179 5.2305342353144446e-17
2.103384271 4.967228934184967e-16
2.104992363 2.202739512319823e-16
2.1066004549999997 4.253828414440632e-18
2.1082085470000003 2.4182187409264726e-18
2.109816639 1.2871960065213025e-16
2.111424731 8.481647517907531e-16
2.113032823 2.494370420193905e-17
2.114640915 2.1807667117084968e-18
2.116249007 5.252281547953398e-18
2.1178570989999996 1.2928909740445779e-17
2.1194651909999997 3.1891283594069243e-18
2.1210732830000003 1.1101422186622403e-18
2.122681375 3.0251970702531556e-18
2.124289466 2.949157649804052e-17
2.125897558 1.7086136378815055e-16
2.1275056500000002 7.643574750185159e-16
2.129113742 2.9437606170690605e-16
2.130721834 8.408228805437906e-18
2.1323299259999997 3.556252427520634e-18
2.133938018 1.5461307798582556e-16
2.1355461100000004 2.354840734829952e-15
2.137154202 5.5341654219346115e-17
2.138762294 1.4377145205614075e-18
2.140370386 3.3267692483903654e-18
2.141978478 1.0158993079830348e-17
2.14358657 4.836537356483214e-18
2.1451946619999998 1.384843790071433e-18
2.146802754 4.144840143697098e-18
2.1484108460000004 1.3803718494220537e-16
2.150018938 1.620354420598076e-15
2.15162703 1.7517761171163692e-15
2.153235122 1.4140328278738086e-15
2.154843214 1.804550699145264e-16
2.156451305 5.607197727079996e-17
2.158059397 2.1477696879080153e-17
2.159667489 1.2190983994934247e-17
2.161275581 6.771861531595655e-18
2.1628836729999996 2.054436642898287e-18
2.164491765 3.663795302143649e-18
2.1660998570000003 1.266411318008221e-16
2.167707949 1.6754005870426345e-15
2.169316041 5.4716003312176796e-17
2.170924133 2.8343142305607324e-18
2.172532225 4.519946096470526e-17
2.174140317 1.4923918961245455e-15
2.1757484089999997 5.2364723012772455e-15
2.177356501 5.277671982838169e-15
2.1789645930000003 3.3768819680644377e-15
2.180572685 1.73075494754789e-15
2.182180777 9.833232734701127e-16
2.183788869 1.0319000617159691e-16
2.185396961 2.3259814380278016e-17
2.187005053 4.340570064036381e-18
2.1886131449999997 1.44839669560705e-18
2.1902212359999997 1.6150772922753216e-18
2.191829328 5.954615039104284e-18
2.1934374200000004 3.0833142919067554e-17
2.195045512 1.027624249003902e-17
2.196653604 3.881483231869605e-18
2.198261696 6.66292694390475e-17
2.199869788 2.536912154513597e-15
2.20147788 6.8840690206045365e-15
2.203085972 5.498143009557796e-15
2.204694064 4.518421327590077e-15
2.206302156 2.2469366988201425e-15
2.207910248 1.2903561259427979e-15
2.2095183400000002 8.430841330259064e-16
2.211126432 1.4108377513902653e-15
2.212734524 1.1563155850832325e-15
2.2143426159999997 9.701063184589014e-17
2.215950708 1.9561263965318448e-17
2.2175588 6.201796650287851e-17
2.219166892 2.0552056999201397e-16
2.220774984 1.1298873109861066e-16
2.222383075 4.5941800476988416e-17
2.2239911670000003 5.049087772153531e-17
2.225599259 1.5911633479747143e-16
2.227207351 3.7697263700618516e-16
2.228815443 4.87676491518818e-16
2.230423535 2.162804008778398e-15
2.232031627 9.513149105147185e-16
2.2336397189999997 2.245784085676825e-16
2.2352478110000003 3.6861530374092275e-16
2.236855903 4.643869836346968e-15
2.238463995 9.943452003994618e-14
2.240072087 2.6031225168243985e-14
2.241680179 8.755814732222462e-15
2.243288271 3.2973446659869364e-15
2.2448963629999996 1.2689661787698346e-15
2.2465044549999997 1.2651052966329178e-15
2.2481125470000003 3.845241043776238e-16
2.249720639 1.1945756761819978e-16
2.251328731 2.1558868293632327e-16
2.252936823 8.931597730661388e-16
2.2545449140000002 1.9481298675723007e-15
2.256153006 5.899521486040659e-16
2.257761098 1.8541270179294024e-16
2.2593691899999997 6.181270252829731e-16
2.260977282 4.659483537040619e-15
2.262585374 3.148376812539146e-14
2.264193466 1.7492708072269462e-13
2.265801558 1.259379857889981e-12
2.2674096500000003 9.64633648996077e-13
2.269017742 7.94403687525536e-13
2.270625834 5.54321952134728e-13
2.2722339259999997 5.180893423198418e-13
2.273842018 1.0947130661590842e-12
2.2754501100000004 1.8378629602808322e-13
2.277058202 6.440071183664036e-14
2.278666294 4.01545895748497e-14
2.280274386 1.7855521666289702e-14
2.281882478 1.3788285293118908e-14
2.28349057 4.518570094690557e-14
2.285098662 3.018326987216556e-13
2.286706753 6.770009763188412e-13
2.288314845 6.966082783058073e-13
2.2899229369999996 1.5768784957665373e-12
2.291531029 1.874313328955371e-12
2.2931391210000003 2.8480756801613857e-12
2.294747213 1.9644559215107474e-12
2.296355305 1.128345847425452e-12
2.297963397 1.1829686802807838e-12
2.299571489 1.4644490454742874e-12
2.301179581 1.922152965382659e-12
2.3027876729999996 7.497817573787969e-13
2.304395765 2.6256662862667115e-14
2.3060038570000003 1.6726476067126023e-15
2.307611949 4.081954835332683e-15
2.309220041 2.0048688277201257e-14
2.310828133 4.6645382344272676e-14
2.312436225 1.3416920367234042e-14
2.314044317 4.58795993531119e-15
2.3156524089999997 8.328900584189033e-15
2.3172605010000003 3.366949255449125e-14
2.318868592 1.4897612395775457e-13
2.3204766840000004 6.631006317228816e-13
2.322084776 4.931783683007392e-12
2.323692868 1.189012261743012e-11
2.32530096 1.0355873106575833e-11
2.326909052 9.180290125238703e-12
2.328517144 1.0006217232861277e-11
2.3301252359999998 1.381267989609792e-11
2.331733328 2.6684491079687145e-11
2.33334142 2.848566775666355e-11
2.334949512 3.515446214815618e-11
2.3365576040000002 1.186118563558783e-11
2.338165696 2.7097851393969634e-12
2.339773788 1.0445333443988964e-12
2.3413818799999997 2.8977413218320102e-12
2.342989972 1.0068495943369465e-11
2.344598064 1.0866203968796175e-11
2.346206156 3.334795764423829e-12
2.347814248 1.2993773741479904e-12
2.3494223400000003 5.696992149819954e-12
2.3510304310000003 4.787052641504291e-11
2.352638523 1.8157306493209628e-10
2.354246615 2.1518930252516072e-11
2.3558547069999998 2.7007385952192447e-12
2.357462799 1.7476859990414935e-12
2.359070891 5.395053308122479e-12
2.3606789829999997 2.285866356880241e-11
2.3622870750000002 9.088149155058035e-12
2.363895167 3.0932792023752215e-12
2.365503259 1.9244161697582633e-12
2.367111351 2.7643206985222657e-12
2.368719443 3.979527082278151e-12
2.370327535 1.471522382004786e-11
2.371935627 1.6096597232211754e-10
2.3735437189999997 1.930202508133815e-09
2.3751518110000003 5.688327168727867e-10
2.376759903 6.870332374565719e-11
2.378367995 1.3292250338745043e-11
2.379976087 1.4241630339701524e-10
2.381584179 2.0109045094855377e-09
2.383192271 4.619569910010315e-09
2.384800362 4.5677988966311454e-10
2.3864084539999997 5.274366793612996e-11
2.388016546 6.161968807267527e-11
2.389624638 4.0794629872440155e-10
2.39123273 3.6540907407242514e-09
2.392840822 6.961304635103777e-09
2.3944489140000003 1.2030704663785436e-08
2.396057006 1.8254517419437066e-08
2.397665098 2.3863386017868133e-09
2.3992731899999997 3.476077847411422e-10
2.400881282 3.9085263481455407e-10
2.4024893740000004 5.983114086913812e-09
2.404097466 9.351892024169317e-08
2.405705558 5.769566731996914e-08
2.40731365 5.1159817138446295e-09
2.408921742 4.668231444058506e-10
2.410529834 1.8701596172696216e-09
2.4121379259999998 2.16124534738664e-08
2.413746018 2.076265841884679e-07
2.41535411 2.1718285881528196e-08
2.416962201 2.499467854495513e-09
2.418570293 8.49611010579444e-10
2.4201783850000003 4.412735227260851e-09
2.421786477 3.901594259455806e-08
2.423394569 5.639891114185717e-08
2.425002661 8.048719767236688e-09
2.426610753 1.807530246162928e-09
2.428218845 1.4399032425116354e-09
2.4298269369999996 1.6257089746737298e-09
2.431435029 1.8354604263476202e-09
2.4330431210000003 9.917036657904248e-09
2.434651213 1.1666414247550064e-07
2.436259305 1.4608401875662435e-06
2.4378673969999998 1.8216153519914946e-07
2.439475489 1.8569300376043032e-08
2.441083581 4.0709179279060315e-09
2.4426916729999997 5.0957117498129924e-08
2.4442997650000002 6.498711106276386e-07
2.4459078570000004 2.6325931029420406e-06
2.447515949 2.2190185470910006e-07
2.44912404 1.9161594956450886e-08
2.450732132 7.050220753419697e-09
2.452340224 5.075149716274293e-08
2.453948316 4.3812667760256773e-07
2.455556408 5.029207634619762e-07
2.4571644999999998 5.894229569838779e-08
2.458772592 8.165632002254867e-09
2.460380684 8.402336891760882e-09
2.461988776 4.4346353253976604e-08
2.463596868 3.0471408400324766e-07
2.46520496 7.887642984917653e-07
2.466813052 1.2984337879679465e-06
2.468421144 2.511549446248496e-06
2.470029236 5.142805404174019e-07
2.471637328 4.817762145115207e-08
2.47324542 5.667934790155552e-09
2.474853512 2.9891264064063965e-08
2.4764616040000003 3.35896768023316e-07
2.478069696 3.7855144166784355e-06
2.479677788 6.16311381818157e-07
2.481285879 5.539658188887286e-08
2.4828939709999998 5.0260978779704205e-09
2.484502063 3.825371148404495e-08
2.486110155 4.2469486023005163e-07
2.4877182469999997 4.761703720253682e-06
2.489326339 1.9188509833904167e-06
2.4909344310000003 1.1098093765458529e-06
2.492542523 7.255023590348397e-07
2.494150615 9.864227474882768e-07
2.495758707 1.5531209735076332e-06
2.497366799 4.346776027151609e-06
2.498974891 4.107327631544769e-06
2.499778162 4.149290369832764e-09
2.5011293930000003 8.519275981094298e-09
2.502480624 2.063234336942237e-08
2.5038318559999997 5.806239413321802e-07
2.505183087 6.859526062636892e-07
2.506534319 9.227610364358799e-07
2.50788555 1.756341746099648e-06
2.509236782 1.0993385515400085e-06
2.510588013 5.944055309237636e-09
2.511939244 1.6913222723565193e-06
2.5132904760000003 1.3895889747093709e-06
2.514641707 2.7104997227845174e-06
2.515992939 2.735922582431209e-06
2.51734417 1.1305587183270093e-06
2.5186954019999996 3.058725715945817e-07
2.5200466329999998 1.8802783504001244e-06
2.521397865 5.551229709299551e-07
2.522749096 1.029027843769465e-06
2.524100327 1.2186737624376452e-06
2.525451559 4.10821412534652e-09
2.52680279 4.107529972194586e-09
2.5281540220000003 1.238555858940551e-06
2.529505253 7.006915319228937e-09
2.5308564849999997 4.112990812534897e-09
2.532207716 8.89893389540984e-07
2.533558948 2.3080589938319496e-06
2.534910179 2.0420011067127067e-06
2.5362614100000003 9.338041452997713e-07
2.537612642 1.0819662917701647e-06
2.538963873 1.1877252124319102e-06
2.5403151050000004 8.1598422337624e-08
2.5416663359999996 1.6609569129373638e-06
2.5430175680000002 1.6153711920308472e-06
2.544368799 1.077797337841899e-06
2.54572003 1.940092770544923e-06
2.547071262 4.21156008133682e-09
2.548422493 8.913073566626602e-07
2.549773725 6.420265431174417e-07
2.551124956 9.725671236399193e-07
2.552476188 1.3235010575389938e-08
2.553827419 2.6782789704466396e-06
2.5551786510000003 3.059660010521362e-06
2.556529882 1.6705848475264768e-06
2.557881113 3.359891930794158e-06
2.559232345 4.7491218779087855e-06
2.560583576 8.904439981962353e-08
2.561934808 7.764345441006859e-08
2.5632860390000003 2.7625866467570358e-06
2.564637271 1.083356966092506e-06
2.565988502 4.415435853007903e-06
2.567339733 6.526943163988069e-06
2.5686909649999996 2.3017346213727424e-06
2.5700421959999997 1.9968758767525537e-06
2.571393428 2.817647505327012e-06
2.572744659 1.655246029927293e-06
2.574095891 1.5509927857253228e-06
2.575447122 2.4828067478783543e-06
2.576798354 6.046227749820143e-07
2.5781495850000002 1.252389851486726e-06
2.5795008160000004 3.359181967084433e-06
2.580852048 4.180811034094119e-06
2.582203279 4.04983254738506e-06
2.583554511 4.313959568930044e-06
2.584905742 1.9674471822432258e-06
2.586256974 1.63867653229579e-06
2.587608205 2.4027845306654868e-06
2.588959437 3.378929823910024e-06
2.590310668 1.7627071494050288e-06
2.591661899 1.8728966115298045e-06
2.593013131 2.5916709331332184e-06
2.594364362 1.954551649650864e-06
2.5957155939999996 4.080839102644088e-06
2.5970668249999997 3.640286658160811e-06
2.598418057 9.38608684278986e-07
2.599769288 7.869600577655556e-07
2.601120519 1.6252993832689036e-06
2.602471751 6.024206971138491e-07
2.603822982 5.578251773892278e-07
2.6051742140000003 4.902305944592639e-06
2.6065254450000004 1.6713472333377719e-06
2.607876677 2.3558071357429996e-06
2.609227908 1.9679159524014166e-06
2.61057914 9.779913606620261e-07
2.611930371 9.039045073115543e-07
2.613281602 2.407903071710625e-06
2.614632834 1.3105004677968514e-06
2.615984065 8.203003753893221e-09
2.617335297 2.090190425209252e-06
2.618686528 2.26735608010116e-06
2.62003776 7.836396526996572e-08
2.621388991 1.1174906982374178e-08
2.622740222 4.337977435178528e-09
2.6240914539999998 1.1238267712445881e-06
2.625442685 4.5725258296460806e-06
2.626793917 2.4753247306939707e-06
2.628145148 1.937133994934801e-06
2.62949638 8.038636389006937e-07
2.630847611 1.0564449800769208e-06
2.6321988430000003 3.508863463568422e-06
2.6335500740000004 8.749817844575305e-07
2.634901305 1.865739766730961e-06
2.636252537 2.5500099664726415e-06
2.637603768 1.7960730947341022e-07
2.6389549999999997 2.9179423155599247e-06
2.640306231 1.231120673481489e-06
2.641657463 1.4714061147654035e-06
2.643008694 5.849374243721813e-07
2.6443599250000003 4.4132902111259825e-06
2.645711157 5.815607925165664e-06
2.6470623879999997 1.9042799573743017e-06
2.64841362 2.24556464463948e-06
2.649764851 2.7540180739821314e-06
2.651116083 2.8793006935928138e-06
2.652467314 2.8377930581693805e-06
2.653818546 5.135531043718592e-06
2.6551697770000002 2.415411362876513e-06
2.6565210080000004 2.5743599896825975e-06
2.65787224 2.533487697989022e-06
2.659223471 1.963762414724835e-08
2.6605747030000004 8.84077482401257e-07
2.6619259339999997 5.626558725110883e-06
2.663277166 4.642314569521941e-06
2.664628397 3.221939503050257e-06
2.6659796289999997 5.01659348020483e-07
2.66733086 5.124746923353239e-07
2.668682091 1.9506288710920994e-06
2.670033323 3.7011890700825127e-08
2.6713845540000003 1.4578611436927472e-06
2.672735786 1.3953287061365955e-06
2.6740870169999997 8.007442426038141e-07
2.675438249 2.1203895757048784e-06
2.67678948 1.3469167686900898e-06
2.678140711 1.2534312131618294e-06
2.679491943 1.7710606424181535e-06
2.680843174 1.8203240716863636e-06
2.6821944060000003 4.290197804673052e-09
2.6835456370000004 8.128304791477192e-07
2.684896869 2.2134553340664743e-06
2.6862481 3.6539596217598233e-06
2.6875993319999996 2.2761023987580463e-06
2.6889505629999997 1.9068088957744315e-06
2.690301794 6.400020347641758e-07
2.691653026 1.2066639041375956e-06
2.693004257 3.290169998961055e-06
2.694355489 3.854598953344926e-06
2.69570672 8.710569405191734e-07
2.697057952 3.4082795826407956e-06
2.6984091830000003 3.277174680494185e-06
2.699760414 1.2169954824319056e-06
2.7011116459999998 1.8823824327532765e-06
2.702462877 2.020240052315758e-06
2.703814109 4.429292725928654e-09
2.70516534 7.409660453803796e-07
2.706516572 1.1347325625875889e-07
2.707867803 1.0562702331970142e-06
2.7092190350000003 1.939248856340524e-06
2.7105702660000004 1.8671257004440949e-06
2.7119214969999996 2.3206085649257833e-06
2.713272729 2.201559726835983e-06
2.71462396 1.319546435365409e-06
2.7159751919999997 7.865481077138158e-07
2.717326423 4.301421478235897e-09
2.718677655 4.3048599725542014e-09
2.720028886 4.286021820217433e-09
2.7213801170000003 4.299688455152301e-09
2.722731349 4.322428244668333e-09
2.7240825799999997 1.2200543172806944e-06
2.7254338120000003 1.3057675144352245e-06
2.726785043 5.112494022534826e-08
2.7281362749999998 1.5200626546828688e-06
2.729487506 1.2999708578444566e-06
2.730838738 2.535816834395595e-06
2.732189969 7.085112212149042e-09
2.7335412000000003 1.269258376328472e-07
2.734892432 1.0590754145309733e-06
2.736243663 1.9977590923361284e-07
2.737594895 9.350069151351829e-07
2.7389461259999996 5.378608274609098e-07
2.740297358 6.857950396085196e-07
2.741648589 1.6355451877862583e-06
2.7429998209999997 1.0490722572945132e-06
2.744351052 1.934834032087872e-06
2.745702283 1.348023234049967e-06
2.747053515 2.411234665538998e-07
2.7484047460000003 4.339922089616437e-09
2.749755978 4.3387329506751325e-09
2.7511072089999997 4.326423960628191e-09
2.7524584410000004 4.313849854337148e-09
2.753809672 1.8344282558465803e-06
2.755160903 2.554885050035559e-06
2.756512135 1.172735143184486e-06
2.757863366 1.0371898020920658e-06
2.7592145980000002 7.629917713346941e-07
2.760565829 9.737009326137756e-07
2.761917061 3.380719217632906e-07
2.7632682920000002 1.3043542875767782e-06
2.764619524 1.1359426891452634e-06
2.7659707549999997 4.229261128055661e-09
2.767321986 4.218972773742546e-09
2.768673218 3.161599649512897e-07
2.770024449 1.7790714520094813e-06
2.771375681 2.4813130157925016e-06
2.772726912 1.4251877156192196e-06
2.774078144 3.0846462167123903e-06
2.7754293750000003 3.1030610600297433e-06
2.776780606 1.0818323485479835e-06
2.7781318379999997 3.836934037719664e-06
2.779483069 4.49127506450988e-06
2.780834301 2.6778265321707836e-06
2.782185532 3.8207882227745775e-06
2.783536764 4.505516843016762e-06
2.784887995 3.3969219858879087e-06
2.786239227 3.39693401319805e-06
2.787590458 3.938904215086916e-06
2.788941689 3.2373868121255355e-06
2.7902929210000003 2.6982304796085326e-06
2.791644152 1.3569784925283874e-06
2.7929953839999997 1.7487489037174013e-06
2.794346615 7.753396776794723e-07
2.795697847 1.38824214990613e-06
2.797049078 1.897304169427585e-06
2.7984003090000003 2.9261735351302274e-06
2.799751541 2.744877803934702e-06
2.801102772 2.97100771387203e-06
2.8024540040000003 3.3791561838342256e-06
2.803805235 1.3737364398340096e-08
2.8051564669999998 4.340637569145738e-09
2.806507698 1.0694318924322733e-07
2.80785893 8.801470298747005e-07
2.8092101609999998 3.234695653732817e-06
2.810561392 2.6333312376230596e-06
2.811912624 1.0431826719454196e-06
2.813263855 7.973847972035197e-07
2.814615087 4.4581493278441614e-09
2.8159663179999996 4.352917775541406e-09
2.8173175500000003 1.2568738996540145e-06
2.818668781 1.0397195322088558e-06
2.8200200129999997 2.6102061950514585e-07
2.821371244 1.1652880043697646e-07
2.822722475 1.94154453643582e-06
2.824073707 1.1550231617222381e-06
2.8254249380000003 4.348259063902671e-09
2.82677617 4.345541622628865e-09
2.828127401 7.9880315899811e-07
2.8294786330000004 3.387378007612527e-06
2.830829864 3.3516733945269556e-06
2.8321810949999997 1.4519295888420636e-06
2.833532327 3.1831119054791403e-07
2.834883558 2.1889983361659545e-06
2.83623479 3.431929558660899e-06
2.837586021 3.4425675316900302e-06
2.838937253 1.7400904296395867e-06
2.8402884840000002 1.1472161591071052e-07
2.841639716 4.560774025521172e-09
2.8429909469999997 2.1825715467448655e-06
2.8443421779999998 1.915550363368737e-06
2.84569341 4.314341218495116e-09
2.847044641 4.31277868918524e-09
2.848395873 8.044234851755421e-08
2.849747104 1.266625860301478e-07
2.851098336 1.1009702071619078e-06
2.8524495670000003 5.892805172234502e-09
2.8538007980000004 4.299525950865611e-09
2.85515203 6.754024495508389e-08
2.856503261 4.2947951383828e-09
2.8578544929999996 4.292338408480828e-09
2.8592057239999997 2.7462442217790954e-08
2.860556956 2.7729354514547687e-06
2.861908187 2.2328397239423833e-06
2.863259419 3.859497875073155e-07
2.86461065 4.280488474925455e-09
2.865961881 6.993786855277251e-07
2.8673131130000002 1.6365491980879164e-06
2.868664344 4.3919323712589454e-08
2.8700155759999997 4.275514715418837e-09
2.871366807 4.27327779383404e-09
2.872718039 4.2722660853433395e-09
2.87406927 7.2407619799673055e-09
2.8754205010000002 1.269426499324005e-06
2.876771733 4.9987583654759486e-08
2.878122964 1.000763228792417e-06
2.8794741960000003 9.504633329202135e-07
2.8808254270000004 4.2611649513104945e-09
2.882176659 6.108387956861349e-07
2.88352789 5.46753636136345e-07
2.8848791219999996 4.252424137658052e-09
2.8862303529999997 4.2442249025679636e-09
2.887581584 4.2407267547231015e-09
2.888932816 4.237378924527046e-09
2.890284047 4.234117898038828e-09
2.891635279 1.1822475458000885e-07
2.89298651 4.233754439751289e-09
2.8943377420000003 4.231361844060736e-09
2.895688973 2.344108821040144e-07
2.8970402049999997 1.9720951698819149e-07
2.898391436 4.223275441233239e-09
2.899742667 6.500903416748304e-07
2.901093899 5.75751391284475e-07
2.9024451300000003 1.2251749913301279e-06
2.903796362 4.441776293546658e-06
2.905147593 3.0558453925154542e-06
2.9064988250000003 3.247214319385711e-06
2.907850056 2.1179267935821532e-06
2.9092012869999997 6.571222921266375e-06
2.910552519 4.265545735191495e-06
2.91190375 1.5045625923207432e-06
2.9132549819999998 2.9148456211490073e-06
2.914606213 7.007478946888094e-06
2.915957445 5.247385240847111e-06
2.917308676 3.7510205160992194e-06
2.918659908 2.2114441218091625e-06
2.920011139 4.839665470349853e-06
2.9213623699999998 9.218500659701926e-06
2.922713602 6.3814955082777066e-06
2.924064833 3.744610228627725e-06
2.925416065 4.397720910986551e-06
2.926767296 9.515904505650711e-06
2.928118528 1.3285502833414352e-05
2.9294697590000003 1.458760310378751e-05
2.93082099 1.2279176851604125e-05
2.932172222 8.528106839070796e-06
2.933523453 5.690976698745074e-06
2.934874685 4.136685850796111e-06
2.9362259159999997 5.43681802948017e-06
2.937577148 5.249388521107782e-06
2.938928379 4.969985541903192e-06
2.940279611 5.68373879018881e-06
2.941630842 3.293960028593937e-06
2.942982073 1.4632171150455735e-06
2.9443333050000002 2.3467418599543243e-06
2.9456845360000004 3.2090262260032083e-06
2.947035768 4.499825111824461e-06
2.948386999 6.05964395256745e-06
2.949738231 6.648318175947124e-06
2.951089462 5.186794032223017e-06
2.952440694 5.628473560242089e-06
2.953791925 3.4165394608247507e-06
2.955143156 2.075343094891854e-06
2.956494388 1.8643269441507445e-06
2.957845619 8.422398848321984e-07
2.959196851 4.1588096084874115e-09
2.960548082 9.460067116988244e-08
2.9618993139999996 1.31835995896752e-06
2.9632505449999997 8.381025647290485e-09
2.964601776 3.981975927705693e-09
2.965953008 3.975261928307492e-09
2.967304239 4.832638453737495e-07
2.968655471 5.221447866283381e-07
2.970006702 1.0438692214716084e-06
2.9713579340000003 1.6094838113822478e-06
2.9727091650000004 9.492643981434573e-07
2.974060397 2.4945882391361593e-06
2.975411628 2.970865194381442e-06
2.976762859 2.1048911529165558e-06
2.978114091 3.0925769118568857e-06
2.979465322 6.472611704944407e-06
2.980816554 4.8091263836130485e-06
2.982167785 3.3753510350931815e-06
2.983519017 4.715940212632208e-06
2.984870248 6.876847710420387e-06
2.9862214789999997 3.210216001882415e-06
2.987572711 2.8663172236297824e-06
2.988923942 2.7276076538846802e-06
2.9902751739999998 2.972862100363425e-06
2.991626405 3.0659363979389914e-06
2.992977637 3.2629056458366595e-06
2.994328868 1.8433036940341833e-06
2.9956801 1.2217633899150056e-06
2.997031331 1.7852130332349956e-06
2.9983825619999998 1.2028814900428366e-08
2.9997337940000004 1.445607451342914e-08
3.001085025 2.0078788507799403e-06
3.002436257 1.4057007214466054e-06
3.003787488 3.248618970552752e-07
3.0051387199999997 1.5828834430850462e-06
3.006489951 9.663220577097535e-07
3.007841182 9.043901619953975e-07
3.009192414 1.4249926171042644e-06
3.0105436450000003 2.0898705835567922e-06
3.011894877 1.2075114539257988e-06
3.0132461079999997 1.7939478270357739e-06
3.01459734 3.3373232503732947e-06
3.015948571 2.424723930363797e-06
3.017299803 3.850341573421575e-06
3.018651034 4.8542949792850934e-06
3.020002265 4.751276872754688e-06
3.021353497 4.407911992645753e-06
3.0227047280000003 5.074171148878716e-06
3.02405596 6.8186676087727675e-06
3.0254071909999998 8.972295122279074e-06
3.0267584230000004 6.7334035421822045e-06
3.0281096539999997 7.191376814316453e-06
3.029460886 1.173455188325185e-05
3.030812117 1.5716046398133237e-05
3.032163348 1.6258481770499687e-05
3.03351458 1.8619980279812204e-05
3.034865811 1.9790498616375963e-05
3.036217043 1.5896885032679787e-05
3.0375682740000003 1.1517833820043637e-05
3.038919506 1.1109959950125847e-05
3.0402707369999997 6.405735801441181e-06
3.041621968 8.737057501020863e-07
3.0429732 8.320714392434039e-07
3.044324431 9.598534707685116e-07
3.045675663 2.606703565486424e-08
3.047026894 3.956617662479825e-08
3.0483781260000002 2.107067609743768e-07
3.0497293570000004 3.6843213396498794e-09
3.051080589 3.678622402569255e-09
3.05243182 3.729488469428284e-09
3.053783051 7.288048794176835e-08
3.0551342829999997 3.660455306230972e-09
3.056485514 6.757788029221516e-09
3.057836746 1.0084178385927428e-08
3.059187977 3.6431191464405685e-09
3.060539209 3.7081847426486744e-09
3.06189044 7.167597202792695e-07
3.063241671 7.161709308202045e-07
3.0645929030000003 1.843056208956836e-08
3.065944134 3.6392619920899244e-09
3.0672953659999997 3.638774466969054e-09
3.068646597 3.641142824147961e-09
3.069997829 3.642438879209547e-09
3.07134906 3.640046506827501e-09
3.072700292 3.6375728374443487e-09
3.074051523 3.6356711881563127e-09
3.075402754 3.634022164339263e-09
3.0767539860000004 3.6325259925122805e-09
3.0781052169999996 3.631227637252541e-09
3.079456449 2.103866255626507e-07
3.08080768 1.2830845420390712e-06
3.0821589119999997 1.3322475540234e-06
3.083510143 9.045942728924065e-07
3.084861374 1.1179428718110676e-06
3.086212606 1.0266770375544257e-06
3.0875638370000003 1.960294473774537e-06
3.088915069 3.2026908714402673e-06
3.0902662999999997 3.835563815457637e-06
3.0916175320000003 4.325381980489806e-06
3.092968763 6.314519798473671e-06
3.0943199949999998 5.77584694204229e-06
3.095671226 3.3659790671936284e-06
3.097022457 2.3187048100824686e-06
3.098373689 3.0501090280880977e-06
3.0997249200000003 4.27038875923431e-06
3.101076152 3.452832604879931e-06
3.102427383 2.8730824607960924e-06
3.103778615 2.550835626317427e-06
3.1051298459999996 2.5900958226782064e-06
3.106481078 3.1127831578404132e-06
3.107832309 2.395908634828567e-06
3.10918354 4.026366335035214e-06
3.110534772 3.981465576237613e-06
3.111886003 3.5871137809891608e-06
3.113237235 4.201378591579016e-06
3.1145884660000003 6.8773744729449e-06
3.115939698 9.108712043579599e-06
3.1172909289999997 1.5046762804183401e-05
3.11864216 2.3403427434854932e-05
3.119993392 2.6787967576027756e-05
3.121344623 2.2727028193605644e-05
3.122695855 1.6178537104019087e-05
3.124047086 8.822553833671942e-06
3.1253983180000002 2.9410335479714224e-06
3.126749549 2.4525056895056554e-06
3.128100781 1.9828390650356275e-06
3.1294520120000002 7.112473594777495e-07
3.130803243 1.2883830186247027e-06
3.1321544749999997 4.03563443762137e-06
3.133505706 9.418892323226779e-06
3.134856938 1.3012049867476e-05
3.136208169 1.5872594458274506e-05
3.137559401 1.727164807467858e-05
3.138910632 1.6532816372451848e-05
3.140261863 1.4205893616025155e-05
3.1416130950000003 1.257704976265726e-05
3.142964326 9.70092921523998e-06
3.1443155579999997 6.903303797001675e-06
3.145666789 5.825706893491709e-06
3.147018021 5.703255704151178e-06
3.148369252 4.368001365412741e-06
3.149720484 4.809591007402136e-06
3.151071715 5.134726648652993e-06
3.152422946 6.938379775868393e-06
3.153774178 1.1397105799336178e-05
3.155125409 1.6004229369653917e-05
3.1564766410000002 1.730419889039456e-05
3.157827872 2.1325271151814306e-05
3.1591791039999997 2.3022227472401573e-05
3.160530335 2.1546788179418464e-05
3.161881566 2.0741067199352487e-05
3.163232798 2.2495903360525185e-05
3.1645840290000002 2.8206743091947232e-05
3.165935261 3.560965473217981e-05
3.167286492 4.1916664124150954e-05
3.1686377240000003 5.239477610111049e-05
3.169988955 6.0978752796963774e-05
3.1713401869999998 6.809973089783669e-05
3.172691418 7.538471333981241e-05
3.174042649 7.906431417255469e-05
3.1753938809999998 8.066273539239406e-05
3.176745112 8.113465253113024e-05
3.178096344 8.189447318973338e-05
3.179447575 8.555703867346937e-05
3.180798807 8.586193471332701e-05
3.182150038 8.360504385100582e-05
3.1835012700000003 8.791680844205901e-05
3.184852501 9.939320607852375e-05
3.186203732 0.00012117850762558482
3.187554964 0.00015485336699876202
3.188906195 0.00020174058218214638
3.190257427 0.0002505632271690681
3.1916086580000003 0.0003012629742717628
3.19295989 0.00035957759697829246
3.194311121 0.00043718011305751676
3.195662352 0.0005400170884543372
3.197013584 0.0006794810399890808
3.1983648149999997 0.0008678468865029381
3.199716047 0.0011285288819720817
3.201067278 0.0014862886796971056
3.2024185099999998 0.0019913722849043184
3.203769741 0.0027263289032887347
3.205120973 0.0038069809897801404
3.206472204 0.0054424783696434605
3.207823435 0.007998886670321984
3.209174667 0.012089637499209594
3.2105258979999998 0.01892319364302055
3.21187713 0.030544813776879898
3.213228361 0.050315423573594836
3.214579593 0.0828402186046374
3.215930824 0.13096923958998952
3.217282055 0.19035270163300058
3.2186332870000003 0.2429261857217973
3.2199845180000004 0.27740107911502504
3.22133575 0.29033994676982305
3.222686981 0.29021689297762127
3.2240382129999996 0.2870417566774696
3.2253894439999997 0.28588984008662344
3.226740676 0.288548883412942
3.228091907 0.29440049049910594
3.229443138 0.30217209922102606
3.23079437 0.30967894974492716
3.232145601 0.31527854520073223
3.2334968330000002 0.3175895644849306
3.234848064 0.3167336001647794
3.2361992959999997 0.3135796948567299
3.237550527 0.3092715629591176
3.238901759 0.3053836490096636
3.24025299 0.3030999309853823
3.2416042210000002 0.3035235364732874
3.242955453 0.30669290349431433
3.244306684 0.3119413079803581
3.2456579160000003 0.31736307040188244
3.2470091470000004 0.3189467126460673
3.248360379 0.3133782654587281
3.24971161 0.29607519542087374
3.251062841 0.2674491285137635
3.2524140729999997 0.23080025007457788
3.253765304 0.18954543880697955
3.255116536 0.14954728280287477
3.256467767 0.11472049088057108
3.257818999 0.0863641121198573
3.25917023 0.06452145662065098
3.2605214620000003 0.04821444899385018
3.261872693 0.03620489136666485
3.263223924 0.027401524213294413
3.264575156 0.020904120873759917
3.265926387 0.016080047825173225
3.267277619 0.01248259818055061
3.2686288500000003 0.009759521989508751
3.269980082 0.007669671221165101
3.271331313 0.006067948425665271
3.272682544 0.0048302243353673
3.274033776 0.003870021620109271
3.2753850069999997 0.0031193545605065873
3.276736239 0.0025272132284683948
3.27808747 0.0020566561115614827
3.2794387019999998 0.0016814817337168285
3.280789933 0.0013788288831034273
3.282141165 0.0011369398974227776
3.283492396 0.0009383511848018433
3.2848436270000003 0.0007738545229953612
3.286194859 0.0006432035595863012
3.2875460899999998 0.0005353691997671241
3.288897322 0.00044816182026978415
3.290248553 0.00037924204490444866
3.291599785 0.0003229982452847332
3.292951016 0.00027418414423103685
3.294302247 0.00023563737769339673
3.2956534790000003 0.00020577358375306167
3.29700471 0.00017947757223550634
3.298355942 0.00015546685541547862
3.299707173 0.00013375258205625094
3.301058405 0.00011413374005906054
3.3024096359999997 9.883704601777586e-05
3.303760868 8.829375440667113e-05
3.305112099 7.749460433146192e-05
3.30646333 6.943602531649013e-05
3.307814562 6.209666047050451e-05
3.309165793 5.622849343456854e-05
3.3105170250000002 5.1737441790157107e-05
3.3118682560000003 4.734173117319454e-05
3.313219488 4.2748503912071255e-05
3.3145707189999998 3.7003936924280595e-05
3.315921951 3.4703269919586434e-05
3.317273182 3.1198366716499495e-05
3.318624413 2.7173427903134786e-05
3.319975645 2.4522997255290015e-05
3.321326876 2.345569460126149e-05
3.322678108 1.827286854878933e-05
3.324029339 1.0247462900895998e-05
3.325380571 1.025679021099987e-05
3.326731802 1.0903388482724646e-05
3.328083033 5.724520292412056e-06
3.3294342649999997 1.0450192264692184e-07
3.330785496 5.075936870994867e-09
3.332136728 2.744179467376015e-07
3.333487959 1.1623753628353126e-06
3.334839191 1.2567689142120698e-06
3.336190422 5.591384513605009e-07
3.3375416540000002 1.4761931406447837e-07
3.3388928850000004 4.4626931572692864e-07
3.340244116 2.9647463445905096e-06
3.341595348 5.733150514827842e-06
3.342946579 8.548098242668505e-06
3.344297811 9.924467622139675e-06
3.345649042 7.1568486385435904e-06
3.347000274 6.967318256100228e-06
3.348351505 9.439056726468609e-06
3.3497027360000002 1.1442679505457739e-05
3.351053968 1.1874849583212888e-05
3.3524051989999997 9.061582356337326e-06
3.353756431 6.557549145870864e-06
3.355107662 4.874987898511212e-06
3.3564588939999997 2.7992136950128783e-06
3.357810125 1.0901850111276484e-06
3.359161357 7.337083783701058e-09
3.360512588 1.1967589618087073e-06
3.3618638190000003 4.583597522288339e-06
3.363215051 4.686897586931928e-06
3.3645662819999997 4.5628622110785685e-06
3.3659175140000004 3.877288922888627e-06
3.367268745 4.2892871056354635e-06
3.368619977 6.499912065838644e-06
3.369971208 7.062670043140968e-06
3.371322439 6.480742302057017e-06
3.372673671 5.7077146353220955e-06
3.374024902 4.398878138357876e-06
3.375376134 4.592277796536035e-06
3.3767273650000003 6.606510950170738e-06
3.378078597 6.791263178833344e-06
3.3794298279999997 6.2586146852640374e-06
3.38078106 7.2418202969489266e-06
3.382132291 8.838738343593597e-06
3.383483522 9.841897996039414e-06
3.384834754 9.656397043901929e-06
3.386185985 1.1033399081501897e-05
3.387537217 1.04043257315585e-05
3.3888884480000003 1.0653891797160627e-05
3.39023968 1.0740935459125444e-05
3.3915909109999998 9.194920445043147e-06
3.3929421430000004 8.170311103729927e-06
3.3942933739999996 9.831307651452583e-06
3.3956446049999998 1.0468409137256552e-05
3.396995837 1.077824987241167e-05
3.398347068 1.0006277025365342e-05
3.3996983 7.486577326589253e-06
3.401049531 6.15158110451386e-06
3.402400763 5.569667527234983e-06
3.4037519940000003 5.031041731012934e-06
3.405103225 5.312639463686938e-06
3.4064544569999997 6.5148155301800064e-06
3.407805688 6.9163607736290815e-06
3.40915692 9.043125759660318e-06
3.410508151 9.889406452084808e-06
3.411859383 8.527016258644956e-06
3.413210614 9.593722298297204e-06
3.4145618460000002 1.053520756347847e-05
3.4159130770000004 1.5743180373369745e-05
3.4172643079999996 2.3931248263989155e-05
3.41861554 2.7704832352385283e-05
3.419966771 2.9613750385387463e-05
3.4213180029999997 2.9590523888039513e-05
3.422669234 2.7051322647329907e-05
3.424020466 2.54634299433193e-05
3.425371697 2.343384017622578e-05
3.4267229280000002 1.998406247033581e-05
3.42807416 1.865407972363332e-05
3.429425391 1.63228004254497e-05
3.4307766230000003 1.231922408142488e-05
3.432127854 1.301302529575604e-05
3.4334790859999997 1.3620136499167047e-05
3.434830317 9.288080959435917e-06
3.436181549 9.977474004566508e-06
3.43753278 1.2530826427226762e-05
3.4388840110000003 1.2632578119195755e-05
3.440235243 1.4120083262818713e-05
3.441586474 1.4435262186713109e-05
3.4429377060000004 1.1670354144120215e-05
3.4442889369999996 9.783746367719549e-06
3.445640169 1.1570405622230798e-05
3.4469914 1.4177930222654825e-05
3.448342631 1.2187307478361788e-05
3.449693863 7.786231430231698e-06
3.451045094 4.256035463809858e-06
3.452396326 3.7010992400445927e-06
3.4537475570000002 1.355332362720308e-06
3.455098789 5.899477698783789e-07
3.45645002 4.6367471968591435e-07
3.4578012520000003 4.640284497666112e-09
3.459152483 1.1163400629245305e-08
3.460503714 3.353024033657882e-07
3.461854946 1.7592136227260376e-07
3.463206177 5.826910067427648e-07
3.464557409 5.436284543742916e-07
3.4659086400000003 4.662655772579405e-09
3.467259872 2.8587695592812277e-08
3.468611103 1.343414069983279e-06
3.469962335 2.392303954922962e-06
3.4713135659999996 5.407591866056376e-06
3.4726647969999997 1.1559245981754772e-05
3.474016029 1.4518163398779805e-05
3.47536726 1.4340176673174249e-05
3.476718492 1.2990806423179069e-05
3.478069723 1.2694670467519038e-05
3.479420955 1.2039769248020174e-05
3.4807721860000003 1.0710690493426665e-05
3.482123417 1.5484089373225383e-05
3.483474649 2.101046231859324e-05
3.48482588 2.334408659031838e-05
3.486177112 2.246198161887855e-05
3.487528343 2.119673201492513e-05
3.488879575 2.037252755456824e-05
3.490230806 1.8203283096701268e-05
3.491582038 1.6236610322556665e-05
3.492933269 1.5919384232354824e-05
3.4942845 1.6297484165716654e-05
3.495635732 1.5684696215699513e-05
3.496986963 1.5667699972032828e-05
3.4983381949999997 1.768046396069964e-05
3.4996894259999998 2.034407983523432e-05
3.501040658 2.2033337829023132e-05
3.502391889 2.371839238839044e-05
3.50374312 2.627860411932626e-05
3.505094352 2.8869093576682045e-05
3.506445583 3.207534219409218e-05
3.5077968150000003 3.634089736590607e-05
3.509148046 3.887864353267478e-05
3.5104992779999997 3.8718987628356156e-05
3.511850509 3.722485300239836e-05
3.513201741 3.545681394440626e-05
3.514552972 3.45948651746038e-05
3.515904203 3.408643340991262e-05
3.517255435 3.296308445135602e-05
3.518606666 3.3228400223682043e-05
3.519957898 3.1350732669061945e-05
3.521309129 2.5886422318383253e-05
3.5226603610000002 2.2488162380119153e-05
3.524011592 2.2008922689920145e-05
3.5253628239999997 2.3256244580881666e-05
3.526714055 2.5711051272155204e-05
3.528065286 2.4727798880302696e-05
3.529416518 2.136192145350185e-05
3.5307677490000002 1.892885148723282e-05
3.532118981 1.7969163193701598e-05
3.533470212 1.7220728159655542e-05
3.5348214440000003 1.5667405900466004e-05
3.536172675 1.4279867431357915e-05
3.537523906 1.3068918360572123e-05
3.538875138 1.4913370080454594e-05
3.540226369 1.4092012558752537e-05
3.5415776009999997 1.1425768419760734e-05
3.542928832 9.672906613628024e-06
3.544280064 1.0276251270103135e-05
3.545631295 1.2744565337152827e-05
3.546982527 1.3662248345995125e-05
3.548333758 1.267913351528933e-05
3.5496849889999997 1.2226106304728378e-05
3.551036221 1.2065435404091308e-05
3.552387452 1.1441291954552181e-05
3.553738684 9.062923903363392e-06
3.555089915 9.172868446738957e-06
3.556441147 8.946922467827182e-06
3.5577923780000003 6.078585412962471e-06
3.5591436090000004 4.02836636388057e-06
3.560494841 4.129122488382637e-06
3.561846072 2.4719652323592613e-06
3.563197304 6.511025198723832e-07
3.5645485349999997 6.292821508014076e-07
3.565899767 2.3696676211022315e-06
3.567250998 3.1294834413059886e-07
3.5686022299999998 4.9938750695765095e-09
3.569953461 4.997842315152159e-09
3.571304692 3.198069409851694e-08
3.572655924 1.3036968483622634e-08
3.574007155 5.001146977749033e-09
3.575358387 5.002356282502028e-09
3.5767096179999998 5.003571717978831e-09
3.57806085 5.010566994193068e-09
3.579412081 7.436545420168198e-09
3.580763312 1.540508709601384e-06
3.582114544 1.7944533038815742e-06
3.583465775 1.1019951112186217e-06
3.5848170070000003 1.4016795117328228e-06
3.5861682380000004 2.179737088472255e-06
3.58751947 2.1315692454407796e-06
3.588870701 1.265878922834783e-06
3.5902219329999996 7.624702244230098e-09
3.5915731639999997 5.026889334757034e-09
3.592924395 5.027510046651128e-09
3.594275627 6.858372714663071e-09
3.595626858 1.047665205629858e-06
3.59697809 1.2772646464100645e-07
3.598329321 5.030219659594554e-09
3.5996805530000002 5.031106420734592e-09
3.601031784 5.032093692451809e-09
3.602383016 5.033280488448575e-09
3.603734247 5.038715121829562e-09
3.605085478 1.1353913722811941e-07
3.60643671 7.026082777474696e-07
3.607787941 6.148489653321414e-09
3.609139173 5.043588159518948e-09
3.610490404 5.04452335942038e-09
3.6118416360000003 5.0451176542591556e-09
3.6131928670000004 5.045633607377711e-09
3.6145440979999997 5.046166799882158e-09
3.61589533 5.046607333878049e-09
3.617246561 5.047102327763159e-09
3.6185977929999997 5.04752249163945e-09
3.619949024 5.05309684380557e-09
3.621300256 5.053543603945983e-09
3.622651487 5.053683462200043e-09
3.624002719 5.053868700193619e-09
3.62535395 5.054145099832896e-09
3.6267051809999997 5.054321695421308e-09
3.628056413 5.054622550349197e-09
3.629407644 5.054914590971046e-09
3.630758876 5.055347120313251e-09
3.632110107 5.0561640192374575e-09
3.633461339 5.056884422598617e-09
3.6348125700000002 5.0574808502424066e-09
3.6361638010000004 5.05825097067136e-09
3.637515033 5.059038978946824e-09
3.638866264 5.059794571451304e-09
3.640217496 5.060631480841649e-09
3.6415687269999997 5.061886723017844e-09
3.642919959 5.063162177629831e-09
3.64427119 5.064420839796276e-09
3.6456224219999998 5.0655662774257576e-09
3.646973653 5.066656930630255e-09
3.648324884 5.067589235452755e-09
3.649676116 7.084954411401632e-08
3.6510273470000003 5.412107135684485e-09
3.652378579 5.0780108528296155e-09
3.6537298099999997 5.756349340887425e-09
3.655081042 3.6000718379754526e-07
3.656432273 6.6623589069566524e-09
3.657783504 5.524948856432906e-08
3.659134736 1.3241988886829948e-08
3.660485967 9.008564671123005e-07
3.6618371990000003 3.3584502129423364e-06
3.66318843 3.0947886759179627e-06
3.664539662 3.1349615783272874e-06
3.665890893 3.6037998807904983e-06
3.667242125 3.7539394715520977e-06
3.6685933559999997 2.1222027294524916e-06
3.669944587 7.69043212222316e-07
3.671295819 1.012607544570391e-06
3.67264705 2.228863633166177e-06
3.673998282 2.827116030274693e-06
3.675349513 2.3707730674900844e-06
3.676700745 4.694194962904916e-07
3.6780519760000003 7.671925571972602e-09
3.679403208 5.10745829895029e-09
3.6807544389999998 2.4601349987391735e-07
3.68210567 9.534028177968485e-07
3.683456902 1.5072728333285308e-06
3.684808133 2.874159877434863e-06
3.686159365 2.480650678457046e-06
3.687510596 6.069348356843785e-07
3.688861828 5.115229745584368e-09
3.690213059 6.6601829193624495e-09
3.6915642899999996 2.2943030190308873e-07
3.692915522 1.9765543361760454e-06
3.694266753 8.183756262197372e-07
3.6956179849999997 1.2662853188796822e-06
3.696969216 2.4818001353561333e-07
3.698320448 5.119622235874951e-09
3.699671679 1.3373247910693921e-08
3.701022911 7.699944959341462e-07
3.702374142 2.268775354162049e-06
3.703725373 4.135032345585975e-06
3.7050766050000004 6.644099054403493e-07
3.706427836 1.7701660497336224e-07
3.707779068 4.740962273277352e-07
3.709130299 2.313550592568631e-06
3.710481531 1.9258155761812037e-06
3.711832762 1.7597794526628199e-06
3.713183993 2.0708381451081313e-06
3.714535225 2.3281545013139443e-06
3.7158864560000002 3.0306490880785136e-06
3.717237688 2.1312458006387392e-06
3.7185889189999997 8.757456031575139e-07
3.719940151 1.8315007769976263e-06
3.721291382 3.354983556222886e-06
3.7226426139999997 4.074083834119797e-06
3.723993845 4.406083749169918e-06
3.725345076 1.1253631633329686e-06
3.726696308 2.6576095876764137e-06
3.7280475390000003 7.304495515843756e-07
3.729398771 5.350365998185941e-07
3.730750002 1.07632619974042e-06
3.7321012340000004 5.231277121962448e-06
3.733452465 5.198731333333759e-06
3.7348036959999997 4.433276301523068e-06
3.736154928 4.625661500703661e-06
3.737506159 3.2223451899441596e-06
3.738857391 2.350590511713665e-06
3.740208622 1.1093481306839382e-06
3.741559854 8.018816694482852e-07
3.7429110850000002 1.1332208564395644e-06
3.744262317 3.423896513320643e-06
3.7456135479999997 6.407152135505851e-06
3.746964779 7.133760431352258e-06
3.748316011 5.672104989333365e-06
3.749667242 3.4089883069103775e-06
3.751018474 2.5633516200972696e-06
3.752369705 1.1421410454779627e-06
3.753720937 9.446489005691337e-08
3.7550721680000003 4.402307124297713e-07
3.7564234 2.3771081359771e-06
3.757774631 4.364972861960207e-06
3.759125862 4.241376573445383e-06
3.7604770939999996 2.258230190066487e-06
3.7618283249999998 4.883615640424106e-07
3.763179557 5.973030948884413e-07
3.764530788 2.7340704766072395e-06
3.76588202 3.992158848397817e-06
3.767233251 2.948738759985555e-06
3.768584482 3.805969322566223e-07
3.7699357140000003 1.3876032022229448e-08
3.771286945 5.765568199165025e-08
3.7726381769999997 2.0913985202201567e-06
3.773989408 3.2037326791030886e-06
3.77534064 3.764779628517456e-06
3.776691871 3.259854990693053e-06
3.778043103 2.5365674782884024e-06
3.779394334 1.8292858216556587e-06
3.780745565 1.812646891438535e-06
3.7820967970000003 1.745201611619262e-06
3.7834480279999996 1.176677838592413e-06
3.7847992599999998 1.1048948592413969e-06
3.786150491 1.844471886567063e-06
3.7875017229999997 2.9186254790534847e-06
3.7888529539999998 3.921914994597733e-06
3.790204185 3.810330771204737e-06
3.791555417 1.8062363309949902e-06
3.792906648 1.0842563139156203e-06
3.79425788 9.490497459840036e-07
3.795609111 2.390051803349285e-06
3.7969603430000003 3.76911102922112e-06
3.798311574 2.948768542670822e-06
3.7996628059999997 2.8794216460935856e-06
3.801014037 3.949803326951778e-06
3.802365268 3.0530739803105236e-06
3.8037165 2.4844521347471706e-06
3.8050677310000003 3.672099683289947e-06
3.806418963 5.316459372026061e-06
3.807770194 4.887318615021575e-06
3.8091214260000004 3.4664992748165024e-06
3.8104726569999996 2.8472498712879927e-06
3.811823889 2.4990759408302086e-06
3.81317512 1.826252826404476e-06
3.814526351 9.359004475545539e-07
3.815877583 2.3098175352397316e-06
3.817228814 3.0663812762981393e-06
3.818580046 1.542557197153561e-06
3.8199312770000002 3.5867317851442195e-08
3.821282509 5.158314544435631e-09
3.82263374 1.6101844477427537e-08
3.823984971 3.084957468562327e-07
3.825336203 7.631068683689237e-07
3.826687434 1.1653348819853355e-07
3.828038666 5.15379752500266e-09
3.829389897 8.752866696990482e-09
3.830741129 1.8648809342670888e-07
3.8320923600000003 6.862045452980375e-08
3.833443592 6.08492097995329e-09
3.834794823 1.4865732798641974e-07
3.836146054 1.6644143970545569e-06
3.8374972859999996 4.357641016135682e-06
3.8388485169999997 4.039161683653377e-06
3.840199749 2.339306611209849e-06
3.84155098 1.8404541341311288e-06
3.842902212 1.950426091278162e-06
3.844253443 2.2255250764007453e-06
3.845604674 1.6379530500240072e-06
3.8469559060000003 2.35767621261342e-06
3.848307137 2.2344422160151504e-06
3.849658369 5.652785342771358e-07
3.8510096 3.208270590164315e-07
3.852360832 1.0730054779900947e-06
3.853712063 1.7325368613724846e-06
3.855063295 1.2888701377280312e-06
3.856414526 1.2902193376907546e-06
3.857765757 9.001019692006313e-07
3.859116989 2.724667857855206e-07
3.86046822 5.891159588930292e-09
3.861819452 9.152485864029715e-07
3.863170683 2.1870532117784178e-06
3.8645219149999996 1.985991598627689e-06
3.8658731459999998 6.404208237229015e-07
3.867224377 1.1255288242548976e-08
3.868575609 3.515771631462019e-07
3.86992684 4.6306903526913e-06
3.871278072 3.864637462302565e-06
3.872629303 3.0773960622874604e-06
3.8739805350000003 3.752413692307383e-06
3.875331766 5.271489145209174e-06
3.876682998 4.229821292948443e-06
3.878034229 5.633763263394416e-07
3.87938546 5.085709042648172e-09
3.880736692 6.2422458517008855e-09
3.882087923 7.445508031550609e-07
3.883439155 4.012654979118391e-06
3.884790386 5.084537381046252e-06
3.886141618 3.190214594341897e-06
3.887492849 1.5851700771992089e-06
3.8888440810000002 1.35361451035892e-06
3.890195312 1.213000807584963e-06
3.891546543 2.7190150491254515e-06
3.892897775 3.1315495149934e-06
3.894249006 3.425374765549542e-06
3.895600238 3.441224952987846e-06
3.8969514690000002 3.765867102254807e-06
3.898302701 5.553599939927669e-06
3.899653932 6.71209131640436e-06
3.9010051629999998 5.972422300320822e-06
3.902356395 6.199787180687959e-06
3.903707626 6.804605952138591e-06
3.905058858 8.953372335157095e-06
3.906410089 8.011071037320049e-06
3.9077613209999997 5.109793419606076e-06
3.909112552 4.907700449913136e-06
3.910463784 4.255565499074898e-06
3.911815015 3.360051730628588e-06
3.913166246 3.3432656020093904e-06
3.914517478 5.535177701391831e-06
3.9158687089999997 7.646844438279582e-06
3.917219941 8.049452509206587e-06
3.918571172 7.157548785486364e-06
3.919922404 6.047169079724573e-06
3.921273635 4.956151277764734e-06
3.922624866 5.983395103697563e-06
3.9239760980000002 6.768898732525244e-06
3.9253273290000004 5.878554055037953e-06
3.926678561 4.556289925241681e-06
3.928029792 5.827854134476258e-06
3.929381024 8.34788275482694e-06
3.9307322549999997 8.314668669216596e-06
3.932083487 5.8383546804754e-06
3.933434718 5.31003621556092e-06
3.934785949 5.937263730791688e-06
3.936137181 5.325599372709936e-06
3.937488412 3.285160812512144e-06
3.938839644 1.5935720482844884e-06
3.940190875 1.778348546029966e-06
3.941542107 2.7594196509888726e-06
3.9428933379999997 4.7920969534707035e-06
3.944244569 5.546451028859557e-06
3.945595801 3.696106856587234e-06
3.946947032 2.380956586284617e-06
3.948298264 2.256482905687651e-06
3.949649495 4.2575638743768565e-06
3.9510007270000003 3.3299684833584813e-06
3.9523519580000004 1.8193363081526073e-06
3.95370319 3.7476466675652436e-06
3.955054421 4.673270125261735e-06
3.956405652 4.041410138648296e-06
3.9577568839999997 4.023373164853471e-06
3.959108115 5.133195948432797e-06
3.960459347 8.182489904890017e-06
3.961810578 9.42633607908908e-06
3.96316181 7.926085828278615e-06
3.964513041 5.504580478020176e-06
3.965864273 2.6974130018157167e-06
3.967215504 1.1223833913680395e-06
3.968566735 1.7497652884066143e-07
3.9699179669999998 1.1357557195452188e-06
3.971269198 3.5191199429182494e-06
3.97262043 5.983148096271311e-06
3.973971661 6.4258291248572504e-06
3.975322893 5.052636649611123e-06
3.976674124 6.0584648651376314e-06
3.978025355 6.948869051199506e-06
3.9793765870000004 6.389017258680023e-06
3.9807278179999996 5.178022839070588e-06
3.98207905 5.276426810991219e-06
3.983430281 6.371940095827281e-06
3.9847815129999997 5.326445627989964e-06
3.986132744 2.3901367045318545e-06
3.987483976 1.3729794731885273e-06
3.988835207 1.8781935750732338e-06
3.9901864380000003 4.643971947068386e-06
3.99153767 7.066691639825314e-06
3.9928889009999997 7.034751110070552e-06
3.994240133 4.744833252672063e-06
3.995591364 2.319302770649073e-06
3.996942596 2.288955160966492e-06
3.998293827 3.2163960093859748e-06
3.999645058 3.4961270149183987e-06
4.00099629 3.422165080883591e-06
4.002347521 3.4348757007846213e-06
4.003698753 3.971241517216639e-06
4.005049984 3.822290867093924e-06
4.006401216 2.468300280684939e-06
4.007752447 2.304984204272881e-06
4.009103679 3.1909095075113196e-06
4.01045491 4.304463598265666e-06
4.011806141 4.878654480656204e-06
4.013157373 5.0223837116249e-06
4.014508604 4.770285012102446e-06
4.015859836 4.122930960611221e-06
4.017211067 2.5047205456452504e-06
4.018562299 8.156273652517095e-07
4.01991353 5.284655374463444e-07
4.021264761 1.0628198752627928e-06
4.022615993 1.4089295815762415e-07
4.023967224 2.2083555280892485e-09
4.025318456 2.497606210198745e-09
4.026669687 5.560357664374594e-07
4.028020919 1.2559502761044192e-06
4.02937215 1.1840680993178095e-06
4.030723382 1.1048449277373433e-06
4.032074613 1.4361631204762438e-06
4.033425844 1.821853218797269e-06
4.034777076 1.7362025124343265e-06
4.036128307 1.5646773682679867e-06
4.037479539 1.758894052809554e-06
4.03883077 2.0446231001659158e-06
4.040182002 2.439247344907982e-06
4.041533233 1.986363017815682e-06
4.042884465 1.768415645410267e-06
4.044235696 2.174368107002693e-06
4.0455869269999996 2.5372967075616903e-06
4.046938159 2.1692506410299017e-06
4.04828939 2.0402860460812514e-06
4.049640622 1.842827903432154e-06
4.050991853 1.4034824617574762e-06
4.052343085 1.1233201347007333e-06
4.053694316 8.272985661659694e-07
4.055045547 8.665399790978185e-07
4.056396779 9.297528751228569e-07
4.05774801 1.2602427620311707e-06
4.059099241999999 1.5964636875325637e-06
4.0604504729999995 1.4853059306151195e-06
4.061801705 1.1278582227029936e-06
4.063152936 8.058284931268029e-07
4.064504168 6.477129208862888e-07
4.065855399 6.001431604157452e-07
4.06720663 7.411962670485277e-07
4.0685578620000005 8.80684031238577e-07
4.069909093000001 9.951837752044008e-07
4.071260325 1.047195435435402e-06
4.072611556 9.511064041900732e-07
4.073962788 6.974207215313807e-07
4.075314019 5.824306640440951e-07
4.07666525 5.379731082117945e-07
4.078016482 7.393302726894076e-07
4.079367713 7.212760702243796e-07
4.080718945 6.795646125820189e-07
4.082070176 5.524591648224774e-07
4.083421408 3.62766521546136e-07
4.084772639 3.0411819266877656e-07
4.086123871 2.5344227753250857e-07
4.087475102 3.158973783983134e-07
4.088826333 3.15798462212603e-07
4.090177565 2.684030037334151e-07
4.091528796 2.963823208444521e-07
4.092880028 3.824334002495165e-07
4.094231259 4.7200343207515173e-07
4.095582491 4.511550863182153e-07
4.096933722 3.805730299064635e-07
4.098284953 3.7489480625207844e-07
4.0996361850000005 3.7464880088521796e-07
4.100987416 3.2135253615233654e-07
4.102338648 2.656570542808447e-07
4.103689878999999 2.3120449090422582e-07
4.105041110999999 1.9858645603298787e-07
4.106392342 1.1610419829702511e-07
4.107743574 8.386141459474467e-08
4.109094805 9.451207467346275e-08
4.110446036 1.1109103197876334e-07
4.111797268 1.12328076891473e-07
4.113148499 1.0717258388864287e-07
4.1144997309999995 1.1668636979598997e-07
4.115850962000001 1.0854643921186092e-07
4.117202194000001 1.1352741280416752e-07
4.118553425 1.0608407585209824e-07
4.119904657 7.855739214845167e-08
4.121255887999999 4.123903264624883e-08
4.122607119 3.802883673961167e-08
4.123958351000001 5.558796574279547e-08
4.125309582 6.763010716676841e-08
4.126660814 4.9091081120886804e-08
4.128012045 2.262407217110597e-08
4.129363277 2.7484105004163998e-08
4.130714508 3.652241281993073e-08
4.132065739 4.179865920534001e-08
4.133416971 6.384720462904272e-08
4.134768202 5.421715853656515e-08
4.136119434 3.1398296223515156e-08
4.1374706649999995 2.466398275197185e-08
4.138821897 3.1487661234996035e-08
4.140173128000001 3.8783390826769433e-08
4.14152436 4.88818199322897e-08
4.142875591 4.641301518309201e-08
4.144226821999999 3.202904165999991e-08
4.145578054 1.990416186324458e-08
4.146929285000001 1.6784589004288534e-08
4.148280517 1.7886317065397462e-08
4.149631748 2.9286968530341588e-08
4.15098298 3.58510833602674e-08
4.152334211 3.4103045671999335e-08
4.153685442 2.6902202402934986e-08
4.155036674 2.0912028630252177e-08
4.156387905 1.9168373868649284e-08
4.157739136999999 1.841504370653252e-08
4.159090368 1.384527721780964e-08
4.1604416 9.791502774376856e-09
4.161792831 1.0471076408838133e-08
4.163144063 1.026825871360715e-08
4.164495294 8.90929744997543e-09
4.165846525 4.714272135050457e-09
4.167197757 3.117693826663882e-09
4.1685489879999995 4.167796130387388e-09
4.169900220000001 6.7709244076856475e-09
4.171251451 6.70701828043638e-09
4.172602683 7.057341799505848e-09
4.173953914 7.419009807038874e-09
4.1753051459999995 8.339549027132155e-09
4.1766563770000005 1.0979402192092014e-08
4.178007608 1.3184539521528233e-08
4.17935884 1.2972238419180833e-08
4.180710071 1.1732717018006831e-08
4.182061303 7.789323696807698e-09
4.183412534 3.772568748954079e-09
4.184763766 2.9139018800053508e-09
4.186114997 2.7593296737830255e-09
4.187466228 2.416844236448879e-09
4.18881746 2.248450615805871e-09
4.190168691 3.1490908727183602e-09
4.1915199229999995 4.566122118888797e-09
4.1928711540000005 4.611372912322233e-09
4.194222386000001 4.698176496243749e-09
4.195573617 5.45628726991085e-09
4.196924849 5.569024324782747e-09
4.198276079999999 4.805809540230085e-09
4.199627311 4.439536489809151e-09
4.200978543 4.291702087236888e-09
4.202329774 2.8530763843666185e-09
4.203681006 1.0248917587515265e-09
4.205032237 6.617753911536814e-10
4.206383469 6.099628685339728e-10
4.2077347 5.201459920697383e-10
4.209085931 1.2076245261292575e-09
4.210437163 1.6424323165499772e-09
4.211788394 1.5171504362873642e-09
4.213139626 7.615504192779596e-10
4.2144908569999995 1.020322204438068e-09
4.215842089 1.13600957462754e-09
4.217193320000001 6.007109250572505e-10
4.218544552 3.253835643324494e-10
4.219895783 4.2075245013013275e-10
4.221247013999999 2.4839181396707463e-10
4.2225982459999996 1.1382800110853593e-10
4.223949477 5.65419570444509e-11
4.225300709 1.3263699864942858e-10
4.22665194 5.294774805792786e-11
4.228003171999999 5.171565356053244e-13
4.229354403 1.6531289451717494e-13
4.2307056339999995 4.854957952131976e-11
4.232056866 1.0808521094182025e-13
4.233408097000001 8.474599525698893e-14
4.234759329 1.0007504064322224e-13
4.23611056 9.565883724465974e-14
4.237461792 7.484046543040749e-14
4.238813023 6.892194457937575e-14
4.240164255 7.11275726257044e-14
4.241515486 7.3673917857613e-14
4.242866717 7.445042336292559e-14
4.244217949 8.001461058358841e-14
4.24556918 1.9386398520474314e-12
4.246920412000001 9.42093392503073e-13
4.248271643 8.119706638926091e-14
4.249622875 8.98268420623599e-14
4.250974105999999 9.477836906759245e-14
4.2523253379999995 8.127221033458906e-14
4.2536765690000005 5.993039252238977e-14
4.2550278 4.578049807115892e-14
4.256379032 4.5455111707149253e-14
4.257730263 5.48218732290382e-14
4.259081495 6.107731965258749e-14
4.260432726 5.948718553688952e-14
4.261783958 4.796220035964639e-14
4.263135189 4.319939002921949e-14
4.26448642 4.589322768751561e-14
4.265837652 4.2070440049594114e-14
4.267188883 1.990101711906391e-14
4.2685401149999995 1.662022480639485e-16
4.2698913460000005 2.655580410007222e-16
4.271242578000001 3.374040223646774e-15
4.272593809 4.1110715565746566e-14
4.273945041 5.5199186474661036e-14
4.275296271999999 3.6178558569749486e-14
4.276647503 2.971080539001267e-14
4.277998735 3.080953689560515e-14
4.279349966 5.081513338315611e-14
4.280701198 6.118320538329144e-14
4.282052429 7.936057981932607e-14
4.283403661 7.827513755043454e-14
4.284754892 6.648634591844167e-14
4.286106123 4.9133044893900697e-14
4.287457355 3.527690231354317e-14
4.288808586 2.865038272006111e-14
4.290159818 2.867224150675749e-14
4.2915110489999995 3.206229568116106e-14
4.292862281 3.4998740418664066e-14
4.294213512000001 3.539195942626792e-14
4.295564744 3.247389511461373e-14
4.296915975 2.3981566006141602e-14
4.298267206 3.0533974409584295e-14
4.299618438 4.834026296916264e-14
4.300969669 7.36929990540932e-14
4.302320901 6.086425733367342e-14
4.303672132 4.611654216530249e-14
4.305023363999999 4.8892661229331907e-14
4.306374595 6.818627560925988e-14
4.3077258259999995 8.200915388932005e-14
4.309077058 6.317918521228326e-14
4.310428289000001 2.7307773906475317e-14
4.311779521 5.12320999141281e-15
4.313130752 6.444482879779404e-17
4.314481984 2.4142849530334777e-16
4.315833215 4.132204299742385e-15
4.317184447 4.843083571404011e-14
4.318535678 5.519212928597927e-14
4.319886909 4.253077067646513e-14
4.321238141 2.8393479553466898e-14
4.322589372 6.404569147749992e-15
4.323940604000001 7.02384472677373e-17
4.325291835 1.660148612464224e-15
4.326643067 1.8991763197466603e-14
4.327994297999999 2.876977228066025e-14
4.329345529999999 3.271713733206988e-14
4.3306967610000004 2.0953986377708208e-14
4.332047992 1.466559507912983e-14
4.333399224 2.1509380286160757e-14
4.334750455 2.7478589189220116e-14
4.336101687 2.8991927359605486e-14
4.337452918 2.890010986020722e-14
4.33880415 3.692936823672426e-14
4.340155381 3.365798052430024e-14
4.341506612 2.2328820001604706e-14
4.342857844 2.095365120205701e-14
4.344209075 2.6126256067893254e-14
4.3455603069999995 2.0657580917033243e-14
4.3469115380000005 1.4967920966237618e-14
4.34826277 1.2847300874555336e-14
4.349614001 1.2761986849350243e-14
4.350965233 7.11816481947378e-15
4.352316464 9.085522938343055e-15
4.353667695 1.6096839486886746e-14
4.355018927 3.406354276969376e-14
4.356370158 5.2063914938803096e-14
4.35772139 6.957570902089046e-14
4.359072621 9.132195980606819e-14
4.360423853 1.0551170959017845e-13
4.361775084 8.81475471991853e-14
4.363126315000001 5.907428931802979e-14
4.364477547000001 3.886503189568872e-14
4.365828778 2.989218420052816e-14
4.36718001 3.1394920540488835e-14
4.3685312409999995 4.1819156950655973e-14
4.369882473 5.721228090214965e-14
4.371233704 5.880929129912833e-14
4.372584936 4.62864387071352e-14
4.373936167 4.9065131946238995e-14
4.375287398 4.7036625739315886e-14
4.37663863 3.0390108554845213e-14
4.377989861 2.1726223710403094e-14
4.379341093 2.002090329203907e-14
4.380692324 2.2815203864608276e-14
4.382043555999999 2.159221195487902e-14
4.383394787 2.2245020894291437e-14
4.3847460179999995 2.32024145290527e-14
4.38609725 2.562769655740201e-14
4.387448481000001 2.8104330460025655e-14
4.388799713 3.044781367977007e-14
4.390150944 5.254990084803134e-14
4.391502176 7.116056409235756e-14
4.392853407 7.133520838114599e-14
4.394204639 5.632217540831679e-14
4.39555587 4.768606831562945e-14
4.396907101 3.3481755422540545e-14
4.398258332999999 3.1524587813755275e-14
4.399609564 2.5065123373589503e-14
4.400960796000001 2.3698715013191632e-14
4.402312027 3.7487449058676874e-14
4.403663259 3.576317703793718e-14
4.405014489999999 4.1167131709358634e-14
4.406365721999999 3.0669642202595124e-14
4.407716953 2.7918865269244962e-14
4.409068184 3.082228140504463e-14
4.410419416 4.4682020013276947e-14
4.411770647 4.7978281277869225e-14
4.413121879 4.280601283607424e-14
4.41447311 3.3835067410182215e-14
4.415824342 3.207292073463587e-14
4.417175573000001 3.849072950226966e-14
4.418526804 3.5791267707597204e-14
4.419878036 5.0818590866459316e-14
4.421229266999999 7.181352676311696e-14
4.4225804989999995 7.62130483646363e-14
4.4239317300000005 6.708799923043654e-14
4.425282962 4.213484587252353e-14
4.426634193 1.4358186640855598e-14
4.427985425 6.525973445342775e-15
4.429336656 1.5467281154835312e-14
4.430687887 2.846554985944656e-14
4.432039119 5.905471492559354e-14
4.43339035 8.657100197273437e-14
4.434741582 8.86933205137057e-14
4.436092813 7.0463396376605e-14
4.437444045 5.702631196196854e-14
4.438795276 4.7344111472685323e-14
4.440146507000001 4.676002535915272e-14
4.441497739000001 5.282593823378366e-14
4.44284897 5.885720151608595e-14
4.444200202 6.143831016044558e-14
4.445551432999999 5.860348163394098e-14
4.446902665 4.776166795297329e-14
4.448253896 3.040945519299953e-14
4.449605128 2.0621749228681127e-13
4.450956359 1.9692006791086025e-13
4.45230759 2.695297034334325e-14
4.453658822 4.8674606544437535e-14
4.455010053 6.575077479779728e-14
4.456361285 6.150029582290826e-14
4.457712516 4.2942191809563166e-14
4.459063747999999 4.403830387846592e-14
4.460414979 2.347313325940356e-13
4.4617662110000005 4.387633539932615e-11
4.463117442 2.5975297335529017e-13
4.464468673000001 5.794474982037635e-14
4.465819905 5.089303535750013e-14
4.467171136 3.255292872472031e-14
4.468522368 8.208021190794031e-16
4.469873599 1.5081798737871044e-16
4.471224831000001 9.306657709563491e-15
4.472576062 2.989694772149668e-14
4.473927293 4.6857085139944016e-14
4.475278524999999 5.951990010703246e-14
4.476629756 5.857828991955007e-14
4.4779809880000006 7.20626813961256e-14
4.479332219 8.109803588143673e-14
4.480683451 7.50558235024092e-14
4.482034682 4.045111550395029e-14
4.483385914 3.41699783557775e-14
4.484737145 2.2855889247552875e-14
4.486088376 6.111600632352003e-15
4.487439608 2.5854349801266755e-15
4.488790839 2.251633768298612e-15
4.490142071 6.542228799839235e-15
4.491493302 1.2151208318791302e-14
4.492844534 2.308049293940707e-14
4.494195765000001 2.3228502825110953e-12
4.495546996 6.206290705849556e-13
4.496898228 6.131321790887688e-14
4.498249458999999 6.130926660784845e-14
4.4996006909999995 1.6293865354588678e-12
4.5009519220000005 5.711213214179994e-12
4.502303154 4.431227635296883e-14
4.503654385 5.08080470433435e-14
4.505005617 3.131510479160843e-13
4.506356848 8.711596353035019e-11
4.507708079 3.297396311218975e-13
4.509059311 7.888847898231906e-14
4.510410542 1.2282374435639482e-13
4.511761774 1.0068097207627338e-11
4.513113005 1.5735806600283318e-12
4.514464237 8.8263919006143e-14
4.5158154679999996 6.287502036572888e-13
4.517166699000001 4.132536050814529e-12
4.518517931 3.0744169657461047e-12
4.519869162 3.840401933029718e-14
4.521220394 7.229506902657885e-13
4.522571624999999 2.0138498953937986e-11
4.523922857 2.4816553530320854e-11
4.525274088 2.803418514038164e-13
4.52662532 1.9562699642512401e-13
4.527976551 2.959054814055547e-11
4.529327782 9.056437461598713e-14
4.530679014 3.896978400909969e-14
4.532030245 5.8580744100982e-14
4.533381477 5.51916669771169e-14
4.534732708 4.9527409956223026e-14
4.53608394 3.8101011092568445e-14
4.537435171 2.282774317873645e-14
4.5387864030000005 1.6359070341287525e-13
4.540137634 2.6172683142828635e-12
4.541488865 2.3380299357018324e-14
4.542840097 8.765735170320094e-15
4.544191328 1.762881959382346e-14
4.5455425599999995 1.2335716057317763e-12
4.5468937910000005 7.599379407648365e-15
4.548245023000001 3.776067919095948e-15
4.549596254 1.5040656473303704e-14
4.550947485 6.689498998662293e-13
4.552298716999999 4.859992803573889e-12
4.553649948 4.587729089413295e-14
4.5550011800000005 4.0316209966767625e-14
4.556352411 1.3483524461722164e-13
4.557703643 1.9497497528985617e-11
4.559054874 2.106877407730262e-13
4.560406106 7.45313169036892e-14
4.561757337 1.0038385750343122e-11
4.563108568 3.4511892116101856e-13
4.5644598 4.732840534920302e-15
4.565811031 5.3365915611818264e-17
4.567162263 1.4153419598463795e-15
4.568513493999999 6.894723698672945e-14
4.569864726 1.0924751621054311e-11
4.571215957000001 1.0319466504551277e-13
4.572567188 7.874686007082676e-14
4.57391842 2.1735887920124198e-11
4.575269650999999 4.7398061676369325e-12
4.5766208829999995 3.0093642303724085e-14
4.5779721140000005 5.042504310971284e-17
4.579323346 2.905402259002901e-14
4.580674577 2.8939116095335417e-13
4.582025809 2.7403139223211814e-14
4.58337704 3.5254427537856074e-14
4.584728271 2.6741767100925265e-13
4.586079503 5.488424317764701e-11
4.587430734 2.4807950679878416e-13
4.588781966 3.04986368346459e-14
4.590133197 1.0323509455857273e-14
4.591484429 2.5083719363577135e-14
4.5928356599999995 1.7614754106192772e-14
4.5941868910000005 8.342486583008164e-15
4.595538123 1.9375526904252354e-14
4.596889354 1.4820725543363619e-13
4.598240586 8.850887830062182e-12
4.599591817 1.2948400058782767e-13
4.6009430490000005 3.448646078837675e-14
4.60229428 3.658640910126499e-14
4.603645512 8.356220186673617e-13
4.604996743 1.869879936378554e-12
4.606347974 6.299213635334549e-14
4.607699206 4.1821767868284875e-14
4.609050437 1.0458014607752201e-13
4.610401669 1.2950528777789912e-11
4.611752900000001 2.1797983366674728e-13
4.613104132 5.4178105465658486e-14
4.614455363 1.708142042787104e-12
4.6158065950000005 6.791722797265656e-12
4.617157826 2.8894739593029397e-12
4.618509057 6.899690272506556e-14
4.619860289 4.626862581820628e-13
4.62121152 1.9946169444595577e-12
4.622562751999999 6.498947792650367e-14
4.6239139830000004 4.8285988336415405e-14
4.625265215000001 8.555164162822505e-14
4.626616446 3.671792514426974e-12
4.627967677 3.1363056782527657e-13
4.629318908999999 1.2413648299408853e-14
4.63067014 1.1435248988609728e-15
4.6320213720000005 3.4055162507345013e-14
4.633372603 1.3317141010391747e-11
4.634723835 8.002088187823016e-14
4.636075066 2.2080899576830954e-14
4.637426298 2.3387747311491877e-14
4.638777529 2.0632593007591683e-12
4.64012876 1.7870585250212414e-12
4.641479992 2.955560761244237e-14
4.642831223 1.1735764947663458e-14
4.644182455 7.165648023699333e-14
4.645533685999999 1.5659901813599175e-11
4.646884918 3.109199580222585e-13
4.648236149000001 3.333236676355567e-14
4.64958738 2.699207672516501e-14
4.650938612 5.607444340707662e-13
4.652289842999999 4.407120199117391e-12
4.6536410749999995 5.21559750090869e-14
4.6549923060000005 4.204970459505208e-13
4.656343538 3.3882667439835763e-11
4.657694769 4.8486509272551145e-11
4.659046001 1.3674929774739574e-12
4.660397232 5.774675826144557e-14
4.661748463 4.812811306188728e-12
4.663099695 4.4163939026532405e-11
4.664450926000001 4.389081073118614e-11
4.665802158 1.046750195210506e-13
4.667153389 3.34537468134618e-14
4.668504621 3.1425227054089483e-12
4.6698558519999995 7.228794462193114e-12
4.6712070830000005 3.1475150956186156e-12
4.672558315 4.7029238295167423e-14
4.673909546 4.85542077714993e-13
4.675260778 7.121238805513368e-12
4.676612009 4.699903681190211e-14
4.6779632410000005 6.333536802026444e-15
4.679314472 2.496852982436707e-14
4.680665704 3.3498018579497404e-12
4.682016935 2.2292399541684195e-12
4.683368166 2.3555730994375644e-14
4.684719398 1.4497690314114824e-14
4.686070629 1.7278277971631922e-14
4.687421861 3.7101065338672754e-12
4.688773092 1.6294041892199664e-13
4.690124324 1.0795196793457153e-14
4.691475555 9.804412168968781e-15
4.6928267869999996 2.0709788079202645e-13
4.694178018 2.0187219369684378e-11
4.695529249 1.2643531076981761e-13
4.696880481 1.269149891937142e-13
4.698231712 1.63747587810542e-11
4.699582943999999 7.485151511645318e-11
4.700934175 1.695453030700973e-11
4.702285407000001 7.915956570842477e-14
4.703636638 8.299816072477959e-15
4.704987869 9.73820362583558e-16
4.706339100999999 7.341136185513656e-17
4.707690332 4.5274630775879637e-17
4.7090415640000005 4.522603756841241e-17
4.710392795 4.517925528874625e-17
4.711744027 1.93490427049777e-16
4.713095258 2.041706992954767e-14
4.71444649 4.233121990490473e-16
4.7157977209999995 1.0649066225997071e-16
4.717148952 1.1867101894376725e-14
4.718500184000001 5.651750007073343e-14
4.719851415 4.165595515546266e-14
4.721202647 4.287273425002455e-15
4.722553877999999 6.278798591699097e-14
4.72390511 3.378085697117648e-11
4.725256341000001 2.7727150447632055e-11
4.726607572 4.326288281128362e-12
4.727958804 2.3057145387347666e-14
4.729310035 5.3941256229112176e-14
4.730661267 7.350281367970168e-12
4.7320124980000005 3.685296791710727e-12
4.73336373 2.3990684294552594e-14
4.734714961 4.6747199570688695e-17
4.736066193 3.742174212155959e-15
4.737417424 9.312682522036006e-14
4.738768654999999 4.710214173315719e-14
4.740119887 1.4305043996070521e-13
4.741471118000001 1.7352006904690397e-12
4.74282235 6.403103059019604e-12
4.744173581 7.065172601827783e-13
4.745524813 1.3350885237734495e-14
4.7468760439999995 2.454368855319144e-16
4.748227276 2.2434490912275203e-16
4.749578507 6.616880622394996e-13
4.750929738 1.5774488469723964e-13
4.75228097 4.043183333791581e-15
4.753632201 6.097869961736892e-16
4.7549834330000005 3.1604957268380352e-15
4.756334664 4.195089711541427e-13
4.757685896 1.5901798595081025e-14
4.759037127 4.957290600664415e-14
4.760388358 5.816957796138181e-12
4.76173959 3.1132050024537487e-11
4.763090821 2.0043293267368414e-11
4.764442053 7.283795141315836e-15
4.765793284 5.246079480851577e-16
4.767144516 3.085805304480432e-14
4.768495747 5.948435353580531e-13
4.7698469789999995 4.8951693807198825e-12
4.77119821 6.042992858240134e-14
4.772549441 1.5461419986681474e-13
4.773900673 2.808868142246261e-11
4.775251904 1.6725463600139647e-11
4.776603135999999 2.0598096544278175e-12
4.777954367 1.9489021818949544e-14
4.779305599000001 2.528952167489565e-13
4.78065683 4.814097414893465e-11
4.782008061000001 2.635004954152679e-11
4.783359293 2.1147423316610024e-12
4.784710524 3.534270370644657e-14
4.7860617560000005 5.643360675906658e-13
4.787412987 4.774738991737934e-11
4.788764219 2.4568750745587253e-11
4.79011545 6.69323025208191e-12
4.791466682 1.0168152568931927e-12
4.7928179129999995 1.5603037744733853e-12
4.7941691440000005 1.3799029656829252e-11
4.795520376000001 6.672871194177242e-14
4.796871607 9.943507313793086e-15
4.798222839 8.252899010500346e-15
4.799574069999999 8.348628476528657e-13
4.800925302 8.309854823170578e-12
4.802276533000001 4.7373433508802414e-14
4.803627764 6.240169969698476e-14
4.804978996 5.252421088572027e-12
4.806330227 1.909220142639548e-11
4.807681459 1.1436459148197013e-12
4.80903269 1.5933947443030476e-16
4.810383922 4.722627739821494e-16
4.811735153 4.129093067427287e-14
4.813086384999999 2.988419743987659e-13
4.814437616 3.019359818175319e-13
4.815788846999999 1.0697515482773762e-14
4.817140079 3.26666929191536e-14
4.818491310000001 7.995155411538032e-13
4.819842542 2.072179157896697e-12
4.821193773 1.0143784887885024e-13
4.822545005 3.915251614912802e-15
4.8238962359999995 8.951083953252898e-14
4.825247468 4.4632446732550905e-12
4.826598699 3.338285505511175e-12
4.82794993 2.9153469390972308e-12
4.829301162 3.931073333391058e-14
4.830652393 2.4007005499472524e-13
4.8320036250000005 4.625507183879312e-11
4.833354856 5.5877582465769336e-11
4.834706088 5.663270102617379e-12
4.836057318999999 5.4604224489852064e-14
4.83740855 6.081148221734026e-13
4.838759782 2.4627633669762468e-11
4.840111013 1.764520603077892e-11
4.841462245 2.011080300587066e-11
4.842813476 1.5166744182971756e-11
4.844164708 3.5244964945714116e-11
4.845515939 9.488590372371405e-11
4.8468671709999995 4.11145799042214e-11
4.8482184020000005 2.1621809772631763e-11
4.849569633 1.6844057333893195e-11
4.850920865 2.4910243254416683e-11
4.852272096 8.059480742296736e-11
4.853623327999999 4.701352371780757e-11
4.854974559 3.623701879741572e-11
4.856325791000001 3.575997064336643e-11
4.857677022 5.1413351111062583e-11
4.859028253 9.536495341038681e-11
4.860379485 2.8347551076090318e-11
4.861730716 1.5831507439060046e-11
4.863081948 2.1336198543988182e-11
4.864433179 9.890935100839425e-12
4.865784411 2.030123576574809e-11
4.867135642 5.61146741233752e-14
4.868486874 1.1918264118792496e-15
4.8698381049999995 1.3421236803091746e-14
4.8711893360000005 7.950829707443535e-14
4.872540568000001 1.1713712282572317e-13
4.873891799 5.896495148094682e-14
4.875243031 4.848966937481201e-14
4.876594261999999 1.7341754351001562e-12
4.8779454939999995 2.8035509085773203e-12
4.879296725000001 1.9982725684747149e-13
4.880647956 8.612504122507674e-14
4.881999188 4.793421087749813e-14
4.883350419 8.791402442320387e-14
4.884701651 2.3449719301472646e-13
4.8860528819999995 4.24416731106508e-12
4.887404114 9.462333323577177e-12
4.888755345 9.687412769528586e-12
4.890106576999999 2.1460655147522476e-11
4.891457808 1.6860874351181582e-11
4.892809038999999 3.4914187642700524e-13
4.894160271 5.0660124193625655e-14
4.895511502000001 1.7151110598729805e-14
4.896862734 5.836404221358446e-14
4.898213965 2.3811299014243876e-13
4.899565197 6.563186922087317e-14
4.900916428 3.753436996435991e-14
4.902267660000001 3.7170529663083566e-14
4.903618891 6.939987243304382e-14
4.904970122 2.2751975420818557e-13
4.906321354 1.0499718005427265e-12
4.907672585 2.909725612104754e-12
4.9090238170000005 1.559965550398301e-13
4.910375048 3.0649283262085205e-13
4.91172628 1.5372063724460015e-11
4.913077511 1.4099513477830377e-11
4.914428742 9.003232036597313e-12
4.915779974 1.3946461897243171e-11
4.917131205 2.92522032713766e-11
4.918482437 6.879048220688592e-11
4.919833668 2.908745848060571e-12
4.9211849 2.9736229620490294e-14
4.922536131 5.718878314821996e-13
4.9238873629999995 9.23441053677409e-12
4.9252385940000005 3.650417858430226e-13
4.926589825 8.92744016566268e-14
4.927941057 3.166217938215693e-14
4.929292288 3.519652627655696e-13
4.930643519999999 5.8196331808754426e-11
4.931994751 4.8754966917115796e-11
4.933345983000001 7.482136537770794e-12
4.934697214 4.875030632856335e-14
4.936048445 2.068989990497106e-14
4.937399677 7.924874525566575e-14
4.938750908 2.5394587685950927e-13
4.94010214 1.0148338345016739e-12
4.941453371 7.343894619127801e-14
4.942804603 5.782932870187137e-14
4.944155834 2.9263747697586845e-12
4.945507066 2.8306869001058596e-11
4.9468582969999995 4.1604951350829824e-11
4.9482095280000005 7.087208617407905e-13
4.949560760000001 1.6745967195660396e-14
4.950911991 4.468568326395632e-13
4.952263223 1.3566076846275379e-12
4.953614453999999 8.981377248370101e-14
4.9549656859999995 1.6560932433264304e-13
4.9563169170000005 5.830812459932609e-12
4.957668148 1.3045360385236194e-11
4.95901938 4.213177018238792e-11
4.960370611 5.648458558974428e-13
4.961721843 5.275367711262978e-14
4.9630730739999995 4.74482085996794e-14
4.964424306 6.343460538972979e-14
4.965775537000001 1.4641907773954648e-13
4.967126769 7.436060401215229e-14
4.968478 3.8512670258995206e-14
4.969829230999999 5.434955073296239e-14
4.971180463 7.838328326138127e-14
4.972531694000001 1.234556458956926e-13
4.973882926 3.1157150889606174e-13
4.975234157 4.745114188110353e-12
4.976585389 1.4173620768291449e-11
4.97793662 2.2851214880480826e-11
4.979287852000001 3.0191149832356713e-11
4.980639083 3.438033613470591e-11
4.981990314 1.7773742779350967e-11
4.983341545999999 1.4404710465182847e-11
4.984692777 2.0450283686494092e-11
4.986044009 2.578343971497862e-12
4.98739524 1.8798574841730126e-13
4.988746472 6.323693916805055e-14
4.990097703 3.8116022710847234e-14
4.991448934 7.656774985816879e-14
4.992800166 1.4412350758892468e-13
4.9941513969999995 1.3155540669193802e-13
4.995502629 9.205502447208433e-14
4.99685386 5.783253034098273e-14
4.998205092 4.655334425673299e-13
4.999556323 2.5531774484998125e-11
5.0009075549999995 2.3572789472572452e-11
5.0022587860000005 1.888066608812726e-11
5.003610017 6.4170832940956e-12
5.004961249 2.946083879494414e-12
5.006312479999999 2.4496586607285005e-12
5.007663711999999 3.079578051032452e-12
5.009014943 6.021340237172537e-12
5.010366175 3.8410156398921716e-13
5.011717406 4.043485270204274e-14
5.013068637 8.025572724447358e-14
5.014419869 1.2336137099364459e-13
5.0157711 9.337829813862937e-14
5.017122332 1.7677788457417995e-13
5.018473563 3.324010883560634e-12
5.019824795000001 1.3376770588972154e-12
5.021176026 1.6674722110645327e-13
5.022527258 5.443955715805783e-14
5.0238784889999994 2.0930659345995318e-14
5.0252297200000005 2.2292179508797176e-14
5.026580952000001 2.8901272684079427e-14
5.027932183 6.524533340761746e-14
5.029283415 4.158868317188894e-14
5.030634646 5.733314160829828e-15
5.031985878 7.165989967084635e-15
5.033337109 2.7040194107512503e-14
5.034688341 2.1444004252868102e-13
5.036039572 4.011257157773104e-12
5.037390803 1.2434228602050426e-13
5.038742035 2.3445449074562716e-14
5.0400932659999995 5.026385813413616e-14
5.041444498 8.445477662864883e-14
5.042795729000001 1.0157303623419782e-13
5.044146961 2.2295297541987353e-13
5.045498192 2.613830164043566e-12
5.046849422999999 1.292923555793414e-11
5.048200655 4.855639229156243e-11
5.049551886000001 3.51357455919018e-11
5.050903118 1.3668300232299497e-11
5.052254349 1.629980902264427e-13
5.053605581 2.832858432576005e-14
5.054956812 7.324334561217677e-14
5.056308044000001 1.1240519293923913e-13
5.057659275 1.0412017556358327e-13
5.059010506 6.777658340367433e-14
5.060361737999999 3.746612724335652e-14
5.061712969 5.780319200445999e-14
5.063064201 1.0427719287387126e-13
5.064415432 1.2586729611316956e-13
5.065766664 2.4255704004185967e-13
5.067117895 1.3727290881196015e-12
5.068469126 8.170936418936583e-12
5.069820358 4.391165642567367e-11
5.0711715889999995 7.589423512914892e-11
5.072522821 4.8084904339426796e-11
5.073874052 2.0016410282948775e-11
5.075225284 6.940125612937662e-12
5.076576515 1.148506924568361e-11
5.0779277469999995 2.8120107922484847e-11
5.0792789780000005 2.2700888222649878e-11
5.080630209 2.1505035214293935e-11
5.081981441 2.1713529418231775e-11
5.083332671999999 1.6875867456003316e-11
5.084683904 7.854487879934823e-12
5.086035135 8.287800783810726e-13
5.087386367 2.818656718387858e-14
5.088737598 1.859808677468789e-14
5.090088829 3.70765225168353e-14
5.091440061 6.421512447196132e-14
5.092791292 1.170415200545243e-13
5.094142524 1.520107630818803e-13
5.095493755000001 2.998793201624145e-13
5.096844987000001 1.1562060498476734e-13
5.098196218 8.657925558457708e-14
5.09954745 1.0027002904463053e-13
