Wavelength_microns Throughput
2.0004663860000003 6.692717286333715e-13
2.002074478 1.4768808372152146e-13
2.00368257 2.6196343869072143e-13
2.005290662 4.312983137730648e-13
2.006898754 6.957464811744539e-13
2.008506846 9.518716929321066e-13
2.010114938 1.1785600415452151e-12
2.01172303 1.0958311119603903e-12
2.013331122 7.103554541025134e-13
2.014939214 3.3325770429751183e-13
2.016547306 1.5944887684973281e-13
2.018155398 7.558792346789048e-14
2.01976349 1.780145871667825e-14
2.021371582 3.4236356547979433e-15
2.022979674 2.233449909724175e-15
2.0245877660000002 2.132645417376352e-15
2.026195858 2.069507112410032e-15
2.027803949 2.0147331641131236e-15
2.029412041 7.072440624587137e-15
2.031020133 1.6757887419593317e-13
2.032628225 4.2539173495478233e-13
2.034236317 3.1635328971064235e-13
2.035844409 1.4039618763128338e-13
2.037452501 6.737060059443835e-14
2.039060593 7.092216217132791e-14
2.040668685 1.5060486198493874e-13
2.042276777 2.0710057352260118e-13
2.0438848689999998 2.2543636905584485e-13
2.045492961 2.7290348356952876e-13
2.047101053 3.468331800393695e-13
2.0487091449999997 3.258303357726968e-13
2.0503172370000002 2.653399707732684e-13
2.0519253290000004 4.004218314080066e-13
2.053533421 9.128459872985417e-13
2.055141513 1.2927309863006019e-12
2.056749605 1.6896251909391274e-12
2.058357697 1.8185874983657415e-12
2.059965788 1.7254046879258984e-12
2.06157388 1.5423078929117735e-12
2.0631819719999998 1.3237453318683634e-12
2.064790064 1.3908669606517362e-12
2.066398156 1.8986473965943883e-12
2.068006248 3.2674335041997215e-12
2.06961434 4.1275559686794e-12
2.071222432 2.8032413509916486e-12
2.072830524 1.9606565858048968e-12
2.074438616 1.9934522155257195e-12
2.076046708 2.885025528766996e-12
2.0776548 4.079081835465447e-12
2.079262892 5.571532904453227e-12
2.080870984 7.328105742032516e-12
2.0824790760000003 8.596590146453981e-12
2.084087168 1.1479964908545607e-11
2.08569526 1.1637184837750862e-11
2.0873033519999997 1.2192048153774629e-11
2.088911444 1.3752414943450475e-11
2.090519536 1.5675937727205933e-11
2.092127627 1.6315692567686444e-11
2.0937357189999997 1.7334729553228077e-11
2.0953438110000002 1.1254537464726725e-11
2.0969519030000003 7.218928376708317e-12
2.098559995 1.1370066898167244e-11
2.100168087 2.5751287073682142e-11
2.101776179 3.7040906643746735e-11
2.103384271 4.0116139120201525e-11
2.104992363 3.590284625500733e-11
2.1066004549999997 2.8645877324543477e-11
2.1082085470000003 2.699287158243562e-11
2.109816639 3.681451094923022e-11
2.111424731 4.6130031762139626e-11
2.113032823 4.162215464885573e-11
2.114640915 3.7533520425382976e-11
2.116249007 3.92647829254831e-11
2.1178570989999996 5.136128414646665e-11
2.1194651909999997 4.753481579459454e-11
2.1210732830000003 5.60436733392491e-11
2.122681375 6.478850381965919e-11
2.124289466 7.363952811784517e-11
2.125897558 6.750401467035852e-11
2.1275056500000002 5.575919435377254e-11
2.129113742 5.1276410157436386e-11
2.130721834 5.595745768821535e-11
2.1323299259999997 6.504080904829633e-11
2.133938018 5.4828090508975393e-11
2.1355461100000004 5.099946990543012e-11
2.137154202 4.5838470516849546e-11
2.138762294 4.8721704248833e-11
2.140370386 5.7833266861520435e-11
2.141978478 7.173927755460601e-11
2.14358657 6.591330722505068e-11
2.1451946619999998 5.4591709803386665e-11
2.146802754 5.0767058975971474e-11
2.1484108460000004 5.1915139871443337e-11
2.150018938 5.790910862701102e-11
2.15162703 7.670824189463791e-11
2.153235122 1.0050197275054507e-10
2.154843214 1.1189500829432246e-10
2.156451305 1.2538001579919689e-10
2.158059397 7.115602884207609e-11
2.159667489 4.6688469943747645e-11
2.161275581 3.6352263472866105e-11
2.1628836729999996 3.029531571640336e-11
2.164491765 2.6810337481247496e-11
2.1660998570000003 2.659534862888364e-11
2.167707949 3.5535968359039044e-11
2.169316041 3.9102135616147526e-11
2.170924133 4.42594479491111e-11
2.172532225 4.7760534173351895e-11
2.174140317 5.383459664377128e-11
2.1757484089999997 3.563090449933688e-11
2.177356501 4.8625878594624376e-11
2.1789645930000003 7.17984800508793e-11
2.180572685 9.243950726640778e-11
2.182180777 1.1733703094551824e-10
2.183788869 1.0568269178391026e-10
2.185396961 9.711876072255058e-11
2.187005053 9.251143161551387e-11
2.1886131449999997 1.0358401690249376e-10
2.1902212359999997 1.794575734658302e-10
2.191829328 2.31043082953933e-10
2.1934374200000004 2.8943820884736923e-10
2.195045512 3.1872799123031384e-10
2.196653604 3.597700392631508e-10
2.198261696 3.494232022214057e-10
2.199869788 3.3791537920690285e-10
2.20147788 2.364232514065925e-10
2.203085972 2.1024119132972134e-10
2.204694064 2.1564156320016817e-10
2.206302156 2.6014458246459536e-10
2.207910248 3.599844443661572e-10
2.2095183400000002 3.703316519004703e-10
2.211126432 3.633216308015892e-10
2.212734524 3.9999796784758187e-10
2.2143426159999997 5.056309005014237e-10
2.215950708 6.577193029062347e-10
2.2175588 6.181480793056386e-10
2.219166892 6.931679449470463e-10
2.220774984 5.910471188319999e-10
2.222383075 4.783876000094451e-10
2.2239911670000003 4.938302078248033e-10
2.225599259 6.720702104411212e-10
2.227207351 9.987933671670434e-10
2.228815443 9.747569315359371e-10
2.230423535 1.0965560108666599e-09
2.232031627 1.02170748660796e-09
2.2336397189999997 9.073196755805135e-10
2.2352478110000003 8.509206956639966e-10
2.236855903 7.936784322218255e-10
2.238463995 7.876153334250463e-10
2.240072087 1.1421825159366563e-09
2.241680179 1.8431693790644663e-09
2.243288271 1.9560555890666156e-09
2.2448963629999996 1.6773090359463412e-09
2.2465044549999997 2.0315806245984736e-09
2.2481125470000003 1.6638940471680529e-09
2.249720639 1.469514572410065e-09
2.251328731 1.7405372933820026e-09
2.252936823 2.345485809552811e-09
2.2545449140000002 3.2418096509225263e-09
2.256153006 4.826128704051425e-09
2.257761098 7.151505737230831e-09
2.2593691899999997 8.686985376517754e-09
2.260977282 1.0007187508477576e-08
2.262585374 7.38045621856499e-09
2.264193466 2.4455257363664317e-09
2.265801558 8.149690215741132e-10
2.2674096500000003 1.9154336342914487e-10
2.269017742 5.909245118048097e-11
2.270625834 4.070379273279715e-11
2.2722339259999997 4.2749663788127064e-11
2.273842018 4.470796349792958e-11
2.2754501100000004 4.657993065088737e-11
2.277058202 4.8447581321120746e-11
2.278666294 1.1358567702209488e-10
2.280274386 1.0124297625382456e-09
2.281882478 1.0487776538561419e-08
2.28349057 1.1948989785943293e-08
2.285098662 1.4098591579471647e-08
2.286706753 7.326514521903762e-09
2.288314845 2.4953400720923876e-09
2.2899229369999996 1.293003045374307e-09
2.291531029 3.1034509721667186e-09
2.2931391210000003 8.079536081517688e-09
2.294747213 1.6891817264602268e-08
2.296355305 2.703813617044728e-08
2.297963397 5.051436493512889e-08
2.299571489 3.26228513030356e-08
2.301179581 2.209986896908986e-08
2.3027876729999996 1.9792796768898296e-08
2.304395765 2.6747793815300445e-08
2.3060038570000003 3.640509932935598e-08
2.307611949 2.9603128848649356e-08
2.309220041 2.1675438744555263e-08
2.310828133 1.0499858103722825e-08
2.312436225 1.7301138252679208e-09
2.314044317 4.70446388145206e-10
2.3156524089999997 4.3384557637278056e-10
2.3172605010000003 5.171337905972471e-10
2.318868592 6.172573434082957e-10
2.3204766840000004 7.370146206910072e-10
2.322084776 8.741137860851272e-10
2.323692868 1.0281182147430165e-09
2.32530096 1.1922684767351993e-09
2.326909052 1.3658602604025363e-09
2.328517144 1.5450646572345887e-09
2.3301252359999998 1.729498223621799e-09
2.331733328 1.920116102764886e-09
2.33334142 2.1099569435431893e-09
2.334949512 2.2983178322508304e-09
2.3365576040000002 2.470093596253641e-09
2.338165696 2.624383831582995e-09
2.339773788 2.9436414198771183e-09
2.3413818799999997 8.376847910690162e-09
2.342989972 3.926524746489168e-08
2.344598064 1.4130717561325912e-07
2.346206156 3.2990553457156345e-07
2.347814248 7.710299707495546e-07
2.3494223400000003 1.0491407907220522e-07
2.3510304310000003 1.007155490393936e-08
2.352638523 3.083706450660117e-09
2.354246615 3.1359307569345956e-09
2.3558547069999998 3.2002999340695926e-09
2.357462799 3.2858315138927896e-09
2.359070891 3.383542656962084e-09
2.3606789829999997 3.5035332891826535e-09
2.3622870750000002 3.630270901386951e-09
2.363895167 3.767809124883893e-09
2.365503259 3.904981910518655e-09
2.367111351 4.038685299195232e-09
2.368719443 4.166202327383062e-09
2.370327535 4.277198012083816e-09
2.371935627 4.36910093639337e-09
2.3735437189999997 4.442367483616327e-09
2.3751518110000003 4.463541814795212e-09
2.376759903 4.471456068515738e-09
2.378367995 4.748319546429356e-09
2.379976087 1.5020605372809524e-08
2.381584179 8.500480807942676e-08
2.383192271 1.3943526477513413e-07
2.384800362 2.3213835021551664e-08
2.3864084539999997 6.011228494785674e-09
2.388016546 4.5287534353121314e-09
2.389624638 4.533010923113797e-09
2.39123273 4.537654045517558e-09
2.392840822 4.542416043226079e-09
2.3944489140000003 4.549523408349582e-09
2.396057006 5.148146584250916e-09
2.397665098 2.1474027902091233e-08
2.3992731899999997 1.6360138570114754e-07
2.400881282 6.829290634678062e-07
2.4024893740000004 9.494353099806853e-07
2.404097466 1.3198237597706083e-06
2.405705558 1.245208889329007e-06
2.40731365 9.300778019139382e-07
2.408921742 6.951664086283021e-07
2.410529834 1.0838341536701514e-07
2.4121379259999998 1.503999675686965e-08
2.413746018 4.80425115228815e-09
2.41535411 1.9729444311247107e-08
2.416962201 1.6255850911331052e-07
2.418570293 7.227443976601365e-07
2.4201783850000003 3.613837388707997e-07
2.421786477 1.81830392854634e-07
2.423394569 6.422213305941882e-08
2.425002661 1.6116501415945764e-08
2.426610753 5.878407640518603e-09
2.428218845 4.654158315104235e-09
2.4298269369999996 4.659380561569688e-09
2.431435029 4.665273023961085e-09
2.4330431210000003 9.983757249826489e-09
2.434651213 4.8057791246625616e-08
2.436259305 2.963822134632425e-07
2.4378673969999998 5.81366841176172e-08
2.439475489 1.1623475068260552e-08
2.441083581 4.701259685885493e-09
2.4426916729999997 4.707356713752649e-09
2.4442997650000002 4.713457949826728e-09
2.4459078570000004 4.719563392977539e-09
2.447515949 4.722876933944151e-09
2.44912404 4.7257482910266575e-09
2.450732132 6.211666392653134e-09
2.452340224 2.3011525043474967e-08
2.453948316 1.3167036686752558e-07
2.455556408 2.4412202976962593e-07
2.4571644999999998 1.1505123034762664e-07
2.458772592 5.5163417237762293e-08
2.460380684 2.3191651408935746e-08
2.461988776 9.863426601656344e-09
2.463596868 5.3953691602249035e-09
2.46520496 4.702397352899148e-09
2.466813052 4.699336833161009e-09
2.468421144 4.697318331288517e-09
2.470029236 4.695776110864809e-09
2.471637328 4.695887803621618e-09
2.47324542 4.697405208342024e-09
2.474853512 4.701325777096258e-09
2.4764616040000003 4.700534346913918e-09
2.478069696 4.699741547647927e-09
2.479677788 4.701433591455352e-09
2.481285879 4.698881692613949e-09
2.4828939709999998 4.696449922734158e-09
2.484502063 4.696624341562297e-09
2.486110155 4.6968085868391875e-09
2.4877182469999997 4.698230848093886e-09
2.489326339 4.697165521652298e-09
2.4909344310000003 4.698176875067175e-09
2.492542523 4.698892212971206e-09
2.494150615 4.699607644247346e-09
2.495758707 4.700323166116284e-09
2.497366799 4.701038775800038e-09
2.498974891 4.7017544705219366e-09
2.499778162 6.690908613753671e-06
2.5011293930000003 8.867781352286366e-06
2.502480624 4.841828651363228e-06
2.5038318559999997 6.721406678830718e-06
2.505183087 1.1459606331810796e-05
2.506534319 1.0394620554715738e-05
2.50788555 4.494195812045551e-06
2.509236782 7.492791167656395e-06
2.510588013 7.683818349381162e-06
2.511939244 9.18163175540885e-06
2.5132904760000003 7.138499531075486e-06
2.514641707 8.851187936481082e-06
2.515992939 8.290372033636977e-06
2.51734417 8.388160760362716e-06
2.5186954019999996 8.988819197187813e-06
2.5200466329999998 4.281081406120181e-06
2.521397865 3.859365044483351e-06
2.522749096 6.462837948947031e-06
2.524100327 2.5948131407554216e-06
2.525451559 2.037086635933827e-06
2.52680279 2.682951173148261e-06
2.5281540220000003 2.245012529396663e-06
2.529505253 3.088030163042952e-06
2.5308564849999997 6.018112161287546e-06
2.532207716 6.858887103962917e-06
2.533558948 5.897942594361769e-06
2.534910179 5.904101160153952e-06
2.5362614100000003 8.560451398657302e-06
2.537612642 8.505571830948514e-06
2.538963873 1.2621850300292782e-05
2.5403151050000004 9.131459849664702e-06
2.5416663359999996 1.3099569363268575e-05
2.5430175680000002 1.0834911896957402e-05
2.544368799 9.0621202604161e-06
2.54572003 1.3434196494636196e-05
2.547071262 1.3058581866311395e-05
2.548422493 7.254808758130829e-06
2.549773725 8.084155688095422e-06
2.551124956 8.822822483456457e-06
2.552476188 7.661176039182475e-06
2.553827419 1.1069829942979411e-05
2.5551786510000003 8.216643314349095e-06
2.556529882 8.387120626593586e-06
2.557881113 1.1053919231610812e-05
2.559232345 1.1682845797483245e-05
2.560583576 7.29894720082945e-06
2.561934808 4.5237836891134535e-06
2.5632860390000003 8.152605365239962e-06
2.564637271 6.5866672081974345e-06
2.565988502 1.2682839628178018e-05
2.567339733 8.788497662370333e-06
2.5686909649999996 7.74964429675615e-06
2.5700421959999997 7.642097394722069e-06
2.571393428 6.258051980984741e-06
2.572744659 7.758266906820594e-06
2.574095891 3.018653137814057e-06
2.575447122 3.232409999460119e-06
2.576798354 7.3143900850347226e-06
2.5781495850000002 4.86294781641863e-06
2.5795008160000004 9.83124193302422e-06
2.580852048 7.021908478231488e-06
2.582203279 9.242812740912853e-06
2.583554511 8.322371234757127e-06
2.584905742 7.759310393697944e-06
2.586256974 6.651620912438014e-06
2.587608205 5.2417818838783875e-06
2.588959437 5.515619644598025e-06
2.590310668 8.37759773343036e-06
2.591661899 6.08610380661762e-06
2.593013131 7.501906664030875e-06
2.594364362 8.18559773341863e-06
2.5957155939999996 6.174432714551449e-06
2.5970668249999997 4.04122224203735e-06
2.598418057 4.377235244953259e-06
2.599769288 7.447053698344518e-06
2.601120519 5.634925323969719e-06
2.602471751 6.365247936486861e-06
2.603822982 3.294023020933384e-06
2.6051742140000003 3.328533862859851e-07
2.6065254450000004 3.844715951271838e-06
2.607876677 3.941477053585663e-06
2.609227908 6.740448493733594e-06
2.61057914 5.143665133831378e-06
2.611930371 3.7023509438837107e-06
2.613281602 3.578554506654411e-06
2.614632834 2.6804946387225236e-06
2.615984065 2.5024427792362153e-06
2.617335297 3.0525282892283173e-06
2.618686528 9.11637298015799e-07
2.62003776 2.144057142841829e-06
2.621388991 2.952207796344993e-06
2.622740222 1.4058771007612066e-06
2.6240914539999998 2.1830787217810403e-06
2.625442685 6.422517679624889e-07
2.626793917 1.5934366971487027e-06
2.628145148 2.469534135223506e-07
2.62949638 2.320913287555348e-06
2.630847611 3.338565428081827e-06
2.6321988430000003 1.3281442406980564e-06
2.6335500740000004 2.1371550005096854e-06
2.634901305 4.21260788617347e-06
2.636252537 6.5950087327839835e-06
2.637603768 2.6242793410062307e-06
2.6389549999999997 2.5806009694756085e-06
2.640306231 1.534545265417591e-06
2.641657463 2.623073571916289e-06
2.643008694 4.3066283714247516e-07
2.6443599250000003 4.756570872339428e-09
2.645711157 2.4172636780898813e-07
2.6470623879999997 2.0208891709392353e-07
2.64841362 6.59510700863169e-07
2.649764851 1.6438517475853614e-06
2.651116083 9.86690702783531e-07
2.652467314 1.2580076553968874e-06
2.653818546 3.5687600580533277e-06
2.6551697770000002 1.0840344735826275e-06
2.6565210080000004 3.584509094901036e-07
2.65787224 2.143645515798154e-06
2.659223471 5.78681382852897e-07
2.6605747030000004 2.196305166350753e-06
2.6619259339999997 4.2709876460393213e-07
2.663277166 1.1138810760059242e-06
2.664628397 4.722016144617906e-09
2.6659796289999997 1.1086682717765448e-06
2.66733086 9.366848016941042e-08
2.668682091 3.185746287831011e-06
2.670033323 3.1039182320731118e-06
2.6713845540000003 6.35782165037797e-08
2.672735786 1.372763326189562e-06
2.6740870169999997 2.083731420835258e-06
2.675438249 4.130966106332192e-08
2.67678948 2.4620496269924707e-06
2.678140711 1.0419933889629675e-08
2.679491943 4.703707586081758e-09
2.680843174 6.132547298217287e-07
2.6821944060000003 1.0514931817232983e-06
2.6835456370000004 2.535101305230437e-06
2.684896869 2.361299155022159e-06
2.6862481 2.332890959263785e-06
2.6875993319999996 3.0000764172656306e-06
2.6889505629999997 3.8259728511902014e-06
2.690301794 2.133333192575672e-06
2.691653026 4.0405898897538584e-06
2.693004257 1.4532213171320684e-06
2.694355489 8.024653267528339e-07
2.69570672 2.0906718440374076e-08
2.697057952 1.9652168873670327e-08
2.6984091830000003 3.093433851489428e-07
2.699760414 2.2264462220818317e-07
2.7011116459999998 2.0742907155706695e-06
2.702462877 8.760378333883701e-07
2.703814109 5.8636297252259835e-06
2.70516534 2.042019522573511e-06
2.706516572 2.276371846420025e-06
2.707867803 1.2570912730729754e-08
2.7092190350000003 6.03426929672158e-08
2.7105702660000004 1.551653846954888e-06
2.7119214969999996 2.611946767960508e-06
2.713272729 1.145371539992991e-06
2.71462396 2.2142022162604424e-07
2.7159751919999997 2.2337952820846048e-06
2.717326423 4.930784761390812e-07
2.718677655 6.204522650313877e-08
2.720028886 4.740649454412059e-09
2.7213801170000003 4.744944272413816e-09
2.722731349 9.070639553550439e-08
2.7240825799999997 2.0324817224023144e-08
2.7254338120000003 4.7494819583003065e-09
2.726785043 4.751722734558938e-09
2.7281362749999998 4.753963353865814e-09
2.729487506 4.7562038109971844e-09
2.730838738 3.561462648881019e-07
2.732189969 4.761108667016541e-09
2.7335412000000003 4.760602647078375e-09
2.734892432 4.760551850782816e-09
2.736243663 4.763051401343561e-09
2.737594895 4.765551073428645e-09
2.7389461259999996 4.768050861465681e-09
2.740297358 4.772126837625836e-09
2.741648589 4.778271213193799e-09
2.7429998209999997 4.780602129957367e-09
2.744351052 4.780971448014972e-09
2.745702283 4.779673455530967e-09
2.747053515 4.78200140256263e-09
2.7484047460000003 4.7843292618049434e-09
2.749755978 4.786657034782941e-09
2.7511072089999997 4.781495296716743e-09
2.7524584410000004 4.772122266540842e-09
2.753809672 4.762292463457986e-09
2.755160903 4.755486375357202e-09
2.756512135 4.745831968017643e-09
2.757863366 4.736319910620163e-09
2.7592145980000002 4.73067339697744e-09
2.760565829 4.7282653004926675e-09
2.761917061 4.716806600345244e-09
2.7632682920000002 4.7181529467123256e-09
2.764619524 4.718753244118348e-09
2.7659707549999997 4.719508256860006e-09
2.767321986 4.714912731871302e-09
2.768673218 4.716022268115954e-09
2.770024449 4.717152558581894e-09
2.771375681 4.712622369823525e-09
2.772726912 4.713663317729161e-09
2.774078144 4.714872718771639e-09
2.7754293750000003 4.713882001742033e-09
2.776780606 4.712257395352216e-09
2.7781318379999997 4.714660742069561e-09
2.779483069 4.72116089037183e-09
2.780834301 4.718583287497912e-09
2.782185532 4.719903664390545e-09
2.783536764 4.7222631876581555e-09
2.784887995 4.724717637850712e-09
2.786239227 4.721690811786902e-09
2.787590458 4.724307668665074e-09
2.788941689 4.726978359211876e-09
2.7902929210000003 4.728153979971109e-09
2.791644152 4.727382092033966e-09
2.7929953839999997 4.730567152678174e-09
2.794346615 4.7318028552176285e-09
2.795697847 4.731293336155145e-09
2.797049078 4.734398993530742e-09
2.7984003090000003 4.739588945284665e-09
2.799751541 4.741560483955534e-09
2.801102772 4.742386370310764e-09
2.8024540040000003 4.744343911977833e-09
2.803805235 4.7461862424024765e-09
2.8051564669999998 4.7422639599813214e-09
2.806507698 4.743810114069249e-09
2.80785893 4.745206666672184e-09
2.8092101609999998 4.745241682575391e-09
2.810561392 4.741885446522724e-09
2.811912624 4.742880301154516e-09
2.813263855 4.743669492620905e-09
2.814615087 4.740802038130479e-09
2.8159663179999996 4.7390470971712925e-09
2.8173175500000003 4.739243112736284e-09
2.818668781 4.742842367751779e-09
2.8200200129999997 4.738796376103353e-09
2.821371244 4.737736788600064e-09
2.822722475 4.736507894850727e-09
2.824073707 4.735109618167093e-09
2.8254249380000003 4.733532981325187e-09
2.82677617 4.731813113958254e-09
2.828127401 4.729950857233715e-09
2.8294786330000004 4.727952699931328e-09
2.830829864 4.725489211507663e-09
2.8321810949999997 4.722697364284496e-09
2.833532327 4.719818960451829e-09
2.834883558 4.716876416797106e-09
2.83623479 4.712560889024016e-09
2.837586021 4.705236085249703e-09
2.838937253 4.70218693606257e-09
2.8402884840000002 4.700669731537991e-09
2.841639716 4.701420935353467e-09
2.8429909469999997 4.698414494321587e-09
2.8443421779999998 4.6954550585265665e-09
2.84569341 4.692548601995513e-09
2.847044641 4.689707743829752e-09
2.848395873 4.686955995341876e-09
2.849747104 4.684290365673093e-09
2.851098336 4.678971902373625e-09
2.8524495670000003 4.673138910790803e-09
2.8538007980000004 4.6674168147563084e-09
2.85515203 4.661821109822444e-09
2.856503261 4.656359695215506e-09
2.8578544929999996 4.651021366144113e-09
2.8592057239999997 4.645822721292293e-09
2.860556956 4.638261766817714e-09
2.861908187 4.632287855559309e-09
2.863259419 4.628905962153944e-09
2.86461065 4.628839692005614e-09
2.865961881 4.627728818739973e-09
2.8673131130000002 4.624710926792294e-09
2.868664344 4.621797091717941e-09
2.8700155759999997 4.618986225432137e-09
2.871366807 4.616906416560723e-09
2.872718039 4.614903260254107e-09
2.87406927 4.612970195698758e-09
2.8754205010000002 4.611103053998512e-09
2.876771733 4.609280597685575e-09
2.878122964 4.607494013136604e-09
2.8794741960000003 4.605731326921039e-09
2.8808254270000004 4.60393708885643e-09
2.882176659 4.602112877184573e-09
2.88352789 4.60026946821666e-09
2.8848791219999996 4.598395650719791e-09
2.8862303529999997 4.590987759620878e-09
2.887581584 4.589006940890731e-09
2.888932816 4.586957701974637e-09
2.890284047 4.585109640418837e-09
2.891635279 4.58427467362605e-09
2.89298651 4.5884400776087345e-09
2.8943377420000003 4.587434447651678e-09
2.895688973 4.586233590956794e-09
2.8970402049999997 4.584896745895742e-09
2.898391436 4.583392822132721e-09
2.899742667 4.581739949278028e-09
2.901093899 4.57892684562761e-09
2.9024451300000003 4.575695349831299e-09
2.903796362 4.572300102128777e-09
2.905147593 4.5687241132818364e-09
2.9064988250000003 4.564960177686509e-09
2.907850056 4.561028099680986e-09
2.9092012869999997 4.556909090795831e-09
2.910552519 4.549894155637519e-09
2.91190375 4.5437090435231286e-09
2.9132549819999998 4.539778009745776e-09
2.914606213 4.5356873868429476e-09
2.915957445 4.531452355973753e-09
2.917308676 8.594612609922683e-08
2.918659908 4.522530761457973e-09
2.920011139 4.517871159399563e-09
2.9213623699999998 9.505615656178928e-08
2.922713602 1.230962497743865e-06
2.924064833 6.011547548286951e-09
2.925416065 4.49054024392376e-09
2.926767296 8.7308051558211e-07
2.928118528 1.5350461253924334e-06
2.9294697590000003 7.706952002405676e-07
2.93082099 2.2724673005880105e-06
2.932172222 2.9254809636149377e-06
2.933523453 4.0043333702639664e-06
2.934874685 4.240971624838949e-06
2.9362259159999997 3.3387854644237735e-06
2.937577148 2.8823774164147526e-06
2.938928379 3.9751779856713885e-06
2.940279611 4.6600839011156204e-06
2.941630842 1.892370642453411e-06
2.942982073 2.9177303274926505e-06
2.9443333050000002 5.217892183757135e-06
2.9456845360000004 2.4885705572127196e-06
2.947035768 1.8480184191563794e-06
2.948386999 4.508011902893153e-06
2.949738231 3.847578779759765e-06
2.951089462 5.696736680736615e-06
2.952440694 6.5420361282588244e-06
2.953791925 7.833644968549521e-06
2.955143156 9.303675703006963e-06
2.956494388 1.0192984027382298e-05
2.957845619 7.746689054610985e-06
2.959196851 8.465298357040267e-06
2.960548082 9.771756438712385e-06
2.9618993139999996 9.357679889217869e-06
2.9632505449999997 9.82063064550219e-06
2.964601776 1.0928300632392517e-05
2.965953008 9.504186366552821e-06
2.967304239 1.2640319012955801e-05
2.968655471 1.3140098997171583e-05
2.970006702 1.1666187446642168e-05
2.9713579340000003 1.3143425459963006e-05
2.9727091650000004 1.3297886629787868e-05
2.974060397 1.3397123037728042e-05
2.975411628 1.560668730771666e-05
2.976762859 1.6739282219170356e-05
2.978114091 1.9961274708037897e-05
2.979465322 2.3188562031235037e-05
2.980816554 2.7186171723789255e-05
2.982167785 3.3203261299602405e-05
2.983519017 2.9224179921856914e-05
2.984870248 2.6988859223002565e-05
2.9862214789999997 2.341397025925104e-05
2.987572711 2.062545321739619e-05
2.988923942 1.9128757828253083e-05
2.9902751739999998 2.2541005000254578e-05
2.991626405 3.289022852111387e-05
2.992977637 4.307828958164969e-05
2.994328868 4.752455546771244e-05
2.9956801 4.678331763863354e-05
2.997031331 4.6092946616978975e-05
2.9983825619999998 4.437033645529152e-05
2.9997337940000004 4.4519567948115667e-05
3.001085025 4.575568923391474e-05
3.002436257 4.6978904966888674e-05
3.003787488 4.9924633388784216e-05
3.0051387199999997 4.770405149971125e-05
3.006489951 4.5858858948833826e-05
3.007841182 5.006604402760619e-05
3.009192414 5.747995576704859e-05
3.0105436450000003 6.038826324822614e-05
3.011894877 6.039152350689872e-05
3.0132461079999997 6.208814470021677e-05
3.01459734 6.500219306907406e-05
3.015948571 6.99485961735302e-05
3.017299803 7.193976346162992e-05
3.018651034 7.500904609935605e-05
3.020002265 7.389073684147282e-05
3.021353497 7.381871339629606e-05
3.0227047280000003 7.33365295841644e-05
3.02405596 7.078657862274965e-05
3.0254071909999998 7.792352377510034e-05
3.0267584230000004 8.372392571922203e-05
3.0281096539999997 8.742019581248602e-05
3.029460886 9.47383996807878e-05
3.030812117 0.00010111254554147283
3.032163348 0.00010348786517321967
3.03351458 0.0001100076072326009
3.034865811 0.00011743382744056439
3.036217043 0.00012318295195646356
3.0375682740000003 0.00012985497565587797
3.038919506 0.00013672247309389632
3.0402707369999997 0.00014597861190185276
3.041621968 0.00015472081413125371
3.0429732 0.00016560761436607908
3.044324431 0.00017493796484183588
3.045675663 0.00018963241321745463
3.047026894 0.00020501457511357257
3.0483781260000002 0.0002206048283144972
3.0497293570000004 0.00023375615688760502
3.051080589 0.00024654811429142823
3.05243182 0.00026101523103890477
3.053783051 0.0002794336108521774
3.0551342829999997 0.00029899332745351624
3.056485514 0.00031904112305950643
3.057836746 0.0003406872428039005
3.059187977 0.00036991537917248194
3.060539209 0.00039585829821126446
3.06189044 0.00042366443973344966
3.063241671 0.00045263473570854497
3.0645929030000003 0.0004842534446955017
3.065944134 0.0005188098853643489
3.0672953659999997 0.0005505813523057316
3.068646597 0.0005819588082884504
3.069997829 0.000618409306005789
3.07134906 0.0006574291493393783
3.072700292 0.000696142655557333
3.074051523 0.0007387115299324325
3.075402754 0.000785496055059569
3.0767539860000004 0.0008360546038982335
3.0781052169999996 0.0008866503289674143
3.079456449 0.0009410750297504137
3.08080768 0.0009945809210066907
3.0821589119999997 0.001050286417207571
3.083510143 0.0011102606880925864
3.084861374 0.0011770959428229308
3.086212606 0.001248184995112153
3.0875638370000003 0.0013246548310904842
3.088915069 0.0014011775466139023
3.0902662999999997 0.0014846574798370292
3.0916175320000003 0.001575302098532337
3.092968763 0.0016743507117548833
3.0943199949999998 0.001780851569930861
3.095671226 0.0018903216027070986
3.097022457 0.002009322998265376
3.098373689 0.002144942503253263
3.0997249200000003 0.0022970572648217604
3.101076152 0.0024526983147944194
3.102427383 0.002617049279247465
3.103778615 0.0028039767178579
3.1051298459999996 0.0030082489298800356
3.106481078 0.0032275760790855855
3.107832309 0.0034758232244738287
3.10918354 0.0037491310275837705
3.110534772 0.004048649453561364
3.111886003 0.004380042239646322
3.113237235 0.0047467625112637265
3.1145884660000003 0.005163644577535267
3.115939698 0.005633729309497139
3.1172909289999997 0.006156974268121721
3.11864216 0.00673793631278861
3.119993392 0.007388455406022392
3.121344623 0.008136902383021595
3.122695855 0.008972391015200457
3.124047086 0.009910336721844349
3.1253983180000002 0.010974229348844636
3.126749549 0.012175856991035012
3.128100781 0.013532584474789706
3.1294520120000002 0.01506673587467254
3.130803243 0.016803506132754074
3.1321544749999997 0.01877721044867856
3.133505706 0.02101257607098319
3.134856938 0.023547040650223314
3.136208169 0.026429466448965988
3.137559401 0.029702730879294707
3.138910632 0.033414721126959084
3.140261863 0.037618897604066524
3.1416130950000003 0.04238973406518123
3.142964326 0.047781717662343154
3.1443155579999997 0.05385663349198576
3.145666789 0.060673430234173514
3.147018021 0.06829282764269738
3.148369252 0.07684150736766787
3.149720484 0.08620375942132728
3.151071715 0.09643164148331843
3.152422946 0.1075432120585315
3.153774178 0.11948625561468133
3.155125409 0.13215614408957893
3.1564766410000002 0.14551255513193231
3.157827872 0.15924814897713324
3.1591791039999997 0.1733226769239409
3.160530335 0.1874341980883815
3.161881566 0.20136047848923755
3.163232798 0.21505188382942497
3.1645840290000002 0.22804651600934997
3.165935261 0.24047279403298064
3.167286492 0.25208401151936577
3.1686377240000003 0.26280872653063075
3.169988955 0.27275960911792524
3.1713401869999998 0.28189071264370075
3.172691418 0.29052690853714086
3.174042649 0.29829367003471907
3.1753938809999998 0.30525610188341484
3.176745112 0.3116987895985555
3.178096344 0.31757581410754737
3.179447575 0.32306487038105963
3.180798807 0.32814567472071815
3.182150038 0.3328853967964721
3.1835012700000003 0.3374090619264331
3.184852501 0.3417415739670139
3.186203732 0.3459277599184546
3.187554964 0.3500262143677
3.188906195 0.35399244694993615
3.190257427 0.3578771572305682
3.1916086580000003 0.36169146498614174
3.19295989 0.36542466150763153
3.194311121 0.36908049314894154
3.195662352 0.3726449936652327
3.197013584 0.3761208424986883
3.1983648149999997 0.37994515087842545
3.199716047 0.38320592155542077
3.201067278 0.38631364607720337
3.2024185099999998 0.38928555527349806
3.203769741 0.3921044659933911
3.205120973 0.3947947594762659
3.206472204 0.39732742104850993
3.207823435 0.3997252172065267
3.209174667 0.40197816658597896
3.2105258979999998 0.4040619048937455
3.21187713 0.4059943306826026
3.213228361 0.4073481771535725
3.214579593 0.4090007078215113
3.215930824 0.410547008615381
3.217282055 0.4119711318012335
3.2186332870000003 0.4132727657128373
3.2199845180000004 0.414473912640333
3.22133575 0.41588482078637246
3.222686981 0.4173784937139858
3.2240382129999996 0.4184767243944884
3.2253894439999997 0.41951019272297296
3.226740676 0.42047170531292993
3.228091907 0.4214022524404982
3.229443138 0.4222882724982604
3.23079437 0.423003272808654
3.232145601 0.42358821641468314
3.2334968330000002 0.42416716706355867
3.234848064 0.4247241932069104
3.2361992959999997 0.42527612145273097
3.237550527 0.425814545262159
3.238901759 0.42634892909096506
3.24025299 0.42686023532669015
3.2416042210000002 0.427316879895728
3.242955453 0.42776899734854507
3.244306684 0.4283751299722147
3.2456579160000003 0.4291776127848313
3.2470091470000004 0.42960991899268786
3.248360379 0.4300430527488098
3.24971161 0.43045952355270195
3.251062841 0.43096367254481316
3.2524140729999997 0.43148870683140833
3.253765304 0.43202090266040505
3.255116536 0.4325425209751603
3.256467767 0.43305808721842837
3.257818999 0.43355568450037907
3.25917023 0.43405219203329776
3.2605214620000003 0.4345210437855198
3.261872693 0.4349249784426729
3.263223924 0.4353177937037666
3.264575156 0.4356901038303248
3.265926387 0.43606388507582666
3.267277619 0.43657251732206875
3.2686288500000003 0.4373010955326335
3.269980082 0.43764488976672367
3.271331313 0.43787968661642096
3.272682544 0.43810086786813246
3.274033776 0.4383094960927768
3.2753850069999997 0.43851561951239815
3.276736239 0.4387232716146118
3.27808747 0.43893970970155705
3.2794387019999998 0.4391485830453694
3.280789933 0.4393560324128238
3.282141165 0.4395576890715659
3.283492396 0.43976975217704367
3.2848436270000003 0.43998067197457286
3.286194859 0.44019983281614594
3.2875460899999998 0.4404229369054062
3.288897322 0.4406591042779987
3.290248553 0.4414247724790409
3.291599785 0.44167675066635753
3.292951016 0.44193795702785105
3.294302247 0.4421992834964467
3.2956534790000003 0.4424767666921795
3.29700471 0.44275334275135964
3.298355942 0.4430520090594214
3.299707173 0.44335197624030526
3.301058405 0.44354749920472786
3.3024096359999997 0.4437298347950275
3.303760868 0.4439254017560979
3.305112099 0.44413161463378364
3.30646333 0.4443367071072584
3.307814562 0.44456923616818234
3.309165793 0.44480050947408734
3.3105170250000002 0.4450140906398036
3.3118682560000003 0.4456620702493165
3.313219488 0.44595098835775876
3.3145707189999998 0.4461781095664322
3.315921951 0.4464032456122587
3.317273182 0.44664708673218595
3.318624413 0.4468966745413791
3.319975645 0.44715394621022375
3.321326876 0.44735970385253365
3.322678108 0.4475859199610644
3.324029339 0.4478304769036282
3.325380571 0.44809224020802235
3.326731802 0.44836931360257426
3.328083033 0.44864338260221476
3.3294342649999997 0.44892279940113045
3.330785496 0.44886947004964883
3.332136728 0.4485996808843824
3.333487959 0.4483410252394898
3.334839191 0.44853924405767776
3.336190422 0.4483824098308575
3.3375416540000002 0.4481457813656479
3.3388928850000004 0.44792641741941114
3.340244116 0.4474864941530572
3.341595348 0.44608377192371057
3.342946579 0.44466350817109596
3.344297811 0.44324529353172404
3.345649042 0.4418412206040508
3.347000274 0.4404383329467701
3.348351505 0.43903714873311755
3.3497027360000002 0.43762970460240863
3.351053968 0.43465805738599916
3.3524051989999997 0.43122782626391526
3.353756431 0.42778997822645654
3.355107662 0.4243360415358394
3.3564588939999997 0.42087032291848325
3.357810125 0.41740143788267037
3.359161357 0.4139247344327275
3.360512588 0.41195406270133605
3.3618638190000003 0.41242823615586216
3.363215051 0.41289380372693996
3.3645662819999997 0.4133478706479251
3.3659175140000004 0.4137886064032814
3.367268745 0.41422346115905495
3.368619977 0.41464569378103333
3.369971208 0.41506778360147367
3.371322439 0.41889268787547956
3.372673671 0.4231099663709843
3.374024902 0.42765826704703785
3.375376134 0.43154742087414116
3.3767273650000003 0.4354281847305013
3.378078597 0.43929936563994565
3.3794298279999997 0.44318255627398384
3.38078106 0.4454878674771594
3.382132291 0.44664614495651683
3.383483522 0.44780407682211854
3.384834754 0.4489640441232143
3.386185985 0.45012011419031167
3.387537217 0.4512672164452025
3.3888884480000003 0.45242423607039306
3.39023968 0.4533098314601806
3.3915909109999998 0.45299139756762247
3.3929421430000004 0.45267756026509526
3.3942933739999996 0.45236709984064927
3.3956446049999998 0.45206317205474733
3.396995837 0.4517507774125807
3.398347068 0.45144257014078165
3.3996983 0.45113598456374215
3.401049531 0.45079200890340043
3.402400763 0.45043294263389605
3.4037519940000003 0.45006877320860916
3.405103225 0.44971267242243756
3.4064544569999997 0.4493532942543946
3.407805688 0.44900396595893644
3.40915692 0.44873382919651633
3.410508151 0.44888402966154134
3.411859383 0.44870656596317166
3.413210614 0.4485251597199301
3.4145618460000002 0.4483411149190928
3.4159130770000004 0.4485965648005766
3.4172643079999996 0.4484288247503119
3.41861554 0.44820230891562063
3.419966771 0.4479530884971469
3.4213180029999997 0.4480563703845006
3.422669234 0.4481388191878607
3.424020466 0.4481968528381493
3.425371697 0.4482245362910273
3.4267229280000002 0.448227076040954
3.42807416 0.4482136156016805
3.429425391 0.44818064863068036
3.4307766230000003 0.4480435819464221
3.432127854 0.4478275158095257
3.4334790859999997 0.4476103073754899
3.434830317 0.44733863157372733
3.436181549 0.44698679575322714
3.43753278 0.4465982812037893
3.4388840110000003 0.44618882416580374
3.440235243 0.4457322176077129
3.441586474 0.4450971186965538
3.4429377060000004 0.4444556627973305
3.4442889369999996 0.4443374238893985
3.445640169 0.44369160788423107
3.4469914 0.4430535068826785
3.448342631 0.4425830372134195
3.449693863 0.4422752561323996
3.451045094 0.44186684374027446
3.452396326 0.441535388219863
3.4537475570000002 0.44123339913937143
3.455098789 0.44096595436174785
3.45645002 0.44075675228021527
3.4578012520000003 0.44060571705692114
3.459152483 0.44049395059615554
3.460503714 0.44057405154545254
3.461854946 0.4409448111375554
3.463206177 0.44139499569640445
3.464557409 0.44192604085780507
3.4659086400000003 0.4425227224504961
3.467259872 0.4431986285802279
3.468611103 0.4439463811393059
3.469962335 0.44478152108914487
3.4713135659999996 0.44539210791540246
3.4726647969999997 0.4460552274013635
3.474016029 0.44680123322245685
3.47536726 0.44760359396433913
3.476718492 0.44883007419948434
3.478069723 0.44986854318535585
3.479420955 0.45100655569612547
3.4807721860000003 0.45244100109057295
3.482123417 0.453715567792333
3.483474649 0.45496748813515964
3.48482588 0.45616778328120283
3.486177112 0.457291209892598
3.487528343 0.4583204777936326
3.488879575 0.45921084707146587
3.490230806 0.45994305702744503
3.491582038 0.46057969947090854
3.492933269 0.4609789122207163
3.4942845 0.46111559900949056
3.495635732 0.46093869489707523
3.496986963 0.4604138912870783
3.4983381949999997 0.4594935383453419
3.4996894259999998 0.45808711599166413
3.501040658 0.45616998114300045
3.502391889 0.45373418133408916
3.50374312 0.4507764115702713
3.505094352 0.44727528504305364
3.506445583 0.44320945567408065
3.5077968150000003 0.43899245550957394
3.509148046 0.4338156809967854
3.5104992779999997 0.4282155644808134
3.511850509 0.42208648275561583
3.513201741 0.4151671781145534
3.514552972 0.4077479509367627
3.515904203 0.39988766652721947
3.517255435 0.3916474302888455
3.518606666 0.3830124457520944
3.519957898 0.3739796862037453
3.521309129 0.3645730677207265
3.5226603610000002 0.35489519496438926
3.524011592 0.3450055386021324
3.5253628239999997 0.3349639107629899
3.526714055 0.3248190703077404
3.528065286 0.31462837927153825
3.529416518 0.30440862407208924
3.5307677490000002 0.294206680175478
3.532118981 0.2840793360061846
3.533470212 0.2740601570714601
3.5348214440000003 0.2644508273621112
3.536172675 0.25482317312659913
3.537523906 0.2453431985548334
3.538875138 0.23609092933550133
3.540226369 0.22705925537341948
3.5415776009999997 0.2182184874311374
3.542928832 0.20986846764234945
3.544280064 0.2015760755898179
3.545631295 0.19353646258693272
3.546982527 0.18576703468221303
3.548333758 0.17826408625289453
3.5496849889999997 0.17102804885028627
3.551036221 0.16404460227317433
3.552387452 0.1574798349158557
3.553738684 0.15098109422297012
3.555089915 0.1447164805383926
3.556441147 0.13867878562712208
3.5577923780000003 0.132861488128538
3.5591436090000004 0.12725752019937814
3.560494841 0.12186388733829191
3.561846072 0.11666948461743094
3.563197304 0.11165719142731124
3.5645485349999997 0.10682176271789973
3.565899767 0.10215336897892442
3.567250998 0.097650187133449
3.5686022299999998 0.09337187027231723
3.569953461 0.08921761482922214
3.571304692 0.08515232737715421
3.572655924 0.0812228157367286
3.574007155 0.07743042514961256
3.575358387 0.07377405252715755
3.5767096179999998 0.07024759537509073
3.57806085 0.06692481257941857
3.579412081 0.06364398527362242
3.580763312 0.060476516775753345
3.582114544 0.0574301089218896
3.583465775 0.05450483336586323
3.5848170070000003 0.051745465165556455
3.5861682380000004 0.0490590699271374
3.58751947 0.046471398749019975
3.588870701 0.043993297223101815
3.5902219329999996 0.04162343560523113
3.5915731639999997 0.039359770825754536
3.592924395 0.03720664709811423
3.594275627 0.03515251017684009
3.595626858 0.03319646303094408
3.59697809 0.03133926500028512
3.598329321 0.02957591408772059
3.5996805530000002 0.02790506744449721
3.601031784 0.026322550837113372
3.602383016 0.0248253863798479
3.603734247 0.023432127084174473
3.605085478 0.022100929318958573
3.60643671 0.02083909966845895
3.607787941 0.019652986392557022
3.609139173 0.018531733898102875
3.610490404 0.017474444799154405
3.6118416360000003 0.01648030221355987
3.6131928670000004 0.015546629860287216
3.6145440979999997 0.014672481104998464
3.61589533 0.013850246918617297
3.617246561 0.013076752268407273
3.6185977929999997 0.012352226566158376
3.619949024 0.011682969068393693
3.621300256 0.011042445848390172
3.622651487 0.01044197815044922
3.624002719 0.009879492337368933
3.62535395 0.009354286438645392
3.6267051809999997 0.00885985901566548
3.628056413 0.008393849040181072
3.629407644 0.007959479156286402
3.630758876 0.007553820145399295
3.632110107 0.007176008251611732
3.633461339 0.006820479269293784
3.6348125700000002 0.006482125696474164
3.6361638010000004 0.006165891436028057
3.637515033 0.005869585812472233
3.638866264 0.0055903953030887995
3.640217496 0.005332392929299514
3.6415687269999997 0.005090036294889084
3.642919959 0.00485785788794329
3.64427119 0.004639969578220405
3.6456224219999998 0.0044358792224919435
3.646973653 0.004243915760922347
3.648324884 0.004063428589207919
3.649676116 0.00389732720460507
3.6510273470000003 0.003741666299479403
3.652378579 0.003590816846524264
3.6537298099999997 0.003447209566420624
3.655081042 0.0033160124857864173
3.656432273 0.0031911017779802956
3.657783504 0.0030714703869334824
3.659134736 0.0029597917813987567
3.660485967 0.0028539222363743837
3.6618371990000003 0.002755228691073766
3.66318843 0.0026606136076246473
3.664539662 0.0025660937039922753
3.665890893 0.0024783795068067053
3.667242125 0.002398348030904257
3.6685933559999997 0.00232128812294031
3.669944587 0.0022509513117318324
3.671295819 0.0021827772790165715
3.67264705 0.0021176846941306
3.673998282 0.0020550468374528124
3.675349513 0.001992730761509733
3.676700745 0.0019347791593642878
3.6780519760000003 0.0018825832091500648
3.679403208 0.001831180505249828
3.6807544389999998 0.0017809075534023248
3.68210567 0.0017325140654540754
3.683456902 0.0016878663921384208
3.684808133 0.0016506227206564972
3.686159365 0.0016126542949798043
3.687510596 0.0015689999289413416
3.688861828 0.0015270924786581277
3.690213059 0.0014899103347788567
3.6915642899999996 0.001457688020697278
3.692915522 0.0014282439162522616
3.694266753 0.0013974577724037845
3.6956179849999997 0.0013649007036902047
3.696969216 0.001335086620877656
3.698320448 0.0013050975007364157
3.699671679 0.0012763919773598007
3.701022911 0.0012494951534422901
3.702374142 0.0012218619211144222
3.703725373 0.0011937790911208165
3.7050766050000004 0.0011651382943914245
3.706427836 0.001138312868768091
3.707779068 0.001116204498825215
3.709130299 0.001093747333245399
3.710481531 0.0010671050844374063
3.711832762 0.0010390089901836843
3.713183993 0.0010114230272667965
3.714535225 0.0009853700984400605
3.7158864560000002 0.0009608900725692948
3.717237688 0.0009382038449454923
3.7185889189999997 0.0009178413019731225
3.719940151 0.0008960696991183067
3.721291382 0.0008723366256352073
3.7226426139999997 0.0008507627409243312
3.723993845 0.0008288302217649381
3.725345076 0.0008051577675714533
3.726696308 0.000783485578483637
3.7280475390000003 0.0007612545236890527
3.729398771 0.0007365711271299621
3.730750002 0.0007124027233575359
3.7321012340000004 0.0006883768035822916
3.733452465 0.0006656874283465496
3.7348036959999997 0.0006450846773246689
3.736154928 0.0006232316442993072
3.737506159 0.0006003668984111658
3.738857391 0.0005799788812366081
3.740208622 0.0005583898945451534
3.741559854 0.000535230342993032
3.7429110850000002 0.0005117891485629333
3.744262317 0.0004905579522673751
3.7456135479999997 0.00047477564213918827
3.746964779 0.0004599595461257215
3.748316011 0.00044097054097821226
3.749667242 0.00042254747790472307
3.751018474 0.0004056659547536662
3.752369705 0.00038775734363496783
3.753720937 0.00037213919895553993
3.7550721680000003 0.0003576946203936277
3.7564234 0.0003412873304478496
3.757774631 0.00032712507980960407
3.759125862 0.00031624598031386664
3.7604770939999996 0.0003059906199464087
3.7618283249999998 0.0002963752237567632
3.763179557 0.000284926049368301
3.764530788 0.0002710131228022282
3.76588202 0.0002589723595665222
3.767233251 0.0002478452722343246
3.768584482 0.00023457336352816234
3.7699357140000003 0.0002217582447233783
3.771286945 0.00021177691609381376
3.7726381769999997 0.0002046381166008715
3.773989408 0.00019966906764828468
3.77534064 0.00019465827788741775
3.776691871 0.0001885318262641764
3.778043103 0.000180885070637825
3.779394334 0.00017061452606571126
3.780745565 0.00016072187036136887
3.7820967970000003 0.00015565922555436853
3.7834480279999996 0.0001533113428201179
3.7847992599999998 0.00014984084331374023
3.786150491 0.00014546293124034367
3.7875017229999997 0.00014058863804199758
3.7888529539999998 0.00013591188983635486
3.790204185 0.00013200377316364574
3.791555417 0.00012709076430929828
3.792906648 0.00012216584286204747
3.79425788 0.00011898952886684963
3.795609111 0.00011557376661273416
3.7969603430000003 0.00011324090047405016
3.798311574 0.00011428669696770871
3.7996628059999997 0.00011351226057991853
3.801014037 0.00010912383202933587
3.802365268 0.00010623019798963855
3.8037165 0.00010542230783716069
3.8050677310000003 0.0001043769560060465
3.806418963 0.00010273050658252154
3.807770194 0.00010065358610330363
3.8091214260000004 9.853055479282763e-05
3.8104726569999996 9.549236979594927e-05
3.811823889 9.162267168831122e-05
3.81317512 8.858791061092194e-05
3.814526351 8.649664986665057e-05
3.815877583 8.495439446151792e-05
3.817228814 8.373628237833108e-05
3.818580046 8.17545318511921e-05
3.8199312770000002 7.96356509381818e-05
3.821282509 7.91026993460628e-05
3.82263374 7.922702369381353e-05
3.823984971 7.945150914225106e-05
3.825336203 8.077129824137031e-05
3.826687434 8.175260485653869e-05
3.828038666 8.038297212343511e-05
3.829389897 7.899830986557004e-05
3.830741129 7.816070691472421e-05
3.8320923600000003 7.63512040515321e-05
3.833443592 7.627849633211496e-05
3.834794823 7.834732459131457e-05
3.836146054 7.736206928443887e-05
3.8374972859999996 7.389235653253656e-05
3.8388485169999997 6.979551259701994e-05
3.840199749 6.55001958029534e-05
3.84155098 6.459210741543476e-05
3.842902212 6.575697021594819e-05
3.844253443 6.621821921440028e-05
3.845604674 6.690245085721081e-05
3.8469559060000003 6.646541349403711e-05
3.848307137 6.317916703421565e-05
3.849658369 6.0923827382959074e-05
3.8510096 6.227488480039278e-05
3.852360832 6.521767997727228e-05
3.853712063 6.731614414175108e-05
3.855063295 6.896411209501258e-05
3.856414526 6.870673429978899e-05
3.857765757 6.511234265541516e-05
3.859116989 6.0047684737724884e-05
3.86046822 5.497046481186903e-05
3.861819452 5.207508310147147e-05
3.863170683 5.257654909301857e-05
3.8645219149999996 5.2903738067424714e-05
3.8658731459999998 5.238449246975836e-05
3.867224377 5.1791924986286045e-05
3.868575609 5.198483052606488e-05
3.86992684 5.218173678090159e-05
3.871278072 5.1762076698008496e-05
3.872629303 5.153676630561865e-05
3.8739805350000003 5.216889421313342e-05
3.875331766 5.469345589274509e-05
3.876682998 5.497233041692871e-05
3.878034229 5.213269396641694e-05
3.87938546 5.0260451935516804e-05
3.880736692 5.0455750313651613e-05
3.882087923 5.091614859138295e-05
3.883439155 5.031456802995112e-05
3.884790386 4.710926659804734e-05
3.886141618 4.264446313402509e-05
3.887492849 3.95719314543785e-05
3.8888440810000002 3.9267770186270434e-05
3.890195312 4.134968375849921e-05
3.891546543 4.586015288647721e-05
3.892897775 4.8533976442855816e-05
3.894249006 4.8650714245094936e-05
3.895600238 4.910844032482066e-05
3.8969514690000002 4.9569793561061683e-05
3.898302701 4.743390529246485e-05
3.899653932 4.5072995466404306e-05
3.9010051629999998 4.415180311350323e-05
3.902356395 4.3292336879051034e-05
3.903707626 4.49793771097335e-05
3.905058858 4.7147230543778215e-05
3.906410089 4.682841424450432e-05
3.9077613209999997 4.7110944796885985e-05
3.909112552 5.015242701102201e-05
3.910463784 5.250900359166091e-05
3.911815015 5.2005766047263174e-05
3.913166246 5.1021204327196064e-05
3.914517478 5.0525918140278766e-05
3.9158687089999997 4.969873088865075e-05
3.917219941 5.124337545338965e-05
3.918571172 5.308870391751604e-05
3.919922404 5.318181328125854e-05
3.921273635 5.3965989129339215e-05
3.922624866 5.5467408852728694e-05
3.9239760980000002 5.636628109057193e-05
3.9253273290000004 5.659357804022992e-05
3.926678561 5.5786982044051064e-05
3.928029792 5.410118724475373e-05
3.929381024 5.245414511503354e-05
3.9307322549999997 5.146007074773605e-05
3.932083487 4.812184959845236e-05
3.933434718 4.4788179563091676e-05
3.934785949 4.480841267017095e-05
3.936137181 4.707087956206876e-05
3.937488412 5.10974121695321e-05
3.938839644 5.563180639021904e-05
3.940190875 5.8107289531696244e-05
3.941542107 5.7374078863622335e-05
3.9428933379999997 5.5375161619754015e-05
3.944244569 5.357998014056971e-05
3.945595801 5.2490384805335295e-05
3.946947032 5.38246755677059e-05
3.948298264 5.4708099199673085e-05
3.949649495 5.39401372097236e-05
3.9510007270000003 5.3869962101277e-05
3.9523519580000004 5.421998744672993e-05
3.95370319 5.3940945210172734e-05
3.955054421 5.349142224257457e-05
3.956405652 5.5024654793694804e-05
3.9577568839999997 5.857459269285998e-05
3.959108115 6.351336230869865e-05
3.960459347 6.672663086495336e-05
3.961810578 6.451985551777764e-05
3.96316181 6.0914698388458345e-05
3.964513041 5.972438305341354e-05
3.965864273 5.987211480818599e-05
3.967215504 5.995480642988319e-05
3.968566735 6.113003524028269e-05
3.9699179669999998 6.36766041120175e-05
3.971269198 6.271819755335848e-05
3.97262043 6.157357866843747e-05
3.973971661 6.33186416187523e-05
3.975322893 6.342770431903035e-05
3.976674124 6.11505714513345e-05
3.978025355 5.895272980759976e-05
3.9793765870000004 5.787493117876162e-05
3.9807278179999996 5.776847040512886e-05
3.98207905 5.914071368407404e-05
3.983430281 6.143942237977346e-05
3.9847815129999997 6.254462824635156e-05
3.986132744 6.392165019556155e-05
3.987483976 6.427375490477157e-05
3.988835207 6.24211282850935e-05
3.9901864380000003 5.962902993861534e-05
3.99153767 5.830415511042837e-05
3.9928889009999997 5.94618315128842e-05
3.994240133 6.346079324888383e-05
3.995591364 6.818983890625892e-05
3.996942596 6.77313869695315e-05
3.998293827 6.469874415656098e-05
3.999645058 6.405018234191714e-05
4.00099629 6.566548379544591e-05
4.002347521 6.639895464923485e-05
4.003698753 6.543892570320243e-05
4.005049984 6.561094236801459e-05
4.006401216 6.504082464828004e-05
4.007752447 6.418434771873111e-05
4.009103679 6.462986532740079e-05
4.01045491 6.499329141432901e-05
4.011806141 6.460424791485967e-05
4.013157373 6.401367731198681e-05
4.014508604 6.351791907820614e-05
4.015859836 6.141660674442634e-05
4.017211067 5.982339176883617e-05
4.018562299 5.8974079000401274e-05
4.01991353 5.685184197874684e-05
4.021264761 5.5161968803179914e-05
4.022615993 5.5677200055899244e-05
4.023967224 5.8277413369286315e-05
4.025318456 6.0673706459788e-05
4.026669687 6.247880589840244e-05
4.028020919 6.339615959541044e-05
4.02937215 6.387795823705207e-05
4.030723382 6.504722067794147e-05
4.032074613 6.644983369197804e-05
4.033425844 6.659567562663974e-05
4.034777076 6.569042749624659e-05
4.036128307 6.734819654241627e-05
4.037479539 7.016285184597493e-05
4.03883077 7.221979707914377e-05
4.040182002 7.325907840422297e-05
4.041533233 7.26294894105219e-05
4.042884465 6.998637397595852e-05
4.044235696 6.656952504958861e-05
4.0455869269999996 6.51753602209778e-05
4.046938159 6.629758483025915e-05
4.04828939 6.954374636532928e-05
4.049640622 7.304684262008068e-05
4.050991853 7.479377108630517e-05
4.052343085 7.479497599220134e-05
4.053694316 7.52612974657566e-05
4.055045547 7.589947207692735e-05
4.056396779 7.419124048501193e-05
4.05774801 7.26451875372564e-05
4.059099241999999 7.167589972627938e-05
4.0604504729999995 7.096251726543586e-05
4.061801705 7.043554926843239e-05
4.063152936 7.106785864373317e-05
4.064504168 7.007185906673826e-05
4.065855399 6.733722887811058e-05
4.06720663 6.667232511053229e-05
4.0685578620000005 6.796386324344306e-05
4.069909093000001 6.983804147526442e-05
4.071260325 7.111642837104674e-05
4.072611556 7.32879369921714e-05
4.073962788 7.378999572218322e-05
4.075314019 7.212892046124364e-05
4.07666525 7.00661506615224e-05
4.078016482 6.818615142920991e-05
4.079367713 6.670263278879584e-05
4.080718945 6.660137745090635e-05
4.082070176 6.941151157744869e-05
4.083421408 7.104157168411834e-05
4.084772639 7.120019128911001e-05
4.086123871 7.095036500269895e-05
4.087475102 7.127960313283787e-05
4.088826333 7.218803284431782e-05
4.090177565 7.42949885541599e-05
4.091528796 7.553925283417041e-05
4.092880028 7.477612685044323e-05
4.094231259 7.328982278487122e-05
4.095582491 7.180334666218786e-05
4.096933722 6.985496716287496e-05
4.098284953 6.774579474093547e-05
4.0996361850000005 6.983696993274853e-05
4.100987416 7.219672780264818e-05
4.102338648 7.159986915473147e-05
4.103689878999999 6.829212463466423e-05
4.105041110999999 6.536897881186815e-05
4.106392342 6.378411165098869e-05
4.107743574 6.188801756438934e-05
4.109094805 6.189780762453364e-05
4.110446036 6.292634431197261e-05
4.111797268 6.32721252489126e-05
4.113148499 6.140674921139034e-05
4.1144997309999995 6.01292485481674e-05
4.115850962000001 5.9741566573599434e-05
4.117202194000001 5.986017377295647e-05
4.118553425 6.102656649564784e-05
4.119904657 6.3295843306403e-05
4.121255887999999 6.551990301457404e-05
4.122607119 6.677162305341131e-05
4.123958351000001 6.746082385313268e-05
4.125309582 6.665798288998222e-05
4.126660814 6.478988401876122e-05
4.128012045 6.270291670551793e-05
4.129363277 6.0877637240474676e-05
4.130714508 5.868403288024152e-05
4.132065739 5.8524760280580704e-05
4.133416971 5.967992171149014e-05
4.134768202 6.093925593332286e-05
4.136119434 6.036646701114853e-05
4.1374706649999995 5.9162438309066715e-05
4.138821897 5.7440205120471314e-05
4.140173128000001 5.529228659598966e-05
4.14152436 5.4015378096011386e-05
4.142875591 5.4307236191884505e-05
4.144226821999999 5.475737013596384e-05
4.145578054 5.363572447396679e-05
4.146929285000001 5.34153357009307e-05
4.148280517 5.3614081068672675e-05
4.149631748 5.3505016613167165e-05
4.15098298 5.273372233148976e-05
4.152334211 5.342732555910727e-05
4.153685442 5.360526716023338e-05
4.155036674 5.321170713394724e-05
4.156387905 5.3071151660070604e-05
4.157739136999999 5.3979462046594533e-05
4.159090368 5.501213502906238e-05
4.1604416 5.6589896604689165e-05
4.161792831 5.8441030064057104e-05
4.163144063 5.907695595998748e-05
4.164495294 5.773447331327892e-05
4.165846525 5.596458771990566e-05
4.167197757 5.5292758198420455e-05
4.1685489879999995 5.392993616009113e-05
4.169900220000001 5.2715496490111365e-05
4.171251451 5.259224682478923e-05
4.172602683 5.427494897841403e-05
4.173953914 5.511296739102677e-05
4.1753051459999995 5.533519651723006e-05
4.1766563770000005 5.4155552476356445e-05
4.178007608 5.1526225544455645e-05
4.17935884 4.78993683058258e-05
4.180710071 4.823164458766492e-05
4.182061303 4.947900152145826e-05
4.183412534 4.952654794820328e-05
4.184763766 4.816591820978825e-05
4.186114997 4.749630021417093e-05
4.187466228 4.747131443327016e-05
4.18881746 4.708138586827933e-05
4.190168691 4.744069448930717e-05
4.1915199229999995 4.855568449191893e-05
4.1928711540000005 4.9177384205742776e-05
4.194222386000001 4.757825926535543e-05
4.195573617 4.601535118497035e-05
4.196924849 4.501738428266543e-05
4.198276079999999 4.483313244974959e-05
4.199627311 4.583674069465105e-05
4.200978543 4.6765142917947574e-05
4.202329774 4.681027238879684e-05
4.203681006 4.764974336886309e-05
4.205032237 5.0462205422990507e-05
4.206383469 5.3858146425180905e-05
4.2077347 5.236545219171677e-05
4.209085931 5.01443493162542e-05
4.210437163 4.880673588216994e-05
4.211788394 4.898436363685734e-05
4.213139626 4.78118929833786e-05
4.2144908569999995 4.7918107387623544e-05
4.215842089 4.929622473860306e-05
4.217193320000001 5.057147324504696e-05
4.218544552 4.970940932225102e-05
4.219895783 4.846458690290339e-05
4.221247013999999 4.815118673816572e-05
4.2225982459999996 4.7963230196304856e-05
4.223949477 4.7558237808787095e-05
4.225300709 4.766105832476804e-05
4.22665194 4.6559723738386766e-05
4.228003171999999 4.482484568159265e-05
4.229354403 4.381476595556977e-05
4.2307056339999995 4.459387909257876e-05
4.232056866 4.5390108103281634e-05
4.233408097000001 4.4441533671549596e-05
4.234759329 4.404413387558937e-05
4.23611056 4.4078374892854235e-05
4.237461792 4.412790394030454e-05
4.238813023 4.4457086699970104e-05
4.240164255 4.5655657967156774e-05
4.241515486 4.5444163050441855e-05
4.242866717 4.296806936981571e-05
4.244217949 3.9533326873461243e-05
4.24556918 3.939871475951891e-05
4.246920412000001 3.958916536112147e-05
4.248271643 3.9280081438153343e-05
4.249622875 3.8428623086388324e-05
4.250974105999999 4.031433377675447e-05
4.2523253379999995 4.2281308000979746e-05
4.2536765690000005 4.396362372252006e-05
4.2550278 4.50168670463476e-05
4.256379032 4.56891330942465e-05
4.257730263 4.4694162586296215e-05
4.259081495 4.330328795775488e-05
4.260432726 4.1810798949851394e-05
4.261783958 4.0237986603550974e-05
4.263135189 3.7317835460537464e-05
4.26448642 3.576390966033281e-05
4.265837652 3.573006548499001e-05
4.267188883 3.732148106029111e-05
4.2685401149999995 3.80599070638467e-05
4.2698913460000005 3.7760963876422014e-05
4.271242578000001 3.6147521019417095e-05
4.272593809 3.3454862859711384e-05
4.273945041 3.101065463852977e-05
4.275296271999999 3.1675608472687354e-05
4.276647503 3.311462463950607e-05
4.277998735 3.46534159319543e-05
4.279349966 3.540856764028248e-05
4.280701198 3.6395421416085445e-05
4.282052429 3.604736879246202e-05
4.283403661 3.442494551946146e-05
4.284754892 3.204910897832071e-05
4.286106123 3.101114174609909e-05
4.287457355 3.0016088056166683e-05
4.288808586 2.9102046015618796e-05
4.290159818 2.8884797923263754e-05
4.2915110489999995 2.975116965360493e-05
4.292862281 2.9755232534494222e-05
4.294213512000001 2.992645088194787e-05
4.295564744 3.0744230319703565e-05
4.296915975 3.2395362481267804e-05
4.298267206 3.208658914879822e-05
4.299618438 3.1473392101475246e-05
4.300969669 3.1270247075797285e-05
4.302320901 3.213948695610791e-05
4.303672132 3.181594737834013e-05
4.305023363999999 3.130000299015693e-05
4.306374595 3.0262481601947588e-05
4.3077258259999995 2.7832709574870246e-05
4.309077058 2.3629732439114053e-05
4.310428289000001 2.2502763265100506e-05
4.311779521 2.4438337740293512e-05
4.313130752 2.9550493318207583e-05
4.314481984 3.081853995269004e-05
4.315833215 2.946077795867538e-05
4.317184447 2.6863205891440585e-05
4.318535678 2.453040359449719e-05
4.319886909 2.4094251874958438e-05
4.321238141 2.4323416259180988e-05
4.322589372 2.4180889325231833e-05
4.323940604000001 2.171584809463265e-05
4.325291835 1.7986035344624397e-05
4.326643067 1.654349057569359e-05
4.327994297999999 1.719170376350956e-05
4.329345529999999 1.846449559997128e-05
4.3306967610000004 1.872422336198633e-05
4.332047992 1.9231034776007546e-05
4.333399224 2.0047394691724206e-05
4.334750455 2.0994716873206954e-05
4.336101687 2.2079321027407755e-05
4.337452918 2.260962483090582e-05
4.33880415 2.246838166325516e-05
4.340155381 1.9161688131546335e-05
4.341506612 1.6614092811018647e-05
4.342857844 1.720653249424256e-05
4.344209075 2.050447475654306e-05
4.3455603069999995 2.330545516079797e-05
4.3469115380000005 2.4306350604757263e-05
4.34826277 2.555901875151651e-05
4.349614001 2.5916335057004186e-05
4.350965233 2.559644120638426e-05
4.352316464 2.589779235215088e-05
4.353667695 2.667948631664002e-05
4.355018927 2.747842291343582e-05
4.356370158 2.6197470483613047e-05
4.35772139 2.3545997635350255e-05
4.359072621 2.115721331250799e-05
4.360423853 1.870858637795e-05
4.361775084 1.521275954316914e-05
4.363126315000001 1.4952321278645384e-05
4.364477547000001 1.3794441940390574e-05
4.365828778 1.1513861409148542e-05
4.36718001 9.914556510755009e-06
4.3685312409999995 1.3033104547113187e-05
4.369882473 1.6289279738689596e-05
4.371233704 1.662581193382359e-05
4.372584936 1.2319135877868354e-05
4.373936167 8.656619865643784e-06
4.375287398 6.945106001372374e-06
4.37663863 7.147656838986869e-06
4.377989861 9.203883179988315e-06
4.379341093 1.3651967789346245e-05
4.380692324 1.504318348329019e-05
4.382043555999999 1.2127662389932497e-05
4.383394787 1.163193966662097e-05
4.3847460179999995 1.24542371459069e-05
4.38609725 1.4693273281092385e-05
4.387448481000001 1.4859604535265817e-05
4.388799713 1.4768507783819992e-05
4.390150944 1.5095271167430274e-05
4.391502176 1.4364371711004707e-05
4.392853407 1.2015278425363332e-05
4.394204639 1.0546787419107057e-05
4.39555587 1.0758749540491685e-05
4.396907101 1.249835789282138e-05
4.398258332999999 1.3509438623939979e-05
4.399609564 1.4301233492906873e-05
4.400960796000001 1.5088419034495376e-05
4.402312027 1.4149026613943677e-05
4.403663259 1.2054005108030511e-05
4.405014489999999 8.763500991614868e-06
4.406365721999999 6.2713129071676514e-06
4.407716953 6.910550775332535e-06
4.409068184 8.69151458150652e-06
4.410419416 1.0835491285810257e-05
4.411770647 1.2574255510483345e-05
4.413121879 1.3405593954962799e-05
4.41447311 1.5684633696516333e-05
4.415824342 1.4004593925821655e-05
4.417175573000001 1.2349324902480467e-05
4.418526804 1.2821880915400773e-05
4.419878036 1.3973196020351426e-05
4.421229266999999 1.3871757540794118e-05
4.4225804989999995 1.4800935030585921e-05
4.4239317300000005 1.573541799458675e-05
4.425282962 1.5560722555063067e-05
4.426634193 1.3561327360095033e-05
4.427985425 1.1855695792979208e-05
4.429336656 1.0604183032451187e-05
4.430687887 1.0286505831833894e-05
4.432039119 1.0528352364603422e-05
4.43339035 1.117259881974276e-05
4.434741582 1.2112785709820675e-05
4.436092813 1.3855463289038597e-05
4.437444045 1.5199591964103168e-05
4.438795276 1.746703306028787e-05
4.440146507000001 1.9505106052144284e-05
4.441497739000001 1.992250968098805e-05
4.44284897 1.875299975467127e-05
4.444200202 1.569606691471656e-05
4.445551432999999 1.2544404231133713e-05
4.446902665 1.0812828311356393e-05
4.448253896 1.0800667455908809e-05
4.449605128 1.065273154034202e-05
4.450956359 1.0838998870450054e-05
4.45230759 1.0299397345105941e-05
4.453658822 9.680668960317396e-06
4.455010053 9.463052621115489e-06
4.456361285 9.030238255813805e-06
4.457712516 7.900315613812312e-06
4.459063747999999 7.140063503699165e-06
4.460414979 6.6823334877561535e-06
4.4617662110000005 7.429788751385944e-06
4.463117442 6.7086448717461635e-06
4.464468673000001 5.0404943229600346e-06
4.465819905 4.115562876182845e-06
4.467171136 4.164083562572783e-06
4.468522368 3.583034203467059e-06
4.469873599 2.8965019003482367e-06
4.471224831000001 2.913124808965555e-06
4.472576062 4.301194147934349e-06
4.473927293 5.283583866486842e-06
4.475278524999999 6.131611641288701e-06
4.476629756 7.202721911077832e-06
4.4779809880000006 8.674159410582426e-06
4.479332219 9.624729527171708e-06
4.480683451 7.745108230692493e-06
4.482034682 6.45203997968086e-06
4.483385914 6.7954205524986654e-06
4.484737145 9.767398283474999e-06
4.486088376 1.3164728679281294e-05
4.487439608 1.5436388737119693e-05
4.488790839 1.649019351805528e-05
4.490142071 1.3799374110876897e-05
4.491493302 1.1858412284688478e-05
4.492844534 1.0232899588738313e-05
4.494195765000001 1.104742861719035e-05
4.495546996 1.132259291264172e-05
4.496898228 1.1473949232109341e-05
4.498249458999999 8.868588656962837e-06
4.4996006909999995 7.395461058589218e-06
4.5009519220000005 5.647258817765037e-06
4.502303154 5.039776111314975e-06
4.503654385 3.6322469999346463e-06
4.505005617 3.81801052059775e-06
4.506356848 6.392946942419475e-06
4.507708079 8.83719588576579e-06
4.509059311 1.1341536486472463e-05
4.510410542 1.3452425480965655e-05
4.511761774 1.4172745200701118e-05
4.513113005 1.16435174890637e-05
4.514464237 8.023252638237098e-06
4.5158154679999996 4.4502345230296345e-06
4.517166699000001 4.902063177041959e-06
4.518517931 8.725306661226122e-06
4.519869162 1.2658347600208215e-05
4.521220394 1.4026072766628432e-05
4.522571624999999 1.4440403442697868e-05
4.523922857 1.4482866382171818e-05
4.525274088 1.4523428350169237e-05
4.52662532 1.4046299281236313e-05
4.527976551 1.310126275891579e-05
4.529327782 9.966333889145714e-06
4.530679014 9.341390529775933e-06
4.532030245 9.609671403370769e-06
4.533381477 8.561997081143062e-06
4.534732708 6.4514499931182815e-06
4.53608394 4.57313211101983e-06
4.537435171 4.4019663830847305e-06
4.5387864030000005 6.092080393483705e-06
4.540137634 1.3123582945257322e-05
4.541488865 1.63890709252937e-05
4.542840097 1.5763626517649993e-05
4.544191328 1.317099801461774e-05
4.5455425599999995 1.0139454572384999e-05
4.5468937910000005 6.788034197940019e-06
4.548245023000001 3.450281182352442e-06
4.549596254 2.8203346568140684e-06
4.550947485 2.9490613835103188e-06
4.552298716999999 3.393188059587751e-06
4.553649948 2.886248306818095e-06
4.5550011800000005 1.8446578991114138e-06
4.556352411 1.5389884845513233e-06
4.557703643 1.545728710168216e-06
4.559054874 2.0984138373445707e-06
4.560406106 3.090150538844904e-06
4.561757337 4.1949014543884856e-06
4.563108568 4.1737277654325266e-06
4.5644598 3.844493433928635e-06
4.565811031 3.289856182239029e-06
4.567162263 3.9561943923740204e-06
4.568513493999999 4.1405975309099505e-06
4.569864726 4.145702213722915e-06
4.571215957000001 2.646952819269072e-06
4.572567188 1.802035772532835e-06
4.57391842 1.3146065315013077e-06
4.575269650999999 2.0463229930281186e-06
4.5766208829999995 4.613643994323629e-06
4.5779721140000005 6.291900009063284e-06
4.579323346 7.037846212849246e-06
4.580674577 7.160557002578058e-06
4.582025809 6.520572193022635e-06
4.58337704 5.3176866057847366e-06
4.584728271 6.256956238985093e-06
4.586079503 8.073941189662066e-06
4.587430734 8.512401102147541e-06
4.588781966 8.179679584700757e-06
4.590133197 7.080287655302288e-06
4.591484429 4.954282232501405e-06
4.5928356599999995 3.775050145367242e-06
4.5941868910000005 2.8624527028863364e-06
4.595538123 2.3571578586669435e-06
4.596889354 4.248335004590072e-06
4.598240586 7.324720343206163e-06
4.599591817 6.185675282713548e-06
4.6009430490000005 4.128940632484907e-06
4.60229428 2.6591699243109505e-06
4.603645512 6.477857739056898e-07
4.604996743 2.917065603947745e-06
4.606347974 3.353070056965378e-06
4.607699206 2.4752960157673635e-06
4.609050437 1.864380188787158e-06
4.610401669 1.504507966949779e-06
4.611752900000001 2.838685664889423e-08
4.613104132 4.833022447808451e-09
4.614455363 4.829970987573771e-09
4.6158065950000005 9.727856288131816e-08
4.617157826 2.201608843663626e-06
4.618509057 2.93858114392581e-06
4.619860289 1.8753968541889168e-06
4.62121152 6.654319298073264e-07
4.622562751999999 1.6438705247047463e-06
4.6239139830000004 1.754377345676713e-06
4.625265215000001 9.740814729312528e-07
4.626616446 2.7613390967109623e-07
4.627967677 4.969553653936456e-07
4.629318908999999 1.489542393755988e-06
4.63067014 2.0116017832343572e-06
4.6320213720000005 2.438757832544519e-06
4.633372603 2.7417025716755457e-06
4.634723835 3.1509469342235815e-06
4.636075066 2.8038837908784784e-06
4.637426298 1.5899643137464114e-06
4.638777529 7.237404058512775e-07
4.64012876 5.995330735871117e-07
4.641479992 1.471358867648273e-06
4.642831223 1.0531565492814557e-06
4.644182455 1.3709803660956976e-06
4.645533685999999 1.6908601280633536e-06
4.646884918 2.4525074416829055e-06
4.648236149000001 3.0677328650185678e-06
4.64958738 2.9315622235540255e-06
4.650938612 2.3426155283085913e-06
4.652289842999999 2.2790187190124937e-06
4.6536410749999995 3.0309341156201482e-06
4.6549923060000005 3.904749929875468e-06
4.656343538 4.715410479330998e-06
4.657694769 4.9443283093576e-06
4.659046001 4.032238069756185e-06
4.660397232 2.3717819025862943e-06
4.661748463 8.959658844067234e-07
4.663099695 7.55403239730642e-07
4.664450926000001 8.751441016985681e-07
4.665802158 1.4683633618940695e-06
4.667153389 2.23354026032321e-06
4.668504621 3.0022060345562375e-06
4.6698558519999995 3.2664368807985307e-06
4.6712070830000005 3.1797758162534915e-06
4.672558315 2.6116936334475015e-06
4.673909546 5.89396621134472e-07
4.675260778 7.605993630824364e-08
4.676612009 7.233664992627244e-09
4.6779632410000005 4.630426296825236e-09
4.679314472 4.625598503180027e-09
4.680665704 4.620713434773733e-09
4.682016935 2.0180599685067134e-08
4.683368166 1.6007658271105346e-06
4.684719398 1.8640865833958128e-06
4.686070629 1.1199953291755742e-06
4.687421861 3.158867852453979e-07
4.688773092 1.98987785322915e-08
4.690124324 4.58601102885492e-09
4.691475555 4.581090617413375e-09
4.6928267869999996 4.576168188392734e-09
4.694178018 5.517202702790647e-09
4.695529249 1.3898202671359806e-07
4.696880481 9.1675176225785e-07
4.698231712 1.0828790591668672e-06
4.699582943999999 1.554568530142322e-06
4.700934175 1.997063540686488e-06
4.702285407000001 2.1473612242935985e-06
4.703636638 2.343500450414773e-06
4.704987869 2.6429354345491142e-06
4.706339100999999 3.273851743091895e-06
4.707690332 3.2219492726502575e-06
4.7090415640000005 2.480290437375706e-06
4.710392795 4.21621193157448e-07
4.711744027 4.390780686629289e-08
4.713095258 2.1562680125416608e-08
4.71444649 7.634925118536781e-09
4.7157977209999995 4.5009613646233804e-09
4.717148952 4.496736494930849e-09
4.718500184000001 4.492519729090511e-09
4.719851415 5.858274605020145e-09
4.721202647 2.476072558224214e-07
4.722553877999999 2.1882019697533574e-06
4.72390511 3.6743106015544935e-06
4.725256341000001 3.1185107537131478e-06
4.726607572 1.9731171226479907e-06
4.727958804 7.111291854564245e-07
4.729310035 3.443496648543256e-08
4.730661267 4.450138803301836e-09
4.7320124980000005 4.445416142824962e-09
4.73336373 4.440707859847905e-09
4.734714961 4.439480098512999e-09
4.736066193 4.436172074805268e-09
4.737417424 4.431494923899198e-09
4.738768654999999 4.4268286703660756e-09
4.740119887 4.422178263486572e-09
4.741471118000001 4.4175764710767805e-09
4.74282235 4.4129856883562285e-09
4.744173581 4.408408142041161e-09
4.745524813 4.403843903776273e-09
4.7468760439999995 4.3992907238698685e-09
4.748227276 4.394751459317055e-09
4.749578507 4.390224771105988e-09
4.750929738 4.385708536250599e-09
4.75228097 4.381206512573568e-09
4.753632201 4.37671615622471e-09
4.7549834330000005 4.372236459038786e-09
4.756334664 4.367771535558493e-09
4.757685896 4.3633172042958005e-09
4.759037127 4.358873584781754e-09
4.760388358 4.3544577218539356e-09
4.76173959 4.350085842013445e-09
4.763090821 4.345556882498314e-09
4.764442053 4.341000845644864e-09
4.765793284 4.336454408391235e-09
4.767144516 4.331919054972314e-09
4.768495747 4.327395247614867e-09
4.7698469789999995 4.322880226809909e-09
4.77119821 4.318357634381241e-09
4.772549441 4.313842686961803e-09
4.773900673 4.309335639728093e-09
4.775251904 4.3048389976516685e-09
4.776603135999999 4.300350666170982e-09
4.777954367 4.2958692042213985e-09
4.779305599000001 4.291397501590139e-09
4.78065683 4.2868929577508606e-09
4.782008061000001 4.282352645408061e-09
4.783359293 4.277821297079187e-09
4.784710524 4.273295001678333e-09
4.7860617560000005 4.268773960375861e-09
4.787412987 4.264259888669916e-09
4.788764219 4.259749572515692e-09
4.79011545 4.255245816713825e-09
4.791466682 4.250770270084004e-09
4.7928179129999995 4.246297069036138e-09
4.7941691440000005 4.24182716326663e-09
4.795520376000001 4.237360117868442e-09
4.796871607 4.232893995277073e-09
4.798222839 4.22842998418708e-09
4.799574069999999 4.223966838407874e-09
4.800925302 4.219534552333446e-09
4.802276533000001 4.2151174616069796e-09
4.803627764 4.210699153191557e-09
4.804978996 4.206278659742474e-09
4.806330227 4.201857426993103e-09
4.807681459 4.197433056892351e-09
4.80903269 4.197587644789369e-09
4.810383922 4.193126563639668e-09
4.811735153 4.188596134789262e-09
4.813086384999999 4.184060974024276e-09
4.814437616 4.179521288977107e-09
4.815788846999999 4.174975399242018e-09
4.817140079 4.170423317459485e-09
4.818491310000001 4.1658647186235295e-09
4.819842542 4.161298340983399e-09
4.821193773 4.156798649132993e-09
4.822545005 4.152300191206836e-09
4.8238962359999995 4.147792215806888e-09
4.825247468 4.143274692884753e-09
4.826598699 4.13874678109949e-09
4.82794993 4.1342078011604435e-09
4.829301162 4.129657597081738e-09
4.830652393 4.125074141834419e-09
4.8320036250000005 4.120455490474553e-09
4.833354856 4.115823979886187e-09
4.834706088 4.111178960934702e-09
4.836057318999999 4.10651997903934e-09
4.83740855 4.101846424920859e-09
4.838759782 4.0971579219186436e-09
4.840111013 4.092452845102369e-09
4.841462245 4.087719462092608e-09
4.842813476 4.082969794894104e-09
4.844164708 4.078203116004637e-09
4.845515939 4.073418906768897e-09
4.8468671709999995 4.068617090818762e-09
4.8482184020000005 4.06379672333399e-09
4.849569633 4.05895754950757e-09
4.850920865 4.0541672780582805e-09
4.852272096 4.049388364104816e-09
4.853623327999999 4.0445892861477396e-09
4.854974559 4.0397699577513974e-09
4.856325791000001 4.034928761193765e-09
4.857677022 4.030066452494091e-09
4.859028253 4.025182682882992e-09
4.860379485 4.020270760591027e-09
4.861730716 4.015323921913591e-09
4.863081948 4.0103543906624706e-09
4.864433179 4.005360912274926e-09
4.865784411 4.000344504326169e-09
4.867135642 3.99530417972012e-09
4.868486874 3.990239184294626e-09
4.8698381049999995 3.9851504318160354e-09
4.8711893360000005 3.979987705173767e-09
4.872540568000001 3.974793249862944e-09
4.873891799 3.969574451741682e-09
4.875243031 3.964329582832829e-09
4.876594261999999 3.961627725005001e-09
4.8779454939999995 3.958080285278136e-09
4.879296725000001 3.951158907791825e-09
4.880647956 3.944174169382661e-09
4.881999188 3.937195312385585e-09
4.883350419 3.930193765674847e-09
4.884701651 3.923171644296924e-09
4.8860528819999995 3.916128538710089e-09
4.887404114 3.9090627371661065e-09
4.888755345 3.901976145731984e-09
4.890106576999999 3.894866466586779e-09
4.891457808 3.887716537690928e-09
4.892809038999999 3.88054576131289e-09
4.894160271 3.8733530219791395e-09
4.895511502000001 3.8661381128748634e-09
4.896862734 3.8589023216599835e-09
4.898213965 3.851644211304706e-09
4.899565197 3.844364318066893e-09
4.900916428 3.837057473092157e-09
4.902267660000001 3.82972505377628e-09
4.903618891 3.822371292621505e-09
4.904970122 3.814996817581437e-09
4.906321354 3.807599514527185e-09
4.907672585 3.800181460692894e-09
4.9090238170000005 3.792742773450454e-09
4.910375048 3.785286554554684e-09
4.91172628 3.777823075638839e-09
4.913077511 3.770338884440701e-09
4.914428742 3.762832826306436e-09
4.915779974 3.755306822031308e-09
4.917131205 3.747760179983469e-09
4.918482437 3.740192489859186e-09
4.919833668 3.732605311252933e-09
4.9211849 3.72496450330366e-09
4.922536131 3.7172990236452846e-09
4.9238873629999995 3.7096147052471328e-09
4.9252385940000005 3.70191034091543e-09
4.926589825 3.694186869436386e-09
4.927941057 3.6864451265840007e-09
4.929292288 3.6786836833238067e-09
4.930643519999999 3.6708997597795067e-09
4.931994751 3.6630934878983512e-09
4.933345983000001 3.6552679771716656e-09
4.934697214 3.6474252630860294e-09
4.936048445 3.6395653282289767e-09
4.937399677 3.6316871388914907e-09
4.938750908 3.6237924352787526e-09
4.94010214 3.615883028983213e-09
4.941453371 3.609765728123002e-09
4.942804603 3.6039907547032194e-09
4.944155834 3.596048612880146e-09
4.945507066 3.588090118891352e-09
4.9468582969999995 3.580116338954825e-09
4.9482095280000005 3.572126669046953e-09
4.949560760000001 3.5641216184908066e-09
4.950911991 3.5561068707453207e-09
4.952263223 3.548079127830815e-09
4.953614453999999 3.5400369214658667e-09
4.9549656859999995 3.5319807634185846e-09
4.9563169170000005 3.5239098740869978e-09
4.957668148 3.515825398916389e-09
4.95901938 3.5077275888940674e-09
4.960370611 3.4996147084173505e-09
4.961721843 3.4914861606476346e-09
4.9630730739999995 3.483344827798541e-09
4.964424306 3.475190405646665e-09
4.965775537000001 3.467023819264073e-09
4.967126769 3.458844964014409e-09
4.968478 3.4506538541676286e-09
4.969829230999999 3.4424511726494002e-09
4.971180463 3.4342919214769355e-09
4.972531694000001 3.4261288458117687e-09
4.973882926 3.4179544448084585e-09
4.975234157 3.4097685100454615e-09
4.976585389 3.401571416106507e-09
4.97793662 3.393363514120646e-09
4.979287852000001 3.385144553312658e-09
4.980639083 3.3769072626710277e-09
4.981990314 3.3686510295726894e-09
4.983341545999999 3.360384274849235e-09
4.984692777 3.3521075297831404e-09
4.986044009 3.3438208715682593e-09
4.98739524 3.3355241987750024e-09
4.988746472 3.327217902918252e-09
4.990097703 3.3189019789425603e-09
4.991448934 3.3105759100844565e-09
4.992800166 3.3022405286683584e-09
4.9941513969999995 3.2938958334512707e-09
4.995502629 3.2855418809112105e-09
4.99685386 3.2771788717549027e-09
4.998205092 3.2688067582654954e-09
4.999556323 3.2604256509141193e-09
5.0009075549999995 3.252364329153789e-09
5.0022587860000005 3.2444520429029307e-09
5.003610017 3.2365277057814994e-09
5.004961249 3.2285914427938605e-09
5.006312479999999 3.2206429530009524e-09
5.007663711999999 3.212682539455469e-09
5.009014943 3.2082012154392655e-09
5.010366175 3.200207990165676e-09
5.011717406 3.1922028829783823e-09
5.013068637 3.1841858031522694e-09
5.014419869 3.1761564830117104e-09
5.0157711 3.1681152147370044e-09
5.017122332 3.1600618157433614e-09
5.018473563 3.151996126995034e-09
5.019824795000001 3.143918347636771e-09
5.021176026 3.135828221897041e-09
5.022527258 3.1277256632718496e-09
5.0238784889999994 3.1196108350908627e-09
5.0252297200000005 3.1114833427291845e-09
5.026580952000001 3.1033432346929636e-09
5.027932183 3.09519060496303e-09
5.029283415 3.0870249154897435e-09
5.030634646 3.0788463925225537e-09
5.031985878 3.0706550319604472e-09
5.033337109 3.062450146182348e-09
5.034688341 3.054232152905966e-09
5.036039572 3.0460008991958873e-09
5.037390803 3.03775571171909e-09
5.038742035 3.0294970518999613e-09
5.0400932659999995 3.021224600741432e-09
5.041444498 3.0129378264573263e-09
5.042795729000001 3.004637166156535e-09
5.044146961 2.9963220994871717e-09
5.045498192 2.9879923248661556e-09
5.046849422999999 2.979648190633745e-09
5.048200655 2.971288982152325e-09
5.049551886000001 2.962914662972393e-09
5.050903118 3.2400941121127504e-09
5.052254349 8.654705717111006e-09
5.053605581 1.3651209883410752e-08
5.054956812 4.1643051477168506e-09
5.056308044000001 2.920803837142942e-09
5.057659275 2.912333828818481e-09
5.059010506 2.9038478820528763e-09
5.060361737999999 2.895344566202797e-09
5.061712969 2.8868249791478013e-09
5.063064201 2.878331998741738e-09
5.064415432 2.8706870866563794e-09
5.065766664 2.863020141320188e-09
5.067117895 2.8553304171268855e-09
5.068469126 2.8476171240542282e-09
5.069820358 2.8398811947022948e-09
5.0711715889999995 5.543773342194816e-09
5.072522821 4.8606933708412884e-08
5.073874052 1.9147725365423207e-08
5.075225284 3.21986786084017e-09
5.076576515 2.8008436520521027e-09
5.0779277469999995 2.795783492512567e-09
5.0792789780000005 2.788089095706985e-09
5.080630209 2.780150431866964e-09
5.081981441 2.7721873472410215e-09
5.083332671999999 4.170733206960446e-09
5.084683904 3.9235746825707655e-08
5.086035135 4.2859563960873544e-08
5.087386367 1.6083510891648462e-08
5.088737598 8.675124970667019e-08
5.090088829 6.137381472424884e-07
5.091440061 1.3339706827389899e-06
5.092791292 2.1249205606395283e-06
5.094142524 1.920245182393971e-06
5.095493755000001 1.1727832642010306e-06
5.096844987000001 2.1722601658327603e-08
5.098196218 2.6745865239851558e-09
5.09954745 2.6662778197489013e-09
