Wavelength_microns Throughput
2.0004663860000003 3.54733043849835e-12
2.002610509 3.019763232076729e-12
2.004754632 2.564562019051e-12
2.006898754 2.150997322824612e-12
2.009042877 1.7825036321366278e-12
2.011186999 1.5267244140694283e-12
2.013331122 1.2273692179655232e-12
2.015475245 1.081535339127221e-12
2.017619367 1.036195290152126e-12
2.01976349 1.0847698270264658e-12
2.021907612 1.2625418062743847e-12
2.024051735 1.2880076707983805e-12
2.026195858 1.2789714278569439e-12
2.02833998 1.3231924088802885e-12
2.030484103 1.500629328368384e-12
2.032628225 1.6233401667231368e-12
2.034772348 1.5853772715005437e-12
2.036916471 1.5205036317536638e-12
2.039060593 1.3973195419750928e-12
2.0412047159999998 1.4607769253855148e-12
2.043348838 1.4692653202879269e-12
2.045492961 1.4135107868251464e-12
2.0476370839999998 1.3968542676259879e-12
2.049781206 1.4593228110294127e-12
2.0519253290000004 1.6160722097031944e-12
2.0540694509999997 1.7827916347108282e-12
2.056213574 1.957289735828866e-12
2.058357697 2.1576053463074967e-12
2.060501819 2.444181715475689e-12
2.062645942 2.7502539178915876e-12
2.064790064 2.977206164055667e-12
2.0669341869999998 3.2778245521037486e-12
2.06907831 3.582993198190482e-12
2.071222432 3.968637659364893e-12
2.073366555 4.601836420086757e-12
2.075510677 5.364509985892561e-12
2.0776548 6.645909412938203e-12
2.079798923 8.320026292379441e-12
2.081943045 1.038918543767421e-11
2.084087168 1.2690048600396949e-11
2.08623129 1.470633541068774e-11
2.088375413 1.675182808737442e-11
2.090519536 1.8299413590038973e-11
2.0926636579999998 1.89278914033117e-11
2.094807781 1.9374323081026294e-11
2.0969519030000003 2.252617803167307e-11
2.0990960260000002 2.9004499737901354e-11
2.101240149 3.961775569729349e-11
2.103384271 5.88910221726203e-11
2.105528394 8.621460337475745e-11
2.107672516 1.1977094087472648e-10
2.109816639 1.6051031696190453e-10
2.1119607620000003 2.001197638094394e-10
2.114104884 2.2767572623153327e-10
2.116249007 2.3755819912498617e-10
2.118393129 2.284372554637444e-10
2.120537252 2.1156690785215307e-10
2.122681375 1.9393856439217623e-10
2.124825497 1.8005245052093844e-10
2.1269696199999997 1.6788926653610362e-10
2.129113742 1.5930078338277124e-10
2.1312578650000003 1.510676341075521e-10
2.133401988 1.453044046389107e-10
2.1355461100000004 1.414023732842657e-10
2.137690233 1.2974942372418631e-10
2.139834355 1.1370167797570088e-10
2.141978478 9.519870397964232e-11
2.144122601 7.703964517488292e-11
2.146266723 6.201898721873392e-11
2.1484108460000004 5.697250827453697e-11
2.150554968 6.066296029775168e-11
2.152699091 6.558151602816368e-11
2.154843214 7.396627440341905e-11
2.1569873360000003 8.659815400534464e-11
2.159131459 1.0455564535551141e-10
2.161275581 1.2868655577081371e-10
2.163419704 1.453185692868749e-10
2.165563827 1.4899457685734585e-10
2.167707949 1.3821563024791956e-10
2.1698520720000003 1.291504528858551e-10
2.1719961939999997 1.3403743929592623e-10
2.174140317 1.39348979617457e-10
2.17628444 1.4096034306220496e-10
2.178428562 1.372714913544087e-10
2.180572685 1.4117302627653327e-10
2.182716807 1.4910000654452984e-10
2.1848609299999997 1.594890133621483e-10
2.187005053 1.6659760028548364e-10
2.189149175 1.6489812545067852e-10
2.191293298 1.6683060913180026e-10
2.1934374200000004 1.7386262446534244e-10
2.195581543 1.7919043861941206e-10
2.1977256659999997 1.7894811751533216e-10
2.199869788 1.7261749398262676e-10
2.202013911 1.8273399881007392e-10
2.204158033 2.1867735111992551e-10
2.206302156 2.8069928400875705e-10
2.208446279 3.530596306999284e-10
2.210590401 3.993007031366646e-10
2.212734524 4.6222225287847074e-10
2.2148786460000003 5.604491884899231e-10
2.217022769 7.56096356584967e-10
2.219166892 1.0226222638476656e-09
2.221311014 1.535419558193086e-09
2.2234551369999997 2.197077795754411e-09
2.225599259 2.7537250769149544e-09
2.2277433820000003 3.340647473022317e-09
2.229887505 3.7174081716874913e-09
2.232031627 4.07736953747085e-09
2.23417575 4.472925345910304e-09
2.236319872 5.033091264703337e-09
2.238463995 5.2888458890981e-09
2.240608118 5.459295501159815e-09
2.2427522399999997 5.991669333585864e-09
2.2448963629999996 7.153525083430713e-09
2.247040485 8.925723729653144e-09
2.249184608 1.1014282012287658e-08
2.251328731 1.3813418831428559e-08
2.2534728530000003 1.6623139696400923e-08
2.2556169759999998 1.926442637231984e-08
2.257761098 2.0900537385683473e-08
2.259905221 2.2650210059265742e-08
2.2620493440000002 2.371242184685981e-08
2.264193466 2.500300443389986e-08
2.2663375890000004 2.594539690594031e-08
2.2684817109999997 2.5169398870730725e-08
2.270625834 2.5219175554926722e-08
2.272769957 2.76517876343803e-08
2.274914079 3.3648981284714207e-08
2.277058202 3.938299983353623e-08
2.279202324 4.364026287550628e-08
2.2813464469999998 4.367847034711291e-08
2.28349057 4.1741248299124804e-08
2.285634692 3.942164046614752e-08
2.2877788150000002 3.681483412446483e-08
2.2899229369999996 3.293298350211322e-08
2.29206706 3.0854505738368703e-08
2.294211183 2.992935077735793e-08
2.296355305 2.976628207163823e-08
2.298499428 3.4996371373887656e-08
2.3006435499999998 4.503245806131613e-08
2.3027876729999996 6.054140528485445e-08
2.304931796 8.899198872528458e-08
2.307075918 1.2859078219007143e-07
2.309220041 1.7604343092844172e-07
2.3113641630000004 2.4247404577293766e-07
2.3135082860000002 3.2509470277715984e-07
2.3156524089999997 4.3215535056472194e-07
2.317796531 5.794362528744719e-07
2.319940654 7.845347949306435e-07
2.322084776 1.0391103104011625e-06
2.3242288990000004 1.3763438914255772e-06
2.3263730220000003 1.7517184707124017e-06
2.328517144 2.1286282917833933e-06
2.330661267 2.5019365598542944e-06
2.3328053890000002 2.8580026575145414e-06
2.334949512 3.1377937567340655e-06
2.337093635 3.2547768973883427e-06
2.339237757 3.151306893673315e-06
2.3413818799999997 2.8888960911216533e-06
2.343526002 2.610654663009394e-06
2.3456701250000003 2.392348803355003e-06
2.347814248 2.294671174752433e-06
2.34995837 2.370034689700879e-06
2.352102493 2.556424092147833e-06
2.354246615 2.8943090993864593e-06
2.356390738 3.1943674652968324e-06
2.358534861 3.3996173156115233e-06
2.3606789829999997 3.462685639410577e-06
2.362823106 3.4081768011195145e-06
2.364967228 3.299571117139456e-06
2.367111351 3.075369234172989e-06
2.369255474 2.8539112853792942e-06
2.3713995960000003 2.583346698995374e-06
2.3735437189999997 2.4933216769556816e-06
2.375687841 2.4791001744166137e-06
2.377831964 2.652596314918764e-06
2.379976087 3.0222891287049383e-06
2.382120209 3.5051606224003633e-06
2.3842643320000003 4.049868342994955e-06
2.3864084539999997 4.421499210213485e-06
2.388552577 4.570950310398817e-06
2.3906967 4.630842960705611e-06
2.392840822 4.652269271665291e-06
2.394984945 4.6203567648926416e-06
2.397129067 4.46473181955615e-06
2.3992731899999997 4.218811624186456e-06
2.401417313 3.87745986987737e-06
2.403561435 3.681650838113434e-06
2.405705558 3.6623922142794842e-06
2.40784968 3.7310873680445858e-06
2.409993803 3.8090120505736126e-06
2.4121379259999998 3.769038346813511e-06
2.414282048 3.584870310968935e-06
2.416426171 3.415307346086221e-06
2.418570293 3.1466875603155774e-06
2.4207144159999996 3.071532161645782e-06
2.422858539 3.0685640953420743e-06
2.425002661 3.134767540791863e-06
2.427146784 3.2130270631377534e-06
2.4292909060000003 3.5356484797961295e-06
2.431435029 4.003793142635156e-06
2.4335791519999996 4.451962314652443e-06
2.435723274 4.875321034561434e-06
2.4378673969999998 4.905535000131561e-06
2.440011519 4.496618842152412e-06
2.4421556420000003 3.894179872086962e-06
2.4442997650000002 3.354035460679076e-06
2.446443887 2.7414163620806617e-06
2.44858801 2.217639700709119e-06
2.450732132 1.7958569361016093e-06
2.452876255 1.6455543246171862e-06
2.455020378 1.6411227742967164e-06
2.4571644999999998 2.0901637040043194e-06
2.459308623 2.809224490325828e-06
2.461452745 3.5922798595778368e-06
2.463596868 4.367968062339289e-06
2.465740991 4.977813010670673e-06
2.467885113 5.466056817478169e-06
2.470029236 5.5698720726869955e-06
2.472173358 5.482583507344561e-06
2.474317481 5.229769159253355e-06
2.4764616040000003 4.865950840072303e-06
2.4786057259999996 4.436014720136783e-06
2.480749849 4.090623052792042e-06
2.4828939709999998 3.844565121152049e-06
2.485038094 3.6237240653275786e-06
2.487182217 3.5058460257264954e-06
2.489326339 3.426952813221991e-06
2.491470462 3.2860556263255494e-06
2.493614584 2.99820774341306e-06
2.495758707 2.6660771535518083e-06
2.49790283 4.459696956762494e-06
2.500046952 6.164128355874053e-06
2.5021910750000003 7.842894521873102e-06
2.5038318559999997 1.0354569010494382e-05
2.505183087 1.2453277630944583e-05
2.506534319 1.4555221316729227e-05
2.50788555 1.5907217034579902e-05
2.509236782 1.831366762084658e-05
2.510588013 1.855120915006598e-05
2.511939244 1.8679061433497953e-05
2.5132904760000003 1.9214461990880267e-05
2.514641707 2.0041919075529966e-05
2.515992939 2.0254163942699795e-05
2.51734417 1.9752873080130694e-05
2.5186954019999996 2.0770806683807426e-05
2.5200466329999998 2.0948762136505005e-05
2.521397865 2.0817159034523954e-05
2.522749096 2.0664772112009525e-05
2.524100327 2.1181606791979655e-05
2.525451559 2.0235177810520355e-05
2.52680279 1.9910037812101653e-05
2.5281540220000003 2.1045552082681687e-05
2.529505253 2.1820012648074734e-05
2.5308564849999997 2.181884888022904e-05
2.532207716 2.2226385433349208e-05
2.533558948 2.3134714984297468e-05
2.534910179 2.2595852061379237e-05
2.5362614100000003 2.2167022954301406e-05
2.537612642 2.272068354097828e-05
2.538963873 2.313933791555601e-05
2.5403151050000004 2.3698483860254817e-05
2.5416663359999996 2.412570842600695e-05
2.5430175680000002 2.4376185212765767e-05
2.544368799 2.450906510897653e-05
2.54572003 2.4896353462787146e-05
2.547071262 2.6552093960845966e-05
2.548422493 2.750980011436578e-05
2.549773725 2.6686515123368645e-05
2.551124956 2.6074208939310306e-05
2.552476188 2.6112426642069882e-05
2.553827419 2.545720354144415e-05
2.5551786510000003 2.467136960746389e-05
2.556529882 2.4007487777421684e-05
2.557881113 2.2250112866610513e-05
2.559232345 2.1444106272713665e-05
2.560583576 2.189161124065965e-05
2.561934808 2.1668020789046787e-05
2.5632860390000003 2.154813495295982e-05
2.564637271 2.178099109027157e-05
2.565988502 2.2851652274927005e-05
2.567339733 2.434757954808687e-05
2.5686909649999996 2.535364993594715e-05
2.5700421959999997 2.597015912397318e-05
2.571393428 2.6909105394665237e-05
2.572744659 2.8046878782996756e-05
2.574095891 2.9072223450431087e-05
2.575447122 3.0220943324980292e-05
2.576798354 2.9899355892472085e-05
2.5781495850000002 2.939254995446511e-05
2.5795008160000004 3.0348262037274276e-05
2.580852048 3.0913630535145994e-05
2.582203279 3.125913499456478e-05
2.583554511 3.101043110913367e-05
2.584905742 3.092654717457178e-05
2.586256974 3.003292422856676e-05
2.587608205 2.961286928954451e-05
2.588959437 2.910800055925788e-05
2.590310668 2.798420700169485e-05
2.591661899 2.714472682596167e-05
2.593013131 2.533423079423243e-05
2.594364362 2.31602660441666e-05
2.5957155939999996 2.0242053767274846e-05
2.5970668249999997 1.920923602692545e-05
2.598418057 1.822762157876139e-05
2.599769288 1.688957918444004e-05
2.601120519 1.5380392352865087e-05
2.602471751 1.3445500761357484e-05
2.603822982 1.2538947807948108e-05
2.6051742140000003 1.2091116893583693e-05
2.6065254450000004 1.2588627940212142e-05
2.607876677 1.1991084803398019e-05
2.609227908 1.1272854411699027e-05
2.61057914 1.1410377022522507e-05
2.611930371 1.1089218635716118e-05
2.613281602 1.0546749060189725e-05
2.614632834 1.0144314871184974e-05
2.615984065 1.0311627782126458e-05
2.617335297 9.832492890746672e-06
2.618686528 1.0827142203851969e-05
2.62003776 1.1737964631172821e-05
2.621388991 1.163112537782377e-05
2.622740222 1.1945102349402621e-05
2.6240914539999998 1.333379879598822e-05
2.625442685 1.4197158013539337e-05
2.626793917 1.4310313077932137e-05
2.628145148 1.4956652278391482e-05
2.62949638 1.4729024594530016e-05
2.630847611 1.4480000759895587e-05
2.6321988430000003 1.4147438329977348e-05
2.6335500740000004 1.3790333094734754e-05
2.634901305 1.3045644994130892e-05
2.636252537 1.2643800706609566e-05
2.637603768 1.2665380377076857e-05
2.6389549999999997 1.2532921251607904e-05
2.640306231 1.195244698956387e-05
2.641657463 1.1338478743816014e-05
2.643008694 1.1112888885595544e-05
2.6443599250000003 1.0901387283539895e-05
2.645711157 1.074923604684081e-05
2.6470623879999997 1.0538013797378443e-05
2.64841362 1.018021746611274e-05
2.649764851 1.0027446190738087e-05
2.651116083 9.76394080233462e-06
2.652467314 9.517808066800121e-06
2.653818546 9.272928564152971e-06
2.6551697770000002 9.062105306759073e-06
2.6565210080000004 7.967558030706023e-06
2.65787224 7.52380604586659e-06
2.659223471 8.498507181346836e-06
2.6605747030000004 8.719531585539865e-06
2.6619259339999997 8.915738900136057e-06
2.663277166 9.656605031461118e-06
2.664628397 1.0325358486630389e-05
2.6659796289999997 1.0740990557284332e-05
2.66733086 1.190202828735085e-05
2.668682091 1.2486166128842677e-05
2.670033323 1.094296953061328e-05
2.6713845540000003 9.917478403734132e-06
2.672735786 9.833609766253043e-06
2.6740870169999997 8.911596447294142e-06
2.675438249 7.68517535592627e-06
2.67678948 6.632221954544189e-06
2.678140711 5.931043374134627e-06
2.679491943 4.772249760871866e-06
2.680843174 4.350321569844108e-06
2.6821944060000003 4.12912582299685e-06
2.6835456370000004 3.307633105378788e-06
2.684896869 3.146615416828555e-06
2.6862481 3.43120161503004e-06
2.6875993319999996 3.7753576925733665e-06
2.6889505629999997 3.5120141214944587e-06
2.690301794 3.221672023292638e-06
2.691653026 3.0781766283657483e-06
2.693004257 3.4424370619834937e-06
2.694355489 3.17260757703717e-06
2.69570672 2.6463078310450754e-06
2.697057952 2.5388067014148795e-06
2.6984091830000003 2.23649849161638e-06
2.699760414 2.1416437661745944e-06
2.7011116459999998 2.6175402361743035e-06
2.702462877 2.5973300362215756e-06
2.703814109 1.9658683969373358e-06
2.70516534 1.8723305981739228e-06
2.706516572 1.8538789091002766e-06
2.707867803 1.3986396031165573e-06
2.7092190350000003 1.1801892412867842e-06
2.7105702660000004 8.696599278152685e-07
2.7119214969999996 4.2028968621138023e-07
2.713272729 4.2027171724910103e-07
2.71462396 4.1669314844915224e-07
2.7159751919999997 9.880746218809901e-07
2.717326423 9.797795879279598e-07
2.718677655 1.0906771459496802e-06
2.720028886 1.0897171642569501e-06
2.7213801170000003 1.1211332998377481e-06
2.722731349 1.1234789881763136e-06
2.7240825799999997 1.122558338609862e-06
2.7254338120000003 9.4989542044754e-07
2.726785043 2.4659389371442414e-07
2.7281362749999998 2.461256851455619e-07
2.729487506 1.4064781634728764e-07
2.730838738 2.9412763806647346e-07
2.732189969 6.181996266739753e-07
2.7335412000000003 5.948656302454613e-07
2.734892432 6.100161825029947e-07
2.736243663 6.10191410152191e-07
2.737594895 6.858199125131648e-07
2.7389461259999996 9.161346463625589e-07
2.740297358 9.101822604457256e-07
2.741648589 1.0289714106291046e-06
2.7429998209999997 6.76045301208821e-07
2.744351052 6.720666227812704e-07
2.745702283 6.567572281444054e-07
2.747053515 8.574582362214418e-07
2.7484047460000003 8.553649876993153e-07
2.749755978 1.1430828980068365e-06
2.7511072089999997 1.5913067670162459e-06
2.7524584410000004 1.4513319598360738e-06
2.753809672 1.4458788555515326e-06
2.755160903 1.5902334658416513e-06
2.756512135 1.882524544540849e-06
2.757863366 1.8847913421441742e-06
2.7592145980000002 2.0500641536188354e-06
2.760565829 1.6063213558213857e-06
2.761917061 1.5864593256681717e-06
2.7632682920000002 2.301056455052391e-06
2.764619524 2.7024672680480507e-06
2.7659707549999997 2.8848326287375816e-06
2.767321986 3.1438267127377833e-06
2.768673218 3.423439924322285e-06
2.770024449 3.676621036040516e-06
2.771375681 3.6040936983651933e-06
2.772726912 3.190843992287526e-06
2.774078144 2.53334192106096e-06
2.7754293750000003 2.5498006530673614e-06
2.776780606 2.83104306485231e-06
2.7781318379999997 2.611552908177208e-06
2.779483069 2.717422682583214e-06
2.780834301 2.57750922544756e-06
2.782185532 2.9131916374206433e-06
2.783536764 3.7056847049505056e-06
2.784887995 4.177174979893681e-06
2.786239227 4.114217823966139e-06
2.787590458 4.076052916704171e-06
2.788941689 4.210593328640348e-06
2.7902929210000003 4.221476950140383e-06
2.791644152 4.718683239608687e-06
2.7929953839999997 5.2237137721094824e-06
2.794346615 5.1953668692786165e-06
2.795697847 5.452962284402646e-06
2.797049078 5.921091455125665e-06
2.7984003090000003 6.522571559345886e-06
2.799751541 7.013322253601382e-06
2.801102772 6.8933999169615205e-06
2.8024540040000003 6.325224441196225e-06
2.803805235 5.908692526027413e-06
2.8051564669999998 5.764562598394126e-06
2.806507698 5.37363128477039e-06
2.80785893 5.29659896662206e-06
2.8092101609999998 4.633775279407284e-06
2.810561392 4.43005840659539e-06
2.811912624 4.783954184627433e-06
2.813263855 5.175290654979895e-06
2.814615087 5.609660449042451e-06
2.8159663179999996 5.538551173914631e-06
2.8173175500000003 5.363672645596759e-06
2.818668781 5.105129020851828e-06
2.8200200129999997 5.675296120128221e-06
2.821371244 5.755032173957699e-06
2.822722475 5.878770145434947e-06
2.824073707 5.740623064592669e-06
2.8254249380000003 5.826026271573218e-06
2.82677617 6.412278928753128e-06
2.828127401 6.709741993705274e-06
2.8294786330000004 7.022874441998471e-06
2.830829864 6.751909360176638e-06
2.8321810949999997 6.435913207405144e-06
2.833532327 6.024616608673018e-06
2.834883558 5.857656273510485e-06
2.83623479 5.238300744876528e-06
2.837586021 4.991556356258093e-06
2.838937253 5.108656076832923e-06
2.8402884840000002 5.315941251980889e-06
2.841639716 5.456112790541924e-06
2.8429909469999997 6.1033499425728625e-06
2.8443421779999998 6.6086533417880015e-06
2.84569341 7.1431803434097454e-06
2.847044641 7.657771894806021e-06
2.848395873 6.7954569991602645e-06
2.849747104 6.488919187354218e-06
2.851098336 6.7941623926462066e-06
2.8524495670000003 6.984694496735055e-06
2.8538007980000004 6.233226055151211e-06
2.85515203 5.585984983315161e-06
2.856503261 5.370902946878151e-06
2.8578544929999996 5.0512177221581975e-06
2.8592057239999997 5.35260600570471e-06
2.860556956 5.615701553751685e-06
2.861908187 4.902031596384404e-06
2.863259419 3.9442207541436195e-06
2.86461065 3.7156521854725135e-06
2.865961881 4.30386674710276e-06
2.8673131130000002 4.190285634133562e-06
2.868664344 3.966456807471982e-06
2.8700155759999997 4.10529984376668e-06
2.871366807 3.6995964287256873e-06
2.872718039 3.360138028007008e-06
2.87406927 3.747963294092407e-06
2.8754205010000002 3.7577243276046073e-06
2.876771733 3.1753949340775647e-06
2.878122964 2.9580234136662287e-06
2.8794741960000003 3.3227473008281945e-06
2.8808254270000004 3.5905825306256083e-06
2.882176659 3.836892478402082e-06
2.88352789 4.1199079702589685e-06
2.8848791219999996 4.364689751716234e-06
2.8862303529999997 5.059407761034618e-06
2.887581584 5.438864294635807e-06
2.888932816 5.421905131047228e-06
2.890284047 5.72323540202657e-06
2.891635279 5.691587670607683e-06
2.89298651 5.558665188957136e-06
2.8943377420000003 5.210708123508422e-06
2.895688973 4.997830610463961e-06
2.8970402049999997 5.061921708303202e-06
2.898391436 5.1490529313449025e-06
2.899742667 6.620228492100576e-06
2.901093899 7.4742307498428766e-06
2.9024451300000003 7.685681929211e-06
2.903796362 8.21985158577407e-06
2.905147593 9.135422974510517e-06
2.9064988250000003 9.84536396839318e-06
2.907850056 1.0097360108601275e-05
2.9092012869999997 1.0233305615609281e-05
2.910552519 9.452951728152219e-06
2.91190375 8.978255015118386e-06
2.9132549819999998 9.794402878663202e-06
2.914606213 1.0744011717178779e-05
2.915957445 1.1393897414415875e-05
2.917308676 1.1754543709712101e-05
2.918659908 1.2320439751869429e-05
2.920011139 1.2606685375016058e-05
2.9213623699999998 1.2953983293177683e-05
2.922713602 1.3189306287759493e-05
2.924064833 1.3105987752757347e-05
2.925416065 1.3183022432890099e-05
2.926767296 1.3525862632505709e-05
2.928118528 1.3992014265759441e-05
2.9294697590000003 1.4008579628877754e-05
2.93082099 1.4531231870634337e-05
2.932172222 1.5001914959051667e-05
2.933523453 1.5171190073144096e-05
2.934874685 1.4744389712870852e-05
2.9362259159999997 1.4307180214991461e-05
2.937577148 1.3848801647695252e-05
2.938928379 1.33110979816811e-05
2.940279611 1.3625452075661986e-05
2.941630842 1.4037454975870231e-05
2.942982073 1.409446265468089e-05
2.9443333050000002 1.4122212508614409e-05
2.9456845360000004 1.4358134158391245e-05
2.947035768 1.4233032235118584e-05
2.948386999 1.4115672108126005e-05
2.949738231 1.4665813907164333e-05
2.951089462 1.470169219413308e-05
2.952440694 1.4665838165535576e-05
2.953791925 1.4548031493246623e-05
2.955143156 1.4537932397902862e-05
2.956494388 1.4456024380888315e-05
2.957845619 1.4416898610430038e-05
2.959196851 1.4967525132425189e-05
2.960548082 1.5025714189034412e-05
2.9618993139999996 1.5156361213324798e-05
2.9632505449999997 1.535339991039934e-05
2.964601776 1.592933906979483e-05
2.965953008 1.6459653824290152e-05
2.967304239 1.7971325996925165e-05
2.968655471 1.9236125423605475e-05
2.970006702 1.9615802769961455e-05
2.9713579340000003 2.0262548540655763e-05
2.9727091650000004 2.1255347273306952e-05
2.974060397 2.1962620109895905e-05
2.975411628 2.2972961576161553e-05
2.976762859 2.4049390140671183e-05
2.978114091 2.477895130829109e-05
2.979465322 2.6443224366900924e-05
2.980816554 2.8449020786135855e-05
2.982167785 3.010380929522013e-05
2.983519017 3.2055995694923054e-05
2.984870248 3.5428628764053525e-05
2.9862214789999997 3.854183241439069e-05
2.987572711 4.2061492702286545e-05
2.988923942 4.604723470884888e-05
2.9902751739999998 4.9334847483278615e-05
2.991626405 5.318170708016251e-05
2.992977637 5.768302407761026e-05
2.994328868 6.221575866884336e-05
2.9956801 6.59400767377871e-05
2.997031331 6.989701903481597e-05
2.9983825619999998 7.491137620425072e-05
2.9997337940000004 8.020474170906756e-05
3.001085025 8.675352915221342e-05
3.002436257 9.363422853559932e-05
3.003787488 0.00010049167127023811
3.0051387199999997 0.00010812772626914814
3.006489951 0.00011697517885245803
3.007841182 0.00012638855379985052
3.009192414 0.00013615603834368927
3.0105436450000003 0.0001465396175813183
3.011894877 0.0001574944598546841
3.0132461079999997 0.00016889205955537105
3.01459734 0.0001812550047325446
3.015948571 0.0001942749269390484
3.017299803 0.00020776747240646118
3.018651034 0.0002222396168042942
3.020002265 0.00023706582602398595
3.021353497 0.00025278646965879315
3.0227047280000003 0.00026908690120521834
3.02405596 0.00028688050634620026
3.0254071909999998 0.000306402909697437
3.0267584230000004 0.00032638533526678813
3.0281096539999997 0.0003472591876022619
3.029460886 0.000370448124884718
3.030812117 0.0003950985781736474
3.032163348 0.0004214807163031549
3.03351458 0.00044998352649466903
3.034865811 0.0004801466944161778
3.036217043 0.0005117997067259208
3.0375682740000003 0.0005464774120809572
3.038919506 0.0005833771811416102
3.0402707369999997 0.0006229845729007593
3.041621968 0.0006658458410484492
3.0429732 0.0007114421059490047
3.044324431 0.0007611357967762749
3.045675663 0.0008143412651425496
3.047026894 0.000871720284784259
3.0483781260000002 0.0009341403879644456
3.0497293570000004 0.0010019406008051355
3.051080589 0.0010733940814548852
3.05243182 0.0011507455441757944
3.053783051 0.0012346325869549376
3.0551342829999997 0.0013251406912248944
3.056485514 0.001423513930691205
3.057836746 0.0015298564434333064
3.059187977 0.001644791418189779
3.060539209 0.0017702324378077107
3.06189044 0.0019075794756436906
3.063241671 0.0020572599240176077
3.0645929030000003 0.0022195862749749187
3.065944134 0.0023975758473318005
3.0672953659999997 0.0025880460897743465
3.068646597 0.002797223533071886
3.069997829 0.003023648925317799
3.07134906 0.0032662989407832173
3.072700292 0.003530181321336526
3.074051523 0.0038170702388298666
3.075402754 0.004129322671384752
3.0767539860000004 0.004469431615192018
3.0781052169999996 0.00484034739557862
3.079456449 0.005244417634534979
3.08080768 0.005688160335895531
3.0821589119999997 0.00617461803537325
3.083510143 0.006705857521753559
3.084861374 0.007285944621573489
3.086212606 0.007920103512288458
3.0875638370000003 0.008612689720421366
3.088915069 0.00936859423593181
3.0902662999999997 0.010194847215882777
3.0916175320000003 0.011100830166188565
3.092968763 0.01209157923436892
3.0943199949999998 0.013191087192195531
3.095671226 0.014377446459810485
3.097022457 0.015674277109633546
3.098373689 0.0170950055136437
3.0997249200000003 0.018650971381480173
3.101076152 0.02034612591910789
3.102427383 0.022198546714755178
3.103778615 0.02422633003893279
3.1051298459999996 0.026444987062735976
3.106481078 0.028873451386714762
3.107832309 0.031530587982019485
3.10918354 0.03443528046602259
3.110534772 0.037614903465059905
3.111886003 0.04109901621317515
3.113237235 0.04490483012395175
3.1145884660000003 0.04905791338136805
3.115939698 0.05358368902675333
3.1172909289999997 0.05851046581953348
3.11864216 0.06386387414050114
3.119993392 0.0696724790038779
3.121344623 0.07611358047760218
3.122695855 0.08298773250667454
3.124047086 0.09039638975322153
3.1253983180000002 0.09835475846594591
3.126749549 0.10687417508319837
3.128100781 0.11595713132324142
3.1294520120000002 0.125601815189678
3.130803243 0.1357628049592767
3.1321544749999997 0.14641895138168018
3.133505706 0.15755185949989298
3.134856938 0.16910948772614887
3.136208169 0.18104140602102428
3.137559401 0.19325512554001642
3.138910632 0.2056809280808459
3.140261863 0.2182299815582606
3.1416130950000003 0.23086680441000945
3.142964326 0.243426027916094
3.1443155579999997 0.25579285746948566
3.145666789 0.26787529490021544
3.147018021 0.27957046900549354
3.148369252 0.2911393269634852
3.149720484 0.3018434088139368
3.151071715 0.31193919462071096
3.152422946 0.3213900806652601
3.153774178 0.33015168887296253
3.155125409 0.338230210691626
3.1564766410000002 0.34561203689072006
3.157827872 0.35231647178000247
3.1591791039999997 0.3583656183997322
3.160530335 0.3637575641124352
3.161881566 0.36853055920934313
3.163232798 0.37275121522121046
3.1645840290000002 0.3764810427622741
3.165935261 0.3797576202818593
3.167286492 0.38263291992082354
3.1686377240000003 0.3851490416859223
3.169988955 0.3873469819214463
3.1713401869999998 0.3895162795465304
3.172691418 0.391780189919946
3.174042649 0.39366323625816413
3.1753938809999998 0.3952372465529958
3.176745112 0.3966627485369219
3.178096344 0.3979748618034482
3.179447575 0.3991885204445689
3.180798807 0.40025288981765217
3.182150038 0.40119658150889537
3.1835012700000003 0.4020907196006682
3.184852501 0.4029379214223384
3.186203732 0.40375688682012256
3.187554964 0.404553438316063
3.188906195 0.4053280191834151
3.190257427 0.4060801172185141
3.1916086580000003 0.40682639878481514
3.19295989 0.4075663053334527
3.194311121 0.40830019778766496
3.195662352 0.40903014040418356
3.197013584 0.40975767859623896
3.1983648149999997 0.4109549278989525
3.199716047 0.41166810253166797
3.201067278 0.4123431186504147
3.2024185099999998 0.4129987357130734
3.203769741 0.4136546028648505
3.205120973 0.41430132571092154
3.206472204 0.41494941090836196
3.207823435 0.4155836492628346
3.209174667 0.4162172318799462
3.2105258979999998 0.4168396022498203
3.21187713 0.41746247051243895
3.213228361 0.41761155168441594
3.214579593 0.4182328581404912
3.215930824 0.41885079380736007
3.217282055 0.41947803826424357
3.2186332870000003 0.42011988469789
3.2199845180000004 0.4207726999181955
3.22133575 0.42172182051895196
3.222686981 0.42283707932209036
3.2240382129999996 0.4236327954137607
3.2253894439999997 0.42443537902459094
3.226740676 0.4252566606105554
3.228091907 0.4260772647222601
3.229443138 0.42690850554308984
3.23079437 0.42759918845902894
3.232145601 0.4282096053937646
3.2334968330000002 0.42882810618381956
3.234848064 0.4294636741510795
3.2361992959999997 0.4301024858616595
3.237550527 0.4307550433466727
3.238901759 0.43142219927579417
3.24025299 0.43208957983432766
3.2416042210000002 0.43271805795646934
3.242955453 0.4333473374683133
3.244306684 0.43414371268536106
3.2456579160000003 0.43513376865790726
3.2470091470000004 0.43577531225981336
3.248360379 0.4364054014080155
3.24971161 0.4370423896428873
3.251062841 0.4377679997628461
3.2524140729999997 0.43852188770762585
3.253765304 0.4392711964223668
3.255116536 0.4400267055921374
3.256467767 0.44078603209582146
3.257818999 0.44154578929551896
3.25917023 0.4423102498960691
3.2605214620000003 0.44303611311326363
3.261872693 0.443713203455805
3.263223924 0.4443764357060098
3.264575156 0.44504388834725295
3.265926387 0.44569530583603834
3.267277619 0.4464970505539496
3.2686288500000003 0.447524944574192
3.269980082 0.44816898221886214
3.271331313 0.44868748571150385
3.272682544 0.4492068472125667
3.274033776 0.4497295186601598
3.2753850069999997 0.45024704882441985
3.276736239 0.4507691696844797
3.27808747 0.4512786908331476
3.2794387019999998 0.4517975796854994
3.280789933 0.45231303992723393
3.282141165 0.4528411794661123
3.283492396 0.4533648415696871
3.2848436270000003 0.45389369225752946
3.286194859 0.45442488462724
3.2875460899999998 0.45496203002275126
3.288897322 0.45551240452350256
3.290248553 0.4566038897385347
3.291599785 0.45717451428391
3.292951016 0.4577439028830821
3.294302247 0.4583363596524215
3.2956534790000003 0.45892946826609654
3.29700471 0.4595311555479321
3.298355942 0.46013284766277873
3.299707173 0.4607398596978743
3.301058405 0.4612457747308351
3.3024096359999997 0.4617226571670705
3.303760868 0.46221230995941776
3.305112099 0.46269699052202
3.30646333 0.4631994003558493
3.307814562 0.46370600456978467
3.309165793 0.4642331771201663
3.3105170250000002 0.46474207073278695
3.3118682560000003 0.4656964506672782
3.313219488 0.46625934338175556
3.3145707189999998 0.4667517236481367
3.315921951 0.4672529027821018
3.317273182 0.46774489927686175
3.318624413 0.46824273754147744
3.319975645 0.4687291924284121
3.321326876 0.4691726015331971
3.322678108 0.4696080412894306
3.324029339 0.4700396244094635
3.325380571 0.4704697964168126
3.326731802 0.4708894297561893
3.328083033 0.47131474725271333
3.3294342649999997 0.471732639583568
3.330785496 0.47181008652252826
3.332136728 0.47162436300565475
3.333487959 0.4714368512886922
3.334839191 0.47170754300686246
3.336190422 0.47159622751806285
3.3375416540000002 0.4713972756253653
3.3388928850000004 0.47118289030112165
3.340244116 0.4707426952898031
3.341595348 0.4692615316687421
3.342946579 0.4677802381921562
3.344297811 0.4662869217706716
3.345649042 0.46478473193666936
3.347000274 0.4632748470051195
3.348351505 0.4617517135057539
3.3497027360000002 0.460235463853655
3.351053968 0.45706248140501404
3.3524051989999997 0.4534237575020264
3.353756431 0.4497699588028593
3.355107662 0.44611085358474184
3.3564588939999997 0.4424469992422109
3.357810125 0.43877577243038557
3.359161357 0.43510351397089536
3.360512588 0.43299685673373367
3.3618638190000003 0.4334862179814914
3.363215051 0.43396870864068643
3.3645662819999997 0.4344547012203188
3.3659175140000004 0.4349416284720568
3.367268745 0.4354243942665953
3.368619977 0.43591143900011925
3.369971208 0.43639351239943386
3.371322439 0.44047594334451196
3.372673671 0.4449739232043893
3.374024902 0.44983886175374943
3.375376134 0.4540228029745343
3.3767273650000003 0.45820886886955725
3.378078597 0.4624092365358183
3.3794298279999997 0.46661053131596014
3.38078106 0.4691594364572875
3.382132291 0.4704886264966757
3.383483522 0.47182460958126665
3.384834754 0.4731623829913098
3.386185985 0.47449726561897915
3.387537217 0.47584154653173466
3.3888884480000003 0.47717649107675075
3.39023968 0.4782399651079469
3.3915909109999998 0.47801935685978103
3.3929421430000004 0.47779270574844357
3.3942933739999996 0.47755736590149384
3.3956446049999998 0.47730699655039255
3.396995837 0.477055749085025
3.398347068 0.4767861563960909
3.3996983 0.4765135448169948
3.401049531 0.47618027164714116
3.402400763 0.4758243552217237
3.4037519940000003 0.47546758879480766
3.405103225 0.47510108962499914
3.4064544569999997 0.4747378686579452
3.407805688 0.4743615084816781
3.40915692 0.4740696852253204
3.410508151 0.4742260662541896
3.411859383 0.47402737666731376
3.413210614 0.47382727065592767
3.4145618460000002 0.47361182372972394
3.4159130770000004 0.47388214464357364
3.4172643079999996 0.47370272472744
3.41861554 0.47347119982218727
3.419966771 0.4732353745260326
3.4213180029999997 0.4733768061026362
3.422669234 0.4735323860157355
3.424020466 0.47367649709137305
3.425371697 0.473821442994413
3.4267229280000002 0.4739651571922751
3.42807416 0.4741084587395449
3.429425391 0.47426091282200056
3.4307766230000003 0.47429979535735467
3.432127854 0.474259801286131
3.4334790859999997 0.47420413149716495
3.434830317 0.4741396177761049
3.436181549 0.47407182304003537
3.43753278 0.4739892784080227
3.4388840110000003 0.4739052829760624
3.440235243 0.4737734777994057
3.441586474 0.47347103182044725
3.4429377060000004 0.4731716260675847
3.4442889369999996 0.4734274413340592
3.445640169 0.4731419314460348
3.4469914 0.47285518730808124
3.448342631 0.47275801954846697
3.449693863 0.4728274143185706
3.451045094 0.47276034747330753
3.452396326 0.47276627386302356
3.4537475570000002 0.4727720752594354
3.455098789 0.4727892226638198
3.45645002 0.4728069280237815
3.4578012520000003 0.47282571588135774
3.459152483 0.4728516594779422
3.460503714 0.4730235586763498
3.461854946 0.473454774320935
3.463206177 0.4738846641462489
3.464557409 0.47431764476923677
3.4659086400000003 0.4747550406531054
3.467259872 0.4751891099303281
3.468611103 0.4756317618974913
3.469962335 0.4760728758641261
3.4713135659999996 0.4761959778801698
3.4726647969999997 0.4763133854568874
3.474016029 0.4764282407009456
3.47536726 0.4765521390110883
3.476718492 0.4770771816282577
3.478069723 0.4773610714159643
3.479420955 0.47771463543112763
3.4807721860000003 0.4783406713216754
3.482123417 0.47880419755094467
3.483474649 0.47926210238639855
3.48482588 0.4797173446417715
3.486177112 0.48016851535353966
3.487528343 0.48060962130455653
3.488879575 0.4810503863675304
3.490230806 0.48150652862732446
3.491582038 0.4820782487861372
3.492933269 0.4826470228371052
3.4942845 0.48320656450904237
3.495635732 0.48376562370090603
3.496986963 0.4843138378841734
3.4983381949999997 0.48485801087548047
3.4996894259999998 0.48540123944779423
3.501040658 0.48588117996769403
3.502391889 0.48634505360894975
3.50374312 0.4868021065072464
3.505094352 0.48725484968868193
3.506445583 0.4877037972044038
3.5077968150000003 0.48860071603109784
3.509148046 0.48916190344268207
3.5104992779999997 0.48990592474162986
3.511850509 0.4906928590956517
3.513201741 0.4911981545147994
3.514552972 0.49168808099293554
3.515904203 0.4921754722525267
3.517255435 0.49265656661303847
3.518606666 0.49313231596998797
3.519957898 0.49359896096853745
3.521309129 0.49397510641221004
3.5226603610000002 0.4943402479174835
3.524011592 0.49470089067793177
3.5253628239999997 0.4950610357112325
3.526714055 0.49542463713397794
3.528065286 0.4957841294859452
3.529416518 0.4961459871102149
3.5307677490000002 0.4964754901177487
3.532118981 0.49678003655730957
3.533470212 0.4970879294849708
3.5348214440000003 0.49786949759286636
3.536172675 0.4982796461492974
3.537523906 0.49858771753694564
3.538875138 0.4988945907074741
3.540226369 0.4991792942072509
3.5415776009999997 0.49933681139768016
3.542928832 0.5000179348507651
3.544280064 0.500227923279695
3.545631295 0.5004037261858227
3.546982527 0.5005878195438743
3.548333758 0.5007739671012659
3.5496849889999997 0.5009606862060921
3.551036221 0.5011330973282062
3.552387452 0.5018389736696794
3.553738684 0.5019871081439642
3.555089915 0.5021382318890738
3.556441147 0.5022925372862442
3.5577923780000003 0.5024538395370713
3.5591436090000004 0.5026189874500385
3.560494841 0.5028150736016216
3.561846072 0.503059921549575
3.563197304 0.5033046207584906
3.5645485349999997 0.5035521666164458
3.565899767 0.5038030433118084
3.567250998 0.5040592046393697
3.5686022299999998 0.5046749855458176
3.569953461 0.5051746357500975
3.571304692 0.5053805109149936
3.572655924 0.5055879304071137
3.574007155 0.5057944823908619
3.575358387 0.5060039913075481
3.5767096179999998 0.5062144780640012
3.57806085 0.5069893490692858
3.579412081 0.5071987920993866
3.580763312 0.5073723720296579
3.582114544 0.5075193558641915
3.583465775 0.5076669877863526
3.5848170070000003 0.5083018860573583
3.5861682380000004 0.5085636903409947
3.58751947 0.5087141104872255
3.588870701 0.5088625402233368
3.5902219329999996 0.5090005152152924
3.5915731639999997 0.5090774371611808
3.592924395 0.5091533210341441
3.594275627 0.5092293836420746
3.595626858 0.5093054816469402
3.59697809 0.5093821381656645
3.598329321 0.5094614513024559
3.5996805530000002 0.5095444065747383
3.601031784 0.5096265354089919
3.602383016 0.5097058240304263
3.603734247 0.5102176422445345
3.605085478 0.5104502526687369
3.60643671 0.5105227626829081
3.607787941 0.5105961733266201
3.609139173 0.5106699959767298
3.610490404 0.5107194536269628
3.6118416360000003 0.5107290895710491
3.6131928670000004 0.510740525711763
3.6145440979999997 0.5107514957696607
3.61589533 0.5107606809778203
3.617246561 0.5107705126473746
3.6185977929999997 0.5107770308019381
3.619949024 0.5113218186406864
3.621300256 0.5113445875075917
3.622651487 0.5113405318038214
3.624002719 0.5113392570657129
3.62535395 0.5113388026284762
3.6267051809999997 0.5113418255326555
3.628056413 0.5113448966482241
3.629407644 0.5113460823064565
3.630758876 0.5113900347079844
3.632110107 0.511466288448459
3.633461339 0.5115391088465294
3.6348125700000002 0.5116128133348214
3.6361638010000004 0.511687909095193
3.637515033 0.5117622500249487
3.638866264 0.5118397272545336
3.640217496 0.5119296007313149
3.6415687269999997 0.5120771690833013
3.642919959 0.5122241383040893
3.64427119 0.5123694817044636
3.6456224219999998 0.5125148853320859
3.646973653 0.5126571554994798
3.648324884 0.5128000401359114
3.649676116 0.5133478926755513
3.6510273470000003 0.5137384955231322
3.652378579 0.5139545787005932
3.6537298099999997 0.5141732929049148
3.655081042 0.5143891385664499
3.656432273 0.5146049402508044
3.657783504 0.514821088820567
3.659134736 0.5150300376455234
3.660485967 0.5152108136489623
3.6618371990000003 0.5153454124356
3.66318843 0.5154777779055592
3.664539662 0.5156115577846291
3.665890893 0.5157445046977996
3.667242125 0.5158757978180525
3.6685933559999997 0.5160059033676133
3.669944587 0.5166756259113701
3.671295819 0.5169000960056546
3.67264705 0.5170908142820516
3.673998282 0.5172763241542593
3.675349513 0.5174597752884786
3.676700745 0.5176376204864647
3.6780519760000003 0.5178138682011643
3.679403208 0.5179927509026934
3.6807544389999998 0.5181657207667983
3.68210567 0.5183393971687941
3.683456902 0.5185151382885429
3.684808133 0.5186826294684899
3.686159365 0.5188480704044126
3.687510596 0.5190136171442337
3.688861828 0.5191726948672764
3.690213059 0.5193114703525615
3.6915642899999996 0.5193351002622164
3.692915522 0.5193541284024474
3.694266753 0.5199784338471598
3.6956179849999997 0.5200016700149583
3.696969216 0.5200225563933253
3.698320448 0.5200463471098573
3.699671679 0.520067417399862
3.701022911 0.5200857704232705
3.702374142 0.5201042211075694
3.703725373 0.5201200732395875
3.7050766050000004 0.520138039655104
3.706427836 0.5201608087965927
3.707779068 0.5201837824378585
3.709130299 0.5202108631067758
3.710481531 0.5202656614422174
3.711832762 0.520363852670211
3.713183993 0.5204653292742591
3.714535225 0.5205647731476287
3.7158864560000002 0.5206592412445429
3.717237688 0.5207548801875322
3.7185889189999997 0.5208497463239626
3.719940151 0.5209452889971276
3.721291382 0.5210462850083026
3.7226426139999997 0.5211461310522743
3.723993845 0.5212473456663546
3.725345076 0.5213528213116968
3.726696308 0.5214570040096443
3.7280475390000003 0.5215623041034507
3.729398771 0.5216671979414631
3.730750002 0.5217690214597954
3.7321012340000004 0.521873499515213
3.733452465 0.5219774803771627
3.7348036959999997 0.5220770991178345
3.736154928 0.5227834752577811
3.737506159 0.5228823509761744
3.738857391 0.5229747507549356
3.740208622 0.5231759128607306
3.741559854 0.5236464435636584
3.7429110850000002 0.5236467789705648
3.744262317 0.5236432769339545
3.7456135479999997 0.5236300446064673
3.746964779 0.5236077526089005
3.748316011 0.5235820328636791
3.749667242 0.5235481384298866
3.751018474 0.5235077949030975
3.752369705 0.5234646390803632
3.753720937 0.5234115768250318
3.7550721680000003 0.5233510588959727
3.7564234 0.5232832659077585
3.757774631 0.5232011048761721
3.759125862 0.5231095505447306
3.7604770939999996 0.5230089897630341
3.7618283249999998 0.5228935502985754
3.763179557 0.5227704031569618
3.764530788 0.5226416317200998
3.76588202 0.5225022871464211
3.767233251 0.522359508850973
3.768584482 0.5222121175852324
3.7699357140000003 0.5220537341578162
3.771286945 0.5218827495602695
3.7726381769999997 0.5217038099368498
3.773989408 0.5215122229179764
3.77534064 0.5213148523253778
3.776691871 0.5215288223963437
3.778043103 0.5215036993189919
3.779394334 0.5212934881848728
3.780745565 0.5211257615612107
3.7820967970000003 0.5209899979293926
3.7834480279999996 0.5208582273909995
3.7847992599999998 0.5207258352769811
3.786150491 0.5205895022506281
3.7875017229999997 0.5204561557718197
3.7888529539999998 0.5203202639196108
3.790204185 0.5201600099653503
3.791555417 0.5198868942285982
3.792906648 0.5196176290519104
3.79425788 0.5193539821676574
3.795609111 0.5191058606950184
3.7969603430000003 0.518863373362405
3.798311574 0.5186270787644528
3.7996628059999997 0.5184062452907875
3.801014037 0.5183007843088223
3.802365268 0.5182390017689588
3.8037165 0.5181923660372141
3.8050677310000003 0.5181508343294073
3.806418963 0.518118337157928
3.807770194 0.5181071319358804
3.8091214260000004 0.5181091598923336
3.8104726569999996 0.518099125887725
3.811823889 0.5180605524725546
3.81317512 0.5180321555212657
3.814526351 0.5180164456452081
3.815877583 0.5180195916583207
3.817228814 0.5181662649077344
3.818580046 0.5186449383284322
3.8199312770000002 0.5186755877748738
3.821282509 0.518720866304339
3.82263374 0.5187775196772827
3.823984971 0.5188517794458773
3.825336203 0.5189343964621596
3.826687434 0.5190277245094129
3.828038666 0.5191361821651391
3.829389897 0.5192467287728295
3.830741129 0.5193584665705895
3.8320923600000003 0.5194753529367194
3.833443592 0.5195852429005248
3.834794823 0.5196911288810522
3.836146054 0.5197981618258946
3.8374972859999996 0.5198964159397385
3.8388485169999997 0.5204796574348147
3.840199749 0.52066007998397
3.84155098 0.5207380077115206
3.842902212 0.5208018953116977
3.844253443 0.5208587245089845
3.845604674 0.520896379487231
3.8469559060000003 0.5209134570097922
3.848307137 0.5209137369128396
3.849658369 0.5208843197226163
3.8510096 0.5208200789530624
3.852360832 0.5207338200283842
3.853712063 0.5206187987166552
3.855063295 0.5204733279742808
3.856414526 0.5203047022632284
3.857765757 0.520560405423977
3.859116989 0.5204589726379285
3.86046822 0.5201890869354489
3.861819452 0.5198836897236059
3.863170683 0.5195348166477188
3.8645219149999996 0.519151021495096
3.8658731459999998 0.5187268749127791
3.867224377 0.5182577390203011
3.868575609 0.5177568805686971
3.86992684 0.5172213191845546
3.871278072 0.5166328220190498
3.872629303 0.5160145199679583
3.8739805350000003 0.5153619129602477
3.875331766 0.5146659969275649
3.876682998 0.5139378777377656
3.878034229 0.5131762959117299
3.87938546 0.5123745052042477
3.880736692 0.5115514726025251
3.882087923 0.5107070725761318
3.883439155 0.5098315802776577
3.884790386 0.5089354063861788
3.886141618 0.5080243621651814
3.887492849 0.5070906131708437
3.8888440810000002 0.5061405997312682
3.890195312 0.5051805504310105
3.891546543 0.5041944381854854
3.892897775 0.5031936111566359
3.894249006 0.5021855825918831
3.895600238 0.5011583037064805
3.8969514690000002 0.5001173385072137
3.898302701 0.49964842295361733
3.899653932 0.49859123657596366
3.9010051629999998 0.4975196191441255
3.902356395 0.496444785221257
3.903707626 0.495361218056606
3.905058858 0.49426334405364836
3.906410089 0.4931602700608404
3.9077613209999997 0.4920437733538422
3.909112552 0.4909023271839716
3.910463784 0.4897481566034673
3.911815015 0.4885769204388147
3.913166246 0.487368015409249
3.914517478 0.4864072442168623
3.9158687089999997 0.48538648824318875
3.917219941 0.48405220855376135
3.918571172 0.48266245098838007
3.919922404 0.48121010295546407
3.921273635 0.47967844828668077
3.922624866 0.47805604252904405
3.9239760980000002 0.4763370179768053
3.9253273290000004 0.4744959651421375
3.926678561 0.47252271999319156
3.928029792 0.47041115230943037
3.929381024 0.4681347967393672
3.9307322549999997 0.46567489198789447
3.932083487 0.46302095088031314
3.933434718 0.46015525781593464
3.934785949 0.45705953230585317
3.936137181 0.4537262505408675
3.937488412 0.45038934699246364
3.938839644 0.44677790077299406
3.940190875 0.44262522662919546
3.941542107 0.43822490995512614
3.9428933379999997 0.43349579161850593
3.944244569 0.4284358183187995
3.945595801 0.4230349837546067
3.946947032 0.4172801849652338
3.948298264 0.4111710772125633
3.949649495 0.40471201215567226
3.9510007270000003 0.39784925185859976
3.9523519580000004 0.39062031661178725
3.95370319 0.3830666211582249
3.955054421 0.3751869678062695
3.956405652 0.366991074314125
3.9577568839999997 0.35850422948545635
3.959108115 0.3497423540048943
3.960459347 0.3407279774847487
3.961810578 0.3314940097781193
3.96316181 0.3220673612476473
3.964513041 0.31247163596367517
3.965864273 0.30274778150382814
3.967215504 0.2929341177355775
3.968566735 0.283049870844391
3.9699179669999998 0.27341246566960364
3.971269198 0.2635215781819168
3.97262043 0.25363747410102555
3.973971661 0.24381521110403487
3.975322893 0.23408894842894148
3.976674124 0.22448487333181313
3.978025355 0.21527467402180606
3.9793765870000004 0.2059875538398314
3.9807278179999996 0.19689368849814476
3.98207905 0.18800872188723372
3.983430281 0.1793553906010759
3.9847815129999997 0.17094737100174884
3.986132744 0.16279260120090255
3.987483976 0.15490044445399465
3.988835207 0.1472813046630217
3.9901864380000003 0.13993600209847062
3.99153767 0.1328689956841105
3.9928889009999997 0.12608504789405295
3.994240133 0.11957960716742361
3.995591364 0.11334984238707932
3.996942596 0.1073941794678175
3.998293827 0.10170754647998656
3.999645058 0.09628059924665924
4.00099629 0.09110842618674554
4.002347521 0.08618686670258627
4.003698753 0.0815050658869447
4.005049984 0.0770570718800307
4.006401216 0.07283519734105542
4.007752447 0.06882939934831958
4.009103679 0.06503081234707561
4.01045491 0.061436601030201064
4.011806141 0.05803879346527099
4.013157373 0.05482055466964242
4.014508604 0.05177663813150472
4.015859836 0.0488981837171151
4.017211067 0.046176128467817115
4.018562299 0.043631532700358064
4.01991353 0.041220602934540086
4.021264761 0.038959694319342084
4.022615993 0.03678023829293351
4.023967224 0.03472434798352688
4.025318456 0.03278324333774337
4.026669687 0.030950655082875016
4.028020919 0.029222255531462685
4.02937215 0.027593014231947814
4.030723382 0.02605580384611278
4.032074613 0.02460602103840154
4.033425844 0.023238926192498507
4.034777076 0.021947722064990995
4.036128307 0.020729669697942
4.037479539 0.01958196616042297
4.03883077 0.018500074440088336
4.040182002 0.01747894642759484
4.041533233 0.016517889879901295
4.042884465 0.015611614833709687
4.044235696 0.01475670309639896
4.0455869269999996 0.013952033541942285
4.046938159 0.013194384741715283
4.04828939 0.012479303349489103
4.049640622 0.011803248719927885
4.050991853 0.011164988151452965
4.052343085 0.01056287651787022
4.053694316 0.009994881349453297
4.055045547 0.009459956658505787
4.056396779 0.008955596505052106
4.05774801 0.008479059031751193
4.059099241999999 0.008028864164887031
4.0604504729999995 0.007608834695681665
4.061801705 0.007211921569026398
4.063152936 0.006831597114124537
4.064504168 0.006472511045761352
4.065855399 0.006133521597824664
4.06720663 0.0058129747335759815
4.0685578620000005 0.0055104025807558
4.069909093000001 0.005225551878105023
4.071260325 0.004956653915511544
4.072611556 0.004706182489325219
4.073962788 0.00446903970727158
4.075314019 0.004243441384054454
4.07666525 0.004029951313408003
4.078016482 0.0038288586663776797
4.079367713 0.003639176246112851
4.080718945 0.0034589716901007274
4.082070176 0.003288472870535147
4.083421408 0.003127582732880279
4.084772639 0.00297489906380793
4.086123871 0.0028287470675705272
4.087475102 0.0026899312245515067
4.088826333 0.002557741192565298
4.090177565 0.002431902246208789
4.091528796 0.0023126570196090397
4.092880028 0.002200237621916777
4.094231259 0.002094275528037536
4.095582491 0.0019947540047329454
4.096933722 0.001901869935965634
4.098284953 0.0018136639409182492
4.0996361850000005 0.0017293340467812405
4.100987416 0.0016493296573990516
4.102338648 0.0015745428183615172
4.103689878999999 0.001504666551383585
4.105041110999999 0.0014372361900215562
4.106392342 0.0013724078348757746
4.107743574 0.001310688258812394
4.109094805 0.0012520847798223411
4.110446036 0.0011975818895825752
4.111797268 0.0011467672518736677
4.113148499 0.0010979412698358991
4.1144997309999995 0.0010515737178800964
4.115850962000001 0.0010077572290228941
4.117202194000001 0.000966036191380092
4.118553425 0.0009261818898247593
4.119904657 0.0008886098158186828
4.121255887999999 0.0008523659584921043
4.122607119 0.0008172594215221794
4.123958351000001 0.0007833391938392857
4.125309582 0.0007510499086541281
4.126660814 0.0007197566405529061
4.128012045 0.0006893664171981539
4.129363277 0.0006609871772955767
4.130714508 0.0006342030026947153
4.132065739 0.0006087401929791518
4.133416971 0.0005848781558368578
4.134768202 0.0005631661536252394
4.136119434 0.0005426585938185283
4.1374706649999995 0.0005234254614023764
4.138821897 0.0005057692558011861
4.140173128000001 0.0004893408231333574
4.14152436 0.0004724656884919791
4.142875591 0.0004554515157082753
4.144226821999999 0.0004390361961695679
4.145578054 0.0004233607549088978
4.146929285000001 0.0004082186741368276
4.148280517 0.0003941880371266198
4.149631748 0.00038040162380561593
4.15098298 0.0003669544605853849
4.152334211 0.00035505478294394925
4.153685442 0.0003445096422107554
4.155036674 0.00033400242544792127
4.156387905 0.0003223205762016792
4.157739136999999 0.0003108388808310234
4.159090368 0.00030028433566124224
4.1604416 0.00029073456196320477
4.161792831 0.00028169752512567517
4.163144063 0.00027337047743332475
4.164495294 0.00026533819744425756
4.165846525 0.000257667293925843
4.167197757 0.0002510397821538641
4.1685489879999995 0.00024547740948383233
4.169900220000001 0.0002402042227181205
4.171251451 0.0002346265679770437
4.172602683 0.00022910276190875399
4.173953914 0.00022308479388289014
4.1753051459999995 0.00021646126115701045
4.1766563770000005 0.00021023043131701864
4.178007608 0.0002050391527667638
4.17935884 0.00019979971779181743
4.180710071 0.00019404773969945233
4.182061303 0.00018819615843165623
4.183412534 0.00018300753709666893
4.184763766 0.00017805721602764756
4.186114997 0.00017371182112292723
4.187466228 0.00016965493567269147
4.18881746 0.0001657190912094725
4.190168691 0.0001614996182571334
4.1915199229999995 0.00015772300290536556
4.1928711540000005 0.000154494528675794
4.194222386000001 0.0001513388822174227
4.195573617 0.00014803094150286122
4.196924849 0.00014533922014370483
4.198276079999999 0.00014286467817645025
4.199627311 0.00013989057060503012
4.200978543 0.00013690624227970542
4.202329774 0.00013443960121698945
4.203681006 0.00013236311577881504
4.205032237 0.00013024477019333615
4.206383469 0.00012861434519760107
4.2077347 0.00012741086363032776
4.209085931 0.00012639869309372906
4.210437163 0.00012552662883427671
4.211788394 0.00012524877355925935
4.213139626 0.00012484913843515707
4.2144908569999995 0.00012381568244323625
4.215842089 0.0001222088439430826
4.217193320000001 0.00012084897113364738
4.218544552 0.00011943011336590226
4.219895783 0.00011804234616636877
4.221247013999999 0.00011669792109022808
4.2225982459999996 0.00011532400966855286
4.223949477 0.00011344588876141659
4.225300709 0.00011143459746349391
4.22665194 0.00010960502947559492
4.228003171999999 0.00010759924376007044
4.229354403 0.00010564228632696245
4.2307056339999995 0.00010437597146911837
4.232056866 0.00010418469677654283
4.233408097000001 0.00010419594913413416
4.234759329 0.00010377712522079687
4.23611056 0.000103601835376834
4.237461792 0.00010350183257153917
4.238813023 0.00010249668182684625
4.240164255 9.979003153237448e-05
4.241515486 9.644125657116155e-05
4.242866717 9.29686496311949e-05
4.244217949 8.991117889236505e-05
4.24556918 8.794744314947717e-05
4.246920412000001 8.654048153871793e-05
4.248271643 8.540908770250456e-05
4.249622875 8.46430086129208e-05
4.250974105999999 8.490257833633587e-05
4.2523253379999995 8.519282002835946e-05
4.2536765690000005 8.43624443901014e-05
4.2550278 8.228682633486766e-05
4.256379032 7.967604930093711e-05
4.257730263 7.709054011722255e-05
4.259081495 7.438224159979295e-05
4.260432726 7.195601032020116e-05
4.261783958 7.0037593973057e-05
4.263135189 6.862222342713647e-05
4.26448642 6.739787213686707e-05
4.265837652 6.65592724389525e-05
4.267188883 6.585713577557823e-05
4.2685401149999995 6.460102020757284e-05
4.2698913460000005 6.254641482600015e-05
4.271242578000001 6.026551372246786e-05
4.272593809 5.7988527221795756e-05
4.273945041 5.5637366180951354e-05
4.275296271999999 5.372124487628136e-05
4.276647503 5.246634567547584e-05
4.277998735 5.1655199927435914e-05
4.279349966 5.1037108548705546e-05
4.280701198 5.121562285160603e-05
4.282052429 5.2304149842489205e-05
4.283403661 5.3502338747402176e-05
4.284754892 5.430438671380352e-05
4.286106123 5.490459965968359e-05
4.287457355 5.560742865884169e-05
4.288808586 5.612893983038556e-05
4.290159818 5.64975854118273e-05
4.2915110489999995 5.688135280066604e-05
4.292862281 5.7233349766699835e-05
4.294213512000001 5.729008246392674e-05
4.295564744 5.705560133996278e-05
4.296915975 5.6837516750045645e-05
4.298267206 5.6583086059058585e-05
4.299618438 5.5652404581959984e-05
4.300969669 5.453283106714427e-05
4.302320901 5.3212221845026613e-05
4.303672132 5.1281416202893966e-05
4.305023363999999 4.920132500735335e-05
4.306374595 4.7225835796193766e-05
4.3077258259999995 4.542063654697364e-05
4.309077058 4.3720626065340664e-05
4.310428289000001 4.263886670426417e-05
4.311779521 4.172832181784629e-05
4.313130752 4.153384292047296e-05
4.314481984 4.1730601165825916e-05
4.315833215 4.201339137326263e-05
4.317184447 4.238596156281816e-05
4.318535678 4.282029498725274e-05
4.319886909 4.278666954053482e-05
4.321238141 4.2750214165673906e-05
4.322589372 4.315288083776282e-05
4.323940604000001 4.34653335473032e-05
4.325291835 4.319687132190663e-05
4.326643067 4.261646789468722e-05
4.327994297999999 4.213209116384228e-05
4.329345529999999 4.1976292064483715e-05
4.3306967610000004 4.17929101328096e-05
4.332047992 4.133102594180954e-05
4.333399224 4.0846815052429826e-05
4.334750455 4.06706786982782e-05
4.336101687 4.100316247577535e-05
4.337452918 4.1523817797721654e-05
4.33880415 4.1827890806985486e-05
4.340155381 4.1672640205015686e-05
4.341506612 4.109719227677151e-05
4.342857844 4.044408931593679e-05
4.344209075 3.9558980171502885e-05
4.3455603069999995 3.8340877898282176e-05
4.3469115380000005 3.66346562627229e-05
4.34826277 3.489723643992606e-05
4.349614001 3.332010913408632e-05
4.350965233 3.2213501258564913e-05
4.352316464 3.166554714882448e-05
4.353667695 3.170306783982136e-05
4.355018927 3.211340387154999e-05
4.356370158 3.2704764395452294e-05
4.35772139 3.328917514152306e-05
4.359072621 3.403303931373749e-05
4.360423853 3.4759363807460324e-05
4.361775084 3.501240323803499e-05
4.363126315000001 3.451889633555771e-05
4.364477547000001 3.3491388043492936e-05
4.365828778 3.217834941290637e-05
4.36718001 3.066729371951439e-05
4.3685312409999995 2.9165678055366875e-05
4.369882473 2.754673999706262e-05
4.371233704 2.5948525770916116e-05
4.372584936 2.448716337272835e-05
4.373936167 2.362675228738614e-05
4.375287398 2.3234389130564968e-05
4.37663863 2.3374382866367144e-05
4.377989861 2.3726323748165537e-05
4.379341093 2.440525316861077e-05
4.380692324 2.5144631889011037e-05
4.382043555999999 2.5826601559914305e-05
4.383394787 2.616897569980407e-05
4.3847460179999995 2.6362635650860814e-05
4.38609725 2.6405849714132988e-05
4.387448481000001 2.61974977113772e-05
4.388799713 2.5603044504371714e-05
4.390150944 2.4770669260552354e-05
4.391502176 2.3886735242612637e-05
4.392853407 2.300796602106082e-05
4.394204639 2.2146984626253833e-05
4.39555587 2.1325644455935208e-05
4.396907101 2.106405851710159e-05
4.398258332999999 2.1314766523915795e-05
4.399609564 2.192750029033004e-05
4.400960796000001 2.2343465374793236e-05
4.402312027 2.2556191865936315e-05
4.403663259 2.277504788785752e-05
4.405014489999999 2.3250386530684978e-05
4.406365721999999 2.366395419159849e-05
4.407716953 2.367395451502268e-05
4.409068184 2.3528847244687143e-05
4.410419416 2.3469317736425575e-05
4.411770647 2.356178895194385e-05
4.413121879 2.4230724795271645e-05
4.41447311 2.512738406859113e-05
4.415824342 2.594634857996353e-05
4.417175573000001 2.5972737329329484e-05
4.418526804 2.5480313762280785e-05
4.419878036 2.4379458843408593e-05
4.421229266999999 2.3129417438373752e-05
4.4225804989999995 2.2146705512562286e-05
4.4239317300000005 2.1042686941754503e-05
4.425282962 2.0167708156091535e-05
4.426634193 1.9339998700497693e-05
4.427985425 1.9489442397303933e-05
4.429336656 2.013430603104149e-05
4.430687887 2.1288591829351148e-05
4.432039119 2.2230411930272376e-05
4.43339035 2.2986302570218575e-05
4.434741582 2.348851527108506e-05
4.436092813 2.4107364237851314e-05
4.437444045 2.5138607270220552e-05
4.438795276 2.64385619032948e-05
4.440146507000001 2.784078442364231e-05
4.441497739000001 2.9144630999863967e-05
4.44284897 3.074793002508394e-05
4.444200202 3.236233668854614e-05
4.445551432999999 3.401344767571167e-05
4.446902665 3.4770832753855484e-05
4.448253896 3.451038571851814e-05
4.449605128 3.291685241151704e-05
4.450956359 3.077244286656376e-05
4.45230759 2.8309121505939194e-05
4.453658822 2.58957219633371e-05
4.455010053 2.3674857390821708e-05
4.456361285 2.177581534542306e-05
4.457712516 2.0833110533410897e-05
4.459063747999999 2.05487193411928e-05
4.460414979 2.1014114679058458e-05
4.4617662110000005 2.1405014448496384e-05
4.463117442 2.1985420416763903e-05
4.464468673000001 2.222737667423397e-05
4.465819905 2.2088899815744e-05
4.467171136 2.113559240350406e-05
4.468522368 1.9606131129198776e-05
4.469873599 1.807741443621544e-05
4.471224831000001 1.6944837057248028e-05
4.472576062 1.5976145451035948e-05
4.473927293 1.4680706538939163e-05
4.475278524999999 1.373515622768436e-05
4.476629756 1.2924215466792768e-05
4.4779809880000006 1.2632036605694511e-05
4.479332219 1.2263255992050318e-05
4.480683451 1.2124826380625853e-05
4.482034682 1.1685081810828092e-05
4.483385914 1.1292520676855714e-05
4.484737145 1.107482049531162e-05
4.486088376 1.0788963148286562e-05
4.487439608 1.0873331657515842e-05
4.488790839 1.0713676086789438e-05
4.490142071 1.0799394654893568e-05
4.491493302 1.1023689523912188e-05
4.492844534 1.1668488592108235e-05
4.494195765000001 1.2141783495504086e-05
4.495546996 1.250050735498485e-05
4.496898228 1.273513266654326e-05
4.498249458999999 1.3032628015282281e-05
4.4996006909999995 1.3147388725689666e-05
4.5009519220000005 1.2558997627672874e-05
4.502303154 1.137096648095032e-05
4.503654385 9.795692208641936e-06
4.505005617 8.280792957356222e-06
4.506356848 7.0030803077472336e-06
4.507708079 5.892571709324285e-06
4.509059311 4.6862348335970665e-06
4.510410542 3.909762661456674e-06
4.511761774 3.442487243107237e-06
4.513113005 3.2089933659824863e-06
4.514464237 3.5191973661387017e-06
4.5158154679999996 4.459924381560516e-06
4.517166699000001 5.383887250749571e-06
4.518517931 6.260033593392298e-06
4.519869162 7.4279665876846075e-06
4.521220394 8.685715017221945e-06
4.522571624999999 1.0028767244488999e-05
4.523922857 1.1178519623466199e-05
4.525274088 1.2207926763928615e-05
4.52662532 1.2926784863193276e-05
4.527976551 1.3355103597463968e-05
4.529327782 1.3465568479451967e-05
4.530679014 1.3306824708374177e-05
4.532030245 1.347484371397224e-05
4.533381477 1.3816736270277207e-05
4.534732708 1.4288762101082434e-05
4.53608394 1.451692244843576e-05
4.537435171 1.4517871466750712e-05
4.5387864030000005 1.3838058117696816e-05
4.540137634 1.2976363551304003e-05
4.541488865 1.184837602462624e-05
4.542840097 1.0420149522004245e-05
4.544191328 8.970496451359843e-06
4.5455425599999995 7.527481117743619e-06
4.5468937910000005 6.300793268831328e-06
4.548245023000001 5.83515933445537e-06
4.549596254 6.663824212653183e-06
4.550947485 7.843497994175952e-06
4.552298716999999 9.195102085221723e-06
4.553649948 1.0565029250511657e-05
4.5550011800000005 1.1884459411499247e-05
4.556352411 1.3304472305335844e-05
4.557703643 1.447958298678832e-05
4.559054874 1.5251869240058889e-05
4.560406106 1.5551316324549884e-05
4.561757337 1.568394186338876e-05
4.563108568 1.5672715236234546e-05
4.5644598 1.5658751242819764e-05
4.565811031 1.583887411192074e-05
4.567162263 1.560039764167773e-05
4.568513493999999 1.5182815378731716e-05
4.569864726 1.4450796670924399e-05
4.571215957000001 1.4157197550376502e-05
4.572567188 1.425021846760984e-05
4.57391842 1.436682556715997e-05
4.575269650999999 1.3983671260554677e-05
4.5766208829999995 1.3208660927102567e-05
4.5779721140000005 1.2792183005137873e-05
4.579323346 1.2787905766383165e-05
4.580674577 1.3200656996717159e-05
4.582025809 1.3360214083020413e-05
4.58337704 1.329585749763437e-05
4.584728271 1.3286521550702421e-05
4.586079503 1.3638309121698515e-05
4.587430734 1.4388809660953393e-05
4.588781966 1.508542678499562e-05
4.590133197 1.543162711066122e-05
4.591484429 1.4628021059184772e-05
4.5928356599999995 1.3341872235842875e-05
4.5941868910000005 1.2335793420548052e-05
4.595538123 1.1856710491869065e-05
4.596889354 1.169542492741915e-05
4.598240586 1.1217889731295924e-05
4.599591817 1.0541343466647203e-05
4.6009430490000005 9.937648057479906e-06
4.60229428 1.0155416250501868e-05
4.603645512 1.0482207686808812e-05
4.604996743 1.0504793391955866e-05
4.606347974 1.014250692451127e-05
4.607699206 9.47815561942282e-06
4.609050437 8.77621673034601e-06
4.610401669 8.0835036920209e-06
4.611752900000001 7.542070206664056e-06
4.613104132 7.0383149864638284e-06
4.614455363 6.517282513954484e-06
4.6158065950000005 5.895144014352618e-06
4.617157826 5.199492684820087e-06
4.618509057 4.945792403281779e-06
4.619860289 4.877454026965347e-06
4.62121152 4.877258954044102e-06
4.622562751999999 4.671487744981534e-06
4.6239139830000004 4.5664469928946364e-06
4.625265215000001 4.732405300579971e-06
4.626616446 4.968222497134782e-06
4.627967677 5.232168488974957e-06
4.629318908999999 5.1543690185721074e-06
4.63067014 5.137570798970863e-06
4.6320213720000005 5.171548489697713e-06
4.633372603 5.208201134980898e-06
4.634723835 4.979489468771788e-06
4.636075066 4.683618735400081e-06
4.637426298 4.704858102453312e-06
4.638777529 4.620262377301369e-06
4.64012876 4.491293992170095e-06
4.641479992 4.251720445375693e-06
4.642831223 4.124403870292791e-06
4.644182455 4.088343404500785e-06
4.645533685999999 4.278561825474521e-06
4.646884918 4.386920206196092e-06
4.648236149000001 3.906817772837883e-06
4.64958738 3.4378069117623853e-06
4.650938612 2.9777439489879505e-06
4.652289842999999 2.4773275349463744e-06
4.6536410749999995 1.8542334586100975e-06
4.6549923060000005 1.2498378472263637e-06
4.656343538 1.0844503335575564e-06
4.657694769 1.1169845852767616e-06
4.659046001 1.4964882768879608e-06
4.660397232 1.8469415506933882e-06
4.661748463 1.847751554607279e-06
4.663099695 1.8462288487357646e-06
4.664450926000001 1.848968454265435e-06
4.665802158 1.895458655799421e-06
4.667153389 1.4886214311655178e-06
4.668504621 9.580948125341485e-07
4.6698558519999995 4.85330722401127e-07
4.6712070830000005 1.3569145580657794e-07
4.672558315 1.673399963016285e-07
4.673909546 2.8630785612531935e-07
4.675260778 3.9711055249465907e-07
4.676612009 5.822535923982051e-07
4.6779632410000005 9.799765217127767e-07
4.679314472 1.8414511478461323e-06
4.680665704 2.4724679935129812e-06
4.682016935 2.828005169182198e-06
4.683368166 3.1294385806504157e-06
4.684719398 3.217161332838433e-06
4.686070629 3.17764307218531e-06
4.687421861 3.052803894089984e-06
4.688773092 2.858028315529083e-06
4.690124324 2.528178516678959e-06
4.691475555 2.6632476720404597e-06
4.6928267869999996 3.4700022721086654e-06
4.694178018 4.224928705277598e-06
4.695529249 5.155516100385628e-06
4.696880481 6.180596949371713e-06
4.698231712 7.036358060258382e-06
4.699582943999999 7.098757439420043e-06
4.700934175 6.680872969388705e-06
4.702285407000001 6.008581942789778e-06
4.703636638 4.964220364376558e-06
4.704987869 4.036001517550828e-06
4.706339100999999 3.0471150058875822e-06
4.707690332 2.1512952215931102e-06
4.7090415640000005 1.818161614503606e-06
4.710392795 2.293997572103368e-06
4.711744027 2.900461218646105e-06
4.713095258 3.2365955061084012e-06
4.71444649 3.2542960854991925e-06
4.7157977209999995 3.277793810837217e-06
4.717148952 3.201848157175969e-06
4.718500184000001 2.999639187046846e-06
4.719851415 2.3712151332430468e-06
4.721202647 1.5939518285169218e-06
4.722553877999999 1.3174540925258937e-06
4.72390511 1.3779295709562423e-06
4.725256341000001 1.6184895353053269e-06
4.726607572 1.6970203305045208e-06
4.727958804 1.8565825057698453e-06
4.729310035 1.9953921598863874e-06
4.730661267 2.082467720886255e-06
4.7320124980000005 2.149552172999658e-06
4.73336373 1.857656777446821e-06
4.734714961 1.6763944271835905e-06
4.736066193 1.4886873885899365e-06
4.737417424 1.273069050620647e-06
4.738768654999999 1.0377606047415624e-06
4.740119887 8.900397081963646e-07
4.741471118000001 8.005434058321945e-07
4.74282235 6.993350142571714e-07
4.744173581 5.697017531821709e-07
4.745524813 4.618325730109586e-07
4.7468760439999995 7.127500378501616e-07
4.748227276 1.1814763372893656e-06
4.749578507 1.4827200357726626e-06
4.750929738 1.5903022966497002e-06
4.75228097 1.6138311691674523e-06
4.753632201 1.6118929057275053e-06
4.7549834330000005 1.59172725212738e-06
4.756334664 1.394936805636374e-06
4.757685896 9.619474368387354e-07
4.759037127 6.668581768564961e-07
4.760388358 5.370584341536366e-07
4.76173959 4.538663203636434e-07
4.763090821 4.2864704750129427e-07
4.764442053 4.3202195849212485e-07
4.765793284 5.747919067320295e-07
4.767144516 6.907984883314337e-07
4.768495747 6.966979077499881e-07
4.7698469789999995 4.7590329983945187e-07
4.77119821 3.199388481333141e-07
4.772549441 4.575867684678221e-07
4.773900673 5.881317101981368e-07
4.775251904 6.885888519627422e-07
4.776603135999999 6.296855932632476e-07
4.777954367 6.685253403148126e-07
4.779305599000001 8.110341242961197e-07
4.78065683 8.763965352926602e-07
4.782008061000001 9.266635262982597e-07
4.783359293 8.58207885475693e-07
4.784710524 1.0433397721279404e-06
4.7860617560000005 1.658015297823064e-06
4.787412987 2.3844812490777346e-06
4.788764219 3.1627711408362773e-06
4.79011545 3.901836311564423e-06
4.791466682 4.7056824244261375e-06
4.7928179129999995 5.398359360033748e-06
4.7941691440000005 5.8796232020977574e-06
4.795520376000001 6.012737895321629e-06
4.796871607 5.678414751415949e-06
4.798222839 5.270545645711284e-06
4.799574069999999 4.737720595775747e-06
4.800925302 4.233977991231863e-06
4.802276533000001 3.8473110790600305e-06
4.803627764 3.7391710055103796e-06
4.804978996 3.7238683244763217e-06
4.806330227 3.477358504050927e-06
4.807681459 3.173601773851468e-06
4.80903269 2.944355503512083e-06
4.810383922 2.8325843164539445e-06
4.811735153 2.819964794256083e-06
4.813086384999999 2.686647175313856e-06
4.814437616 2.3422486791427575e-06
4.815788846999999 2.16369879428676e-06
4.817140079 2.3750093241374426e-06
4.818491310000001 2.672992578707513e-06
4.819842542 2.7791099780685387e-06
4.821193773 2.693015982410932e-06
4.822545005 2.5476408282630396e-06
4.8238962359999995 2.356710627029752e-06
4.825247468 2.112182687447394e-06
4.826598699 1.7648012675975155e-06
4.82794993 1.3788171114012437e-06
4.829301162 1.1626586577235563e-06
4.830652393 1.267652056636139e-06
4.8320036250000005 1.4078212850887853e-06
4.833354856 1.3900499117009851e-06
4.834706088 1.3568635044456611e-06
4.836057318999999 1.3920666949516113e-06
4.83740855 1.3702629586810159e-06
4.838759782 1.3383053716773586e-06
4.840111013 1.174877929175638e-06
4.841462245 8.521749651336761e-07
4.842813476 7.795125983119203e-07
4.844164708 1.163942191035829e-06
4.845515939 1.5465111861480746e-06
4.8468671709999995 1.8730834323705097e-06
4.8482184020000005 2.223683035753618e-06
4.849569633 2.740706478510801e-06
4.850920865 3.326376492406413e-06
4.852272096 3.749409376676393e-06
4.853623327999999 3.800878462259531e-06
4.854974559 3.4058029390449332e-06
4.856325791000001 3.145633514638039e-06
4.857677022 3.016281008397953e-06
4.859028253 2.97574180888877e-06
4.860379485 2.866926867345518e-06
4.861730716 2.823919297744855e-06
4.863081948 3.022390630040512e-06
4.864433179 3.4770541689189036e-06
4.865784411 3.979646418902166e-06
4.867135642 4.319992460399058e-06
4.868486874 4.504240866840448e-06
4.8698381049999995 4.60051519258459e-06
4.8711893360000005 4.597162189381915e-06
4.872540568000001 4.5638169842819705e-06
4.873891799 4.562017255352206e-06
4.875243031 4.762415761093523e-06
4.876594261999999 5.067126094747189e-06
4.8779454939999995 5.4336023747480075e-06
4.879296725000001 5.8964465796816825e-06
4.880647956 6.496347156848722e-06
4.881999188 7.362309059387767e-06
4.883350419 8.089490556016257e-06
4.884701651 8.519996342921802e-06
4.8860528819999995 8.565478662813362e-06
4.887404114 8.577379475515599e-06
4.888755345 8.886029922618177e-06
4.890106576999999 9.289907314837044e-06
4.891457808 9.526465207481251e-06
4.892809038999999 9.438085597138969e-06
4.894160271 9.348613786725519e-06
4.895511502000001 9.586895820285958e-06
4.896862734 1.0051530312635916e-05
4.898213965 1.0538858090425333e-05
4.899565197 1.0810287336549272e-05
4.900916428 1.1029978143525199e-05
4.902267660000001 1.126620139510828e-05
4.903618891 1.1427658561476862e-05
4.904970122 1.1334932562698503e-05
4.906321354 1.1031143112940074e-05
4.907672585 1.0755702748768875e-05
4.9090238170000005 1.0635941489235483e-05
4.910375048 1.0663816935408585e-05
4.91172628 1.0391885814699433e-05
4.913077511 1.003109932148907e-05
4.914428742 9.771743985479603e-06
4.915779974 9.879718201394103e-06
4.917131205 1.0169897215459565e-05
4.918482437 1.0348175220180868e-05
4.919833668 1.0412490373084715e-05
4.9211849 1.0364058364107436e-05
4.922536131 1.0521836337573163e-05
4.9238873629999995 1.0667964421301318e-05
4.9252385940000005 1.0781620385241233e-05
4.926589825 1.0765937502418375e-05
4.927941057 1.0932495420204584e-05
4.929292288 1.136527253894188e-05
4.930643519999999 1.1746599061941555e-05
4.931994751 1.181289635167027e-05
4.933345983000001 1.155266105954375e-05
4.934697214 1.1163333880616368e-05
4.936048445 1.0644201167387297e-05
4.937399677 9.991922502681405e-06
4.938750908 8.94529673265921e-06
4.94010214 7.738950541498188e-06
4.941453371 6.890784180276116e-06
4.942804603 6.714046130118545e-06
4.944155834 6.898492012873957e-06
4.945507066 7.259141103381037e-06
4.9468582969999995 7.656223388248205e-06
4.9482095280000005 8.128938555705616e-06
4.949560760000001 8.652328399439566e-06
4.950911991 8.7379817388077e-06
4.952263223 8.482188500207979e-06
4.953614453999999 7.918274757538923e-06
4.9549656859999995 7.491022692147027e-06
4.9563169170000005 7.272596845781701e-06
4.957668148 7.316946929486744e-06
4.95901938 7.403586460250692e-06
4.960370611 7.523789721505482e-06
4.961721843 8.062589672813664e-06
4.9630730739999995 8.647025654496465e-06
4.964424306 9.137966903916056e-06
4.965775537000001 9.145853082870252e-06
4.967126769 8.858919621183195e-06
4.968478 8.455872373440982e-06
4.969829230999999 8.151527927293324e-06
4.971180463 7.930462906941081e-06
4.972531694000001 7.62097928301427e-06
4.973882926 7.284919115183567e-06
4.975234157 7.09322829024115e-06
4.976585389 7.31877181993244e-06
4.97793662 7.463521673185572e-06
4.979287852000001 6.824953682227917e-06
4.980639083 6.042934121568308e-06
4.981990314 5.153565810035511e-06
4.983341545999999 4.2485195268585864e-06
4.984692777 3.356364035101146e-06
4.986044009 2.6442896997501407e-06
4.98739524 2.019836979892159e-06
4.988746472 1.8639605857800442e-06
4.990097703 2.6762927267966677e-06
4.991448934 3.6927328592828295e-06
4.992800166 4.7062774414940675e-06
4.9941513969999995 5.534900575856015e-06
4.995502629 6.223101373337859e-06
4.99685386 6.543609899426601e-06
4.998205092 6.6607994514620705e-06
4.999556323 6.411089882316758e-06
5.0009075549999995 5.951083796038366e-06
5.0022587860000005 5.517373061959628e-06
5.003610017 5.285022757354785e-06
5.004961249 5.513966153565242e-06
5.006312479999999 5.685317996430373e-06
5.007663711999999 5.697417745378277e-06
5.009014943 5.56152680571933e-06
5.010366175 5.492777393146513e-06
5.011717406 5.533326062779386e-06
5.013068637 5.3803124493043615e-06
5.014419869 4.97528893724508e-06
5.0157711 4.30349698348321e-06
5.017122332 3.845717505273583e-06
5.018473563 3.585680405987e-06
5.019824795000001 3.5180757975457023e-06
5.021176026 3.2251661232301106e-06
5.022527258 2.8794182564983964e-06
5.0238784889999994 2.6712790867520394e-06
5.0252297200000005 2.5520334979376855e-06
5.026580952000001 2.374009458898991e-06
5.027932183 1.921753034588256e-06
5.029283415 1.4596498941491374e-06
5.030634646 1.0145593782011676e-06
5.031985878 1.2104182827765172e-06
5.033337109 1.505759514799969e-06
5.034688341 2.0689124090818062e-06
5.036039572 2.6040144194221306e-06
5.037390803 3.1425174627110062e-06
5.038742035 3.814810574297396e-06
5.0400932659999995 4.3264881765523725e-06
5.041444498 4.713629218602234e-06
5.042795729000001 4.768857327930805e-06
5.044146961 4.75055583862577e-06
5.045498192 4.448090315855154e-06
5.046849422999999 4.126822806738105e-06
5.048200655 3.5881294629340655e-06
5.049551886000001 2.937010313217561e-06
5.050903118 2.4187194511400338e-06
5.052254349 2.016795191408546e-06
5.053605581 1.6261749138540654e-06
5.054956812 1.1955660712942327e-06
5.056308044000001 7.218742513147305e-07
5.057659275 2.625383107182515e-07
5.059010506 4.133983460181021e-08
5.060361737999999 1.0011763198274302e-08
5.061712969 7.795994695417757e-08
5.063064201 7.90228547924454e-08
5.064415432 7.881296837979864e-08
5.065766664 7.860247705764806e-08
5.067117895 7.839136035582667e-08
5.068469126 7.81795965847542e-08
5.069820358 7.795393850703096e-08
5.0711715889999995 7.145950841841737e-08
5.072522821 4.0923610073886275e-09
5.073874052 2.8165310763617944e-09
5.075225284 2.8086995355490715e-09
5.076576515 2.9090077452716166e-09
5.0779277469999995 1.2024757856125855e-08
5.0792789780000005 1.1392018256207672e-07
5.080630209 1.9541772618509565e-07
5.081981441 2.0801097535573892e-07
5.083332671999999 2.0769858443587673e-07
5.084683904 2.0709636640542403e-07
5.086035135 2.0649225549258742e-07
5.087386367 2.0578027634275908e-07
5.088737598 1.9625966193805717e-07
5.090088829 9.609587754163864e-08
5.091440061 1.593255157865019e-08
5.092791292 1.1820507700707624e-08
5.094142524 2.232969990931279e-07
5.095493755000001 5.735316350418693e-07
5.096844987000001 1.0277871229437463e-06
5.098196218 1.42429192048432e-06
5.09954745 1.5108165259001164e-06
