Wavelength_microns Throughput
2.0004663860000003 5.3845277444368095e-12
2.002074478 4.9359337925376165e-12
2.00368257 4.529835474392529e-12
2.005290662 3.9692646123908205e-12
2.006898754 3.7214570496509375e-12
2.008506846 3.628133044256811e-12
2.010114938 3.332588548551734e-12
2.01172303 2.7084562076107937e-12
2.013331122 2.2484203848910013e-12
2.014939214 2.789099947123928e-12
2.016547306 3.0564301059784925e-12
2.018155398 2.5355868147372916e-12
2.01976349 1.2957062852027195e-12
2.021371582 5.511085221450162e-13
2.022979674 1.9034596427585137e-13
2.0245877660000002 1.5598231973020134e-13
2.026195858 1.4524900719770384e-13
2.027803949 3.6003084882517935e-14
2.029412041 4.971897146278516e-14
2.031020133 1.8248858424489352e-13
2.032628225 1.9751088304506464e-13
2.034236317 1.138067540000984e-13
2.035844409 2.324296371415769e-14
2.037452501 1.6580393312641475e-13
2.039060593 4.658661363708628e-13
2.040668685 4.838838847764954e-13
2.042276777 4.9313012036864474e-14
2.0438848689999998 2.99725688333986e-15
2.045492961 8.228911274776447e-15
2.047101053 2.2129383717846704e-13
2.0487091449999997 7.555369991481812e-13
2.0503172370000002 1.1154925008904195e-12
2.0519253290000004 1.7526285890532872e-12
2.053533421 2.4360211564842993e-12
2.055141513 1.6814796846348867e-12
2.056749605 1.2488890085200911e-12
2.058357697 9.801224677139582e-13
2.059965788 9.750773109376977e-13
2.06157388 1.1133938761685917e-12
2.0631819719999998 1.3662940732332902e-12
2.064790064 1.3934184528311244e-12
2.066398156 1.2210689228691225e-12
2.068006248 6.399279427120032e-13
2.06961434 2.0198886677219097e-13
2.071222432 4.614823405090193e-14
2.072830524 9.326791837574912e-15
2.074438616 1.0013547748996389e-14
2.076046708 1.7457840197192218e-13
2.0776548 1.7576821949539092e-12
2.079262892 2.4040785942258132e-12
2.080870984 3.1418661813531187e-12
2.0824790760000003 3.5284535253790797e-12
2.084087168 3.9985384717183075e-12
2.08569526 4.5207110583846196e-12
2.0873033519999997 5.1758706635135756e-12
2.088911444 6.5589230006219605e-12
2.090519536 8.356516233320482e-12
2.092127627 8.744192728988983e-12
2.0937357189999997 9.18105001827385e-12
2.0953438110000002 5.734696601766741e-12
2.0969519030000003 3.34469611653207e-12
2.098559995 5.512234820329728e-12
2.100168087 1.2235442654292292e-11
2.101776179 1.6991198711310336e-11
2.103384271 1.8769964801241814e-11
2.104992363 2.0293776278946962e-11
2.1066004549999997 2.1359893754304554e-11
2.1082085470000003 2.140697768250425e-11
2.109816639 1.99123375013143e-11
2.111424731 8.648719385893933e-12
2.113032823 6.380467137419709e-13
2.114640915 1.5175368679956853e-13
2.116249007 1.5976329987683595e-13
2.1178570989999996 1.6394141581658946e-13
2.1194651909999997 1.6563300209079148e-13
2.1210732830000003 1.6510499845893254e-13
2.122681375 3.6588338529177066e-13
2.124289466 1.7104209406335949e-12
2.125897558 9.171300625724017e-13
2.1275056500000002 2.236586548173404e-13
2.129113742 1.4455204207640298e-13
2.130721834 1.4040299918559783e-13
2.1323299259999997 1.5329826103291735e-13
2.133938018 2.474872873352483e-13
2.1355461100000004 3.934857265230449e-13
2.137154202 1.9944053332786052e-13
2.138762294 1.258287253884271e-13
2.140370386 1.2215058542467198e-13
2.141978478 1.2026918915460663e-13
2.14358657 1.191737003483866e-13
2.1451946619999998 1.18368641066223e-13
2.146802754 2.241719443172063e-13
2.1484108460000004 1.651032927022886e-12
2.150018938 3.5013915678885037e-12
2.15162703 3.979005604858838e-13
2.153235122 1.184784371839115e-13
2.154843214 1.1921749181679433e-13
2.156451305 1.204504346550683e-13
2.158059397 1.2163088834900453e-13
2.159667489 1.2342333282940447e-13
2.161275581 1.2562218759890534e-13
2.1628836729999996 1.2764626221150325e-13
2.164491765 1.3022627564759542e-13
2.1660998570000003 1.3312935272141133e-13
2.167707949 1.363683897844592e-13
2.169316041 1.3994573854371247e-13
2.170924133 1.4355828569875698e-13
2.172532225 1.4806242957982007e-13
2.174140317 1.528428015784656e-13
2.1757484089999997 1.5812076127745164e-13
2.177356501 1.6393027017425653e-13
2.1789645930000003 1.7030507184218206e-13
2.180572685 1.773735068250954e-13
2.182180777 1.8513304073788913e-13
2.183788869 1.9390233705804546e-13
2.185396961 2.039155077958667e-13
2.187005053 7.680694959770501e-13
2.1886131449999997 1.016995766301776e-11
2.1902212359999997 1.0768784194707104e-11
2.191829328 9.163194250576203e-13
2.1934374200000004 2.70437852135074e-13
2.195045512 2.8885450937404656e-13
2.196653604 3.100579117305196e-13
2.198261696 3.339111129531698e-13
2.199869788 3.6094053293633297e-13
2.20147788 3.9273545821483744e-13
2.203085972 4.2836797623280195e-13
2.204694064 4.701091334119269e-13
2.206302156 5.18909770669149e-13
2.207910248 5.763791435157211e-13
2.2095183400000002 6.461141282035378e-13
2.211126432 7.292927783857745e-13
2.212734524 8.30093291487542e-13
2.2143426159999997 9.559752202376716e-13
2.215950708 1.1115740043577726e-12
2.2175588 1.3098583053375702e-12
2.219166892 1.5545891779307119e-12
2.220774984 5.340716798717788e-12
2.222383075 4.678943421306031e-11
2.2239911670000003 5.952742841854954e-11
2.225599259 9.152605666735691e-12
2.227207351 3.2804535294592118e-12
2.228815443 3.494915316331396e-12
2.230423535 3.6356450842550013e-12
2.232031627 3.744810899931764e-12
2.2336397189999997 3.866823098904128e-12
2.2352478110000003 4.03613103146039e-12
2.236855903 4.27681279234207e-12
2.238463995 4.601807901381982e-12
2.240072087 5.009542125795598e-12
2.241680179 5.536091516227061e-12
2.243288271 6.171901448191525e-12
2.2448963629999996 6.948414687852548e-12
2.2465044549999997 7.878287051133583e-12
2.2481125470000003 8.969737428283395e-12
2.249720639 1.0261414800331903e-11
2.251328731 1.1776390895183083e-11
2.252936823 1.3498564322283992e-11
2.2545449140000002 1.546934689933954e-11
2.256153006 1.7659338810298014e-11
2.257761098 2.0070280264454532e-11
2.2593691899999997 2.2629058371855974e-11
2.260977282 2.5341975933533753e-11
2.262585374 2.8100800302962242e-11
2.264193466 3.0851373488175424e-11
2.265801558 3.35516595874041e-11
2.2674096500000003 1.574246815509681e-10
2.269017742 2.1074563559336645e-09
2.270625834 3.281353715701174e-09
2.2722339259999997 2.6370255486230063e-10
2.273842018 4.67969620978803e-11
2.2754501100000004 1.758052904072089e-10
2.277058202 1.6023966957965404e-09
2.278666294 1.9660729715662266e-09
2.280274386 3.510634229741462e-10
2.281882478 6.498282408150175e-10
2.28349057 2.276471415374888e-09
2.285098662 8.400291925336949e-09
2.286706753 1.8114326203310516e-08
2.288314845 2.5403365992589395e-08
2.2899229369999996 5.337372802038917e-08
2.291531029 3.0713212258733427e-08
2.2931391210000003 1.9221334636199576e-08
2.294747213 5.443796299346218e-09
2.296355305 6.064017860045964e-10
2.297963397 1.1517503535690861e-10
2.299571489 1.129382463758337e-10
2.301179581 1.248121337669104e-10
2.3027876729999996 1.390071833416484e-10
2.304395765 1.5589545538341576e-10
2.3060038570000003 1.761074100206399e-10
2.307611949 2.0070005857406152e-10
2.309220041 2.3034846422573938e-10
2.310828133 2.667697595910221e-10
2.312436225 3.11490174011752e-10
2.314044317 3.658639296124042e-10
2.3156524089999997 4.3384557637278056e-10
2.3172605010000003 5.171337905972471e-10
2.318868592 6.172573434082957e-10
2.3204766840000004 7.370146206910072e-10
2.322084776 8.741137860851272e-10
2.323692868 1.0281182147430165e-09
2.32530096 1.1922684767351993e-09
2.326909052 1.3658602604025363e-09
2.328517144 1.5450646572345887e-09
2.3301252359999998 1.729498223621799e-09
2.331733328 2.7662841710852538e-09
2.33334142 2.0094143670136195e-08
2.334949512 2.3367533985972575e-07
2.3365576040000002 3.944183988605459e-07
2.338165696 3.2184990218285615e-07
2.339773788 2.6343057201634904e-07
2.3413818799999997 2.4364237216720574e-07
2.342989972 2.231080148836064e-07
2.344598064 2.828191684760925e-07
2.346206156 5.122273692234182e-07
2.347814248 9.260901528998425e-07
2.3494223400000003 1.0225026584338438e-06
2.3510304310000003 1.0550141337754826e-06
2.352638523 1.1650433820917058e-06
2.354246615 1.0505504000315183e-06
2.3558547069999998 9.685363333013988e-07
2.357462799 2.8129923987891516e-07
2.359070891 3.0463889886154396e-08
2.3606789829999997 4.351687344815607e-09
2.3622870750000002 3.630270901386951e-09
2.363895167 3.767809124883893e-09
2.365503259 3.904981910518655e-09
2.367111351 4.038685299195232e-09
2.368719443 4.166202327383062e-09
2.370327535 6.080502937425627e-09
2.371935627 2.016518578036363e-08
2.3735437189999997 9.450881227826457e-08
2.3751518110000003 1.733473537515741e-07
2.376759903 2.449282336759862e-07
2.378367995 3.4201907402475683e-07
2.379976087 4.172891732875958e-07
2.381584179 5.097427107417921e-07
2.383192271 6.141096782339768e-07
2.384800362 7.235179448280267e-07
2.3864084539999997 8.519518435214057e-07
2.388016546 2.0557857821119932e-07
2.389624638 2.2648581948840023e-08
2.39123273 4.932921510329079e-09
2.392840822 4.542416043226079e-09
2.3944489140000003 4.549523408349582e-09
2.396057006 5.1481951700999704e-09
2.397665098 2.147716894676916e-08
2.3992731899999997 1.6365204203436432e-07
2.400881282 6.8223086789468e-07
2.4024893740000004 9.45311123900715e-07
2.404097466 1.3107233678310125e-06
2.405705558 1.236561569852776e-06
2.40731365 9.254785193407917e-07
2.408921742 6.936604338292035e-07
2.410529834 6.190662686092505e-07
2.4121379259999998 6.213646238303643e-07
2.413746018 9.155332242340249e-07
2.41535411 6.113890570063101e-07
2.416962201 6.70462259789243e-07
2.418570293 6.706225615213379e-07
2.4201783850000003 4.1082164685589276e-07
2.421786477 2.525632686031068e-07
2.423394569 2.902453540686754e-07
2.425002661 7.45839776837536e-07
2.426610753 2.0528887735613475e-06
2.428218845 2.8478786989463377e-06
2.4298269369999996 2.4582244466416304e-06
2.431435029 2.129484539718345e-06
2.4330431210000003 1.936127267970383e-06
2.434651213 1.9544922429736636e-06
2.436259305 3.5389415534237413e-06
2.4378673969999998 3.5692163576133044e-06
2.439475489 3.3867555602855645e-06
2.441083581 3.2844638420920466e-06
2.4426916729999997 3.604672160346079e-06
2.4442997650000002 4.010115492720585e-06
2.4459078570000004 4.2199772223633255e-06
2.447515949 3.616611324605181e-06
2.44912404 3.1896650233855093e-06
2.450732132 2.101935418815476e-06
2.452340224 1.5417016058653255e-06
2.453948316 1.6888654025948303e-06
2.455556408 2.1472266821944855e-06
2.4571644999999998 2.7015310205445212e-06
2.458772592 3.820790695500293e-06
2.460380684 3.216475783105098e-06
2.461988776 2.312468023234828e-06
2.463596868 2.1053646844351373e-06
2.46520496 1.931509608635033e-06
2.466813052 1.9972053021719562e-06
2.468421144 2.40845186869141e-06
2.470029236 1.8066600507579125e-06
2.471637328 1.5607686130476932e-06
2.47324542 2.5881679679201836e-06
2.474853512 4.2441109416992845e-06
2.4764616040000003 6.1879681674633085e-06
2.478069696 9.294786979821042e-06
2.479677788 9.842576181435188e-06
2.481285879 1.0099694480174151e-05
2.4828939709999998 1.0643049477614215e-05
2.484502063 7.994659201819292e-06
2.486110155 7.663938162037623e-06
2.4877182469999997 7.572157652224405e-06
2.489326339 7.73122759513634e-06
2.4909344310000003 7.908288856690413e-06
2.492542523 8.089744415143872e-06
2.494150615 7.1773619035036226e-06
2.495758707 6.38645708787599e-06
2.497366799 5.711313603252107e-06
2.498974891 5.238042135352904e-06
2.499778162 2.595623055146925e-06
2.5011293930000003 2.333742277457205e-06
2.502480624 1.6507628291039316e-07
2.5038318559999997 3.3642890435075505e-06
2.505183087 9.083133222965351e-07
2.506534319 3.103806316325482e-07
2.50788555 1.8809038780422887e-06
2.509236782 2.0752098633391512e-08
2.510588013 2.088390767807557e-06
2.511939244 3.2269764749176143e-06
2.5132904760000003 6.558616191674011e-09
2.514641707 2.5698656453849753e-08
2.515992939 5.86178989920851e-09
2.51734417 1.7366629054440585e-06
2.5186954019999996 6.056346921647183e-07
2.5200466329999998 4.445503895272589e-06
2.521397865 2.0900254943744405e-06
2.522749096 1.8588149990748828e-06
2.524100327 5.0196343350665135e-09
2.525451559 1.7649639461579694e-06
2.52680279 3.0986646143558604e-06
2.5281540220000003 5.65424174479336e-07
2.529505253 9.827873281491438e-09
2.5308564849999997 4.718790654442497e-09
2.532207716 6.74143468674829e-09
2.533558948 6.837973634027224e-07
2.534910179 2.415319576778642e-06
2.5362614100000003 2.665137992489011e-06
2.537612642 8.391987895328769e-07
2.538963873 2.129595261512261e-06
2.5403151050000004 1.4178681649643198e-08
2.5416663359999996 1.7288162341635656e-08
2.5430175680000002 6.888505467293299e-07
2.544368799 2.184929546943328e-06
2.54572003 6.2053963594426685e-09
2.547071262 3.2087057513117866e-06
2.548422493 1.4797386098301685e-06
2.549773725 2.3392283066332918e-06
2.551124956 3.340393608082691e-06
2.552476188 1.075638652065476e-08
2.553827419 8.003261478585556e-08
2.5551786510000003 5.8791960862898616e-09
2.556529882 3.4333692702853452e-06
2.557881113 4.34924860572522e-06
2.559232345 4.338541577109657e-06
2.560583576 2.0909896839578822e-08
2.561934808 1.1272514405736906e-06
2.5632860390000003 1.951578779198594e-06
2.564637271 8.675028509611803e-07
2.565988502 2.65895666884229e-06
2.567339733 6.256844631807946e-06
2.5686909649999996 1.9222866129209174e-06
2.5700421959999997 3.5564525252439315e-08
2.571393428 5.5083064693214475e-08
2.572744659 9.507956985751122e-07
2.574095891 1.0232133400161209e-08
2.575447122 4.769414573092164e-09
2.576798354 1.935891586096844e-06
2.5781495850000002 1.355503217171568e-07
2.5795008160000004 7.242829739487696e-09
2.580852048 6.58375495971606e-07
2.582203279 3.90977058184094e-06
2.583554511 3.209433710608529e-08
2.584905742 1.4577500985399762e-08
2.586256974 1.503260553000568e-07
2.587608205 9.793075520044738e-09
2.588959437 7.7506966404596e-08
2.590310668 1.8083118916726957e-06
2.591661899 1.4692022614428853e-06
2.593013131 1.059102296769642e-06
2.594364362 1.6386514705767035e-06
2.5957155939999996 3.7779423247427556e-06
2.5970668249999997 2.114275117476143e-08
2.598418057 2.6535931237053487e-08
2.599769288 4.801416025676949e-09
2.601120519 4.797733246140486e-09
2.602471751 3.886863905433051e-08
2.603822982 2.0028676042385305e-06
2.6051742140000003 3.3853884839717e-08
2.6065254450000004 4.773205106708467e-09
2.607876677 4.767068047349353e-09
2.609227908 4.760928980846706e-09
2.61057914 7.004268631811977e-07
2.611930371 5.913334755250849e-07
2.613281602 6.922306317006064e-09
2.614632834 1.7269965841618951e-06
2.615984065 1.0855177435584479e-06
2.617335297 1.4003938477882426e-08
2.618686528 8.756609072692153e-08
2.62003776 2.538121256365058e-06
2.621388991 4.8914438320287984e-08
2.622740222 3.428327231253534e-08
2.6240914539999998 5.187344738366146e-08
2.625442685 1.736587440588426e-06
2.626793917 5.655730460724654e-06
2.628145148 5.6386000498026545e-06
2.62949638 2.845720115565885e-06
2.630847611 1.2926546832372446e-08
2.6321988430000003 1.5736299011384488e-06
2.6335500740000004 3.5097090205279897e-06
2.634901305 1.436221646835994e-07
2.636252537 3.1037176255711046e-08
2.637603768 7.729244727603852e-08
2.6389549999999997 1.5427244289551196e-06
2.640306231 1.7227483240223241e-07
2.641657463 1.100078898111779e-06
2.643008694 2.3327532117499144e-06
2.6443599250000003 2.632444263240422e-06
2.645711157 4.337135487358986e-06
2.6470623879999997 1.104677934801417e-06
2.64841362 1.5162228507470897e-06
2.649764851 2.3674452383669754e-07
2.651116083 1.0956032906909593e-06
2.652467314 3.1514088590072185e-06
2.653818546 2.7720031874911023e-07
2.6551697770000002 1.0619011050027186e-07
2.6565210080000004 1.0889953106463225e-07
2.65787224 1.4694221521909142e-06
2.659223471 3.102854223783529e-07
2.6605747030000004 1.0414512275367572e-07
2.6619259339999997 1.0216190274564743e-06
2.663277166 4.724786981281748e-09
2.664628397 2.535298189433035e-08
2.6659796289999997 1.8397384833917132e-06
2.66733086 2.939162974615036e-06
2.668682091 1.4941793827722747e-06
2.670033323 9.575504443499099e-09
2.6713845540000003 2.980118852483516e-07
2.672735786 2.7641432038194053e-06
2.6740870169999997 1.838307505447049e-06
2.675438249 1.879948350452884e-06
2.67678948 3.5603674892469774e-06
2.678140711 1.9466831148395925e-06
2.679491943 4.699040859796967e-09
2.680843174 6.958976565962739e-09
2.6821944060000003 1.5059281688723024e-06
2.6835456370000004 2.580964244071845e-06
2.684896869 4.745966698556707e-09
2.6862481 5.247679089955094e-07
2.6875993319999996 1.6590068770980794e-06
2.6889505629999997 2.312340501415142e-06
2.690301794 2.961708893519545e-07
2.691653026 1.135218336693346e-06
2.693004257 2.8805579738914785e-07
2.694355489 6.588878823595593e-08
2.69570672 1.235690764124761e-06
2.697057952 5.2527077745671015e-08
2.6984091830000003 2.865711857948571e-07
2.699760414 2.0793183324816985e-06
2.7011116459999998 1.1438162867064572e-06
2.702462877 4.431409865949863e-07
2.703814109 4.8431776406960796e-09
2.70516534 1.6074217371652602e-06
2.706516572 7.83025541263017e-07
2.707867803 3.7886180994808133e-06
2.7092190350000003 4.665000740321957e-06
2.7105702660000004 1.8998468947375373e-06
2.7119214969999996 9.290811782394889e-07
2.713272729 9.008924209506993e-07
2.71462396 4.729579740069981e-09
2.7159751919999997 9.182106619394485e-07
2.717326423 2.746591919427037e-06
2.718677655 2.0598196470686893e-06
2.720028886 5.276212523082755e-07
2.7213801170000003 2.786260351628408e-07
2.722731349 1.9857968370376883e-06
2.7240825799999997 3.2321279467753586e-06
2.7254338120000003 2.0316555520333465e-06
2.726785043 4.861172497819235e-06
2.7281362749999998 3.42538749461109e-06
2.729487506 2.5462062715243996e-06
2.730838738 3.062531015267282e-06
2.732189969 1.6747862035691111e-06
2.7335412000000003 1.245354762375095e-06
2.734892432 8.355904559491691e-07
2.736243663 1.872819769869945e-06
2.737594895 1.133646950615604e-06
2.7389461259999996 1.8923400083046576e-06
2.740297358 1.8099840871032514e-06
2.741648589 1.6101513500654413e-06
2.7429998209999997 4.134659357646358e-06
2.744351052 3.4189037224541458e-06
2.745702283 2.552339857407898e-06
2.747053515 3.4008851022907325e-06
2.7484047460000003 3.6401667601161147e-06
2.749755978 4.690612712415955e-06
2.7511072089999997 5.446104372428691e-06
2.7524584410000004 3.5200845367196415e-06
2.753809672 2.7075667983258995e-06
2.755160903 6.854331160228808e-07
2.756512135 1.1373755351038551e-06
2.757863366 4.736319910620163e-09
2.7592145980000002 2.0402011115488806e-06
2.760565829 3.171851786834276e-06
2.761917061 1.7674778279480858e-06
2.7632682920000002 4.643162874207563e-06
2.764619524 3.129519964406956e-06
2.7659707549999997 1.8405538584240775e-06
2.767321986 1.2649952277705451e-06
2.768673218 1.3790842298812649e-06
2.770024449 4.580636731060212e-06
2.771375681 9.518338289939858e-08
2.772726912 4.713663317729161e-09
2.774078144 4.714872718771639e-09
2.7754293750000003 5.833261931263011e-07
2.776780606 2.9496503556360907e-06
2.7781318379999997 8.738985393621145e-07
2.779483069 4.72116089037183e-09
2.780834301 4.718583287497912e-09
2.782185532 7.329938147336446e-08
2.783536764 3.5860539706991516e-08
2.784887995 5.8820873597989555e-08
2.786239227 1.8141837688617456e-06
2.787590458 1.458256726794071e-06
2.788941689 7.990230301177141e-07
2.7902929210000003 1.1056555916894973e-06
2.791644152 4.727382092033966e-09
2.7929953839999997 4.730567152678174e-09
2.794346615 4.7318028552176285e-09
2.795697847 4.731293336155145e-09
2.797049078 3.5220542886831654e-07
2.7984003090000003 4.739588945284665e-09
2.799751541 4.741560483955534e-09
2.801102772 4.742386370310764e-09
2.8024540040000003 6.394672694481812e-07
2.803805235 6.255224751269858e-07
2.8051564669999998 9.675265735465734e-07
2.806507698 4.743810114069249e-09
2.80785893 7.596045319085066e-07
2.8092101609999998 2.5768769927329785e-06
2.810561392 1.81657664858529e-08
2.811912624 4.742880301154516e-09
2.813263855 4.743669492620905e-09
2.814615087 4.740802038130479e-09
2.8159663179999996 4.7639426985071836e-07
2.8173175500000003 4.739243112736284e-09
2.818668781 4.742842367751779e-09
2.8200200129999997 4.738796376103353e-09
2.821371244 4.737736788600064e-09
2.822722475 4.736507894850727e-09
2.824073707 4.735109618167093e-09
2.8254249380000003 4.733532981325187e-09
2.82677617 4.731813113958254e-09
2.828127401 4.729950857233715e-09
2.8294786330000004 4.727952699931328e-09
2.830829864 4.725489211507663e-09
2.8321810949999997 4.722697364284496e-09
2.833532327 4.719818960451829e-09
2.834883558 4.716876416797106e-09
2.83623479 4.712560889024016e-09
2.837586021 4.705236085249703e-09
2.838937253 4.70218693606257e-09
2.8402884840000002 4.700669731537991e-09
2.841639716 4.701420935353467e-09
2.8429909469999997 4.698414494321587e-09
2.8443421779999998 4.6954550585265665e-09
2.84569341 4.692548601995513e-09
2.847044641 4.689707743829752e-09
2.848395873 4.686955995341876e-09
2.849747104 4.684290365673093e-09
2.851098336 4.678971902373625e-09
2.8524495670000003 4.673138910790803e-09
2.8538007980000004 4.6674168147563084e-09
2.85515203 4.661821109822444e-09
2.856503261 4.656359695215506e-09
2.8578544929999996 4.651021366144113e-09
2.8592057239999997 4.645822721292293e-09
2.860556956 4.638261766817714e-09
2.861908187 4.632287855559309e-09
2.863259419 4.628905962153944e-09
2.86461065 4.628839692005614e-09
2.865961881 4.627728818739973e-09
2.8673131130000002 4.624710926792294e-09
2.868664344 4.621797091717941e-09
2.8700155759999997 4.618986225432137e-09
2.871366807 4.616906416560723e-09
2.872718039 3.934541555460193e-08
2.87406927 1.3924718108547724e-07
2.8754205010000002 4.611103053998512e-09
2.876771733 4.609280597685575e-09
2.878122964 4.607494013136604e-09
2.8794741960000003 4.605731326921039e-09
2.8808254270000004 4.60393708885643e-09
2.882176659 4.602112877184573e-09
2.88352789 4.60026946821666e-09
2.8848791219999996 4.598395650719791e-09
2.8862303529999997 2.174969362634789e-08
2.887581584 4.589006940890731e-09
2.888932816 4.586957701974637e-09
2.890284047 4.585109640418837e-09
2.891635279 4.58427467362605e-09
2.89298651 4.5884400776087345e-09
2.8943377420000003 4.587434447651678e-09
2.895688973 4.586233590956794e-09
2.8970402049999997 4.584896745895742e-09
2.898391436 4.583392822132721e-09
2.899742667 4.581739949278028e-09
2.901093899 4.57892684562761e-09
2.9024451300000003 4.575695349831299e-09
2.903796362 4.572300102128777e-09
2.905147593 4.5687241132818364e-09
2.9064988250000003 4.564960177686509e-09
2.907850056 4.561028099680986e-09
2.9092012869999997 4.556909090795831e-09
2.910552519 4.549894155637519e-09
2.91190375 4.5437090435231286e-09
2.9132549819999998 4.539778009745776e-09
2.914606213 4.5356873868429476e-09
2.915957445 4.531452355973753e-09
2.917308676 4.527056445572414e-09
2.918659908 4.522530761457973e-09
2.920011139 4.517871159399563e-09
2.9213623699999998 4.511167659375877e-09
2.922713602 4.504372799627876e-09
2.924064833 4.497495277805236e-09
2.925416065 4.49054024392376e-09
2.926767296 4.487411400566858e-09
2.928118528 4.481532863452548e-09
2.9294697590000003 4.474450579989611e-09
2.93082099 4.466573128237349e-09
2.932172222 4.458195274840792e-09
2.933523453 4.449842299785558e-09
2.934874685 4.441526872430715e-09
2.9362259159999997 4.433269759754895e-09
2.937577148 4.422030042918322e-09
2.938928379 4.411694098865773e-09
2.940279611 4.403868002465183e-09
2.941630842 4.396774939325756e-09
2.942982073 4.389798452237661e-09
2.9443333050000002 4.388224061307448e-09
2.9456845360000004 4.381533633869477e-09
2.947035768 4.3749951592385565e-09
2.948386999 4.368643837971165e-09
2.949738231 4.362459188684584e-09
2.951089462 4.359531057702486e-09
2.952440694 4.351926458615651e-09
2.953791925 4.344507366156845e-09
2.955143156 4.337293599463797e-09
2.956494388 4.330295959612098e-09
2.957845619 4.3234929964101545e-09
2.959196851 4.3169085863407365e-09
2.960548082 4.3105248390564555e-09
2.9618993139999996 4.3043169368340865e-09
2.9632505449999997 4.298331349234457e-09
2.964601776 4.292547885834256e-09
2.965953008 4.286951634248959e-09
2.967304239 4.281571568665805e-09
2.968655471 4.276373758131178e-09
2.970006702 4.271350262638633e-09
2.9713579340000003 4.266932935450016e-09
2.9727091650000004 4.262673424340164e-09
2.974060397 4.258569678195412e-09
2.975411628 4.258699245005696e-09
2.976762859 4.260704207312478e-09
2.978114091 4.2570208332185424e-09
2.979465322 4.253465956682562e-09
2.980816554 4.248547787564278e-09
2.982167785 4.242767180298768e-09
2.983519017 4.2370697968135084e-09
2.984870248 4.231434431611188e-09
2.9862214789999997 4.225857215613018e-09
2.987572711 4.220321227666851e-09
2.988923942 4.218853990298133e-09
2.9902751739999998 4.2140849815726e-09
2.991626405 4.210536890491874e-09
2.992977637 4.206980592106617e-09
2.994328868 4.203401711397528e-09
2.9956801 4.199789319411497e-09
2.997031331 4.196132294733637e-09
2.9983825619999998 4.192411071744438e-09
2.9997337940000004 4.188622564160978e-09
3.001085025 4.182589707776187e-09
3.002436257 4.179425250658335e-09
3.003787488 4.172187455198e-09
3.0051387199999997 4.16483007236612e-09
3.006489951 4.159770711044455e-09
3.007841182 4.1546790648338614e-09
3.009192414 4.1469035811110475e-09
3.0105436450000003 4.1402621362675795e-09
3.011894877 4.1353889407818895e-09
3.0132461079999997 4.1303493206855174e-09
3.01459734 4.1251504744383106e-09
3.015948571 4.119798333126849e-09
3.017299803 4.114264367295221e-09
3.018651034 4.108568909474081e-09
3.020002265 4.1027125247578455e-09
3.021353497 4.094647639931604e-09
3.0227047280000003 7.517662474380479e-08
3.02405596 4.0780458830511585e-09
3.0254071909999998 4.069488923514611e-09
3.0267584230000004 4.060784979611174e-09
3.0281096539999997 4.051929532958518e-09
3.029460886 4.042917902855584e-09
3.030812117 4.036226531232072e-09
3.032163348 4.031025708135143e-09
3.03351458 4.025694130681156e-09
3.034865811 4.0202520316452815e-09
3.036217043 4.015733221416493e-09
3.0375682740000003 4.013818793408024e-09
3.038919506 4.008066643831058e-09
3.0402707369999997 4.002781961938897e-09
3.041621968 3.999647168353085e-09
3.0429732 3.99645276944711e-09
3.044324431 3.993199100036114e-09
3.045675663 3.989904910304145e-09
3.047026894 3.986579226167793e-09
3.0483781260000002 3.9847887506401926e-09
3.0497293570000004 3.983990648159425e-09
3.051080589 2.4223445136177e-08
3.05243182 3.974514187639953e-09
3.053783051 3.969644691600509e-09
3.0551342829999997 3.964802711260715e-09
3.056485514 3.959999077398414e-09
3.057836746 3.955237574628555e-09
3.059187977 3.950531125016839e-09
3.060539209 3.947789193377927e-09
3.06189044 3.947974331030818e-09
3.063241671 3.948237949359919e-09
3.0645929030000003 3.9485812308066156e-09
3.065944134 3.953448493327722e-09
3.0672953659999997 3.95423565335544e-09
3.068646597 3.957729566458211e-09
3.069997829 3.960013527438269e-09
3.07134906 3.958095894407858e-09
3.072700292 3.508351492058415e-08
3.074051523 3.9545583176394515e-09
3.075402754 3.952964812897975e-09
3.0767539860000004 3.9514764977969564e-09
3.0781052169999996 9.74657177452299e-07
3.079456449 1.3151796818007341e-06
3.08080768 3.950144747537319e-09
3.0821589119999997 3.953207580040751e-09
3.083510143 9.678447960645907e-07
3.084861374 2.620659007439927e-06
3.086212606 3.082553939615581e-07
3.0875638370000003 3.966573099471049e-09
3.088915069 8.130185316155959e-07
3.0902662999999997 1.5845454631378539e-06
3.0916175320000003 2.2257278239829703e-06
3.092968763 2.6886935277695596e-06
3.0943199949999998 1.6501784200571001e-06
3.095671226 1.7439284026650867e-06
3.097022457 2.823766757958021e-06
3.098373689 7.549188374552533e-07
3.0997249200000003 1.1958872834168632e-06
3.101076152 4.004548439082218e-06
3.102427383 7.070092629799819e-06
3.103778615 7.401576457976723e-06
3.1051298459999996 4.520502496753594e-06
3.106481078 3.6764038890269192e-06
3.107832309 4.900596282152782e-06
3.10918354 5.288109119914137e-06
3.110534772 6.501064688410534e-06
3.111886003 9.498274523962612e-06
3.113237235 8.982940800456255e-06
3.1145884660000003 6.793111918271222e-06
3.115939698 3.8042612580770034e-06
3.1172909289999997 4.795391075677068e-06
3.11864216 7.823566436312347e-06
3.119993392 7.266228640329817e-06
3.121344623 6.496452466735208e-06
3.122695855 9.937216864127952e-06
3.124047086 1.150923754514631e-05
3.1253983180000002 1.1305069721217985e-05
3.126749549 1.1132530042330484e-05
3.128100781 1.2123265197495548e-05
3.1294520120000002 1.65382566149492e-05
3.130803243 1.941592056280305e-05
3.1321544749999997 2.157394584872696e-05
3.133505706 2.2551183881512862e-05
3.134856938 2.241566641314643e-05
3.136208169 2.182599864534491e-05
3.137559401 1.9998690238331153e-05
3.138910632 2.2701210167028405e-05
3.140261863 2.7186964378850004e-05
3.1416130950000003 2.903617894656843e-05
3.142964326 2.7551683780078604e-05
3.1443155579999997 2.8972356332681443e-05
3.145666789 2.913541798238316e-05
3.147018021 2.91873458405415e-05
3.148369252 3.055857340067135e-05
3.149720484 3.4589300533542284e-05
3.151071715 3.689216920736619e-05
3.152422946 3.790519354824044e-05
3.153774178 3.709744439663413e-05
3.155125409 3.812549199245861e-05
3.1564766410000002 4.106994378007997e-05
3.157827872 4.3983424997644853e-05
3.1591791039999997 4.3732211449580285e-05
3.160530335 4.484120809381834e-05
3.161881566 4.7602953352472435e-05
3.163232798 4.819675975661398e-05
3.1645840290000002 5.146751228625833e-05
3.165935261 5.5931083603119114e-05
3.167286492 5.6964652183990846e-05
3.1686377240000003 5.4056264363519505e-05
3.169988955 5.694586583719688e-05
3.1713401869999998 6.058614180912003e-05
3.172691418 5.8494561890861495e-05
3.174042649 5.917633265959942e-05
3.1753938809999998 6.011077664907373e-05
3.176745112 6.124180701736157e-05
3.178096344 6.581998994378183e-05
3.179447575 6.839599923904673e-05
3.180798807 6.781635980467099e-05
3.182150038 6.86425589509755e-05
3.1835012700000003 7.267838124822312e-05
3.184852501 7.056877270635952e-05
3.186203732 6.53591361421066e-05
3.187554964 6.67451395563203e-05
3.188906195 7.160397705235878e-05
3.190257427 7.233210082036029e-05
3.1916086580000003 7.134414489251202e-05
3.19295989 6.731997905583605e-05
3.194311121 6.896495230808462e-05
3.195662352 7.099831360258505e-05
3.197013584 7.210411254031402e-05
3.1983648149999997 7.430365696473618e-05
3.199716047 7.281124852104697e-05
3.201067278 7.002179261584335e-05
3.2024185099999998 6.569800730985237e-05
3.203769741 6.642643673769507e-05
3.205120973 6.843083860559903e-05
3.206472204 6.973190776848191e-05
3.207823435 7.465685405964679e-05
3.209174667 7.936685680476219e-05
3.2105258979999998 7.854942414218121e-05
3.21187713 7.626588968456144e-05
3.213228361 7.529948953530692e-05
3.214579593 7.70328856578103e-05
3.215930824 7.83177309107083e-05
3.217282055 7.850599648428586e-05
3.2186332870000003 7.804905423189992e-05
3.2199845180000004 8.07120927742094e-05
3.22133575 8.408938143290917e-05
3.222686981 8.541156113222247e-05
3.2240382129999996 8.47271071137278e-05
3.2253894439999997 8.334110772527351e-05
3.226740676 8.326534213308889e-05
3.228091907 8.701456984604675e-05
3.229443138 9.340220530864901e-05
3.23079437 9.593402662202622e-05
3.232145601 9.719811985472062e-05
3.2334968330000002 9.834191681777896e-05
3.234848064 0.00010215087907536021
3.2361992959999997 0.00010341200494493441
3.237550527 0.00010371275268980644
3.238901759 0.00010745508432924577
3.24025299 0.00011414294312372859
3.2416042210000002 0.00011563837218311192
3.242955453 0.0001154107857105962
3.244306684 0.00012315621001666576
3.2456579160000003 0.00012717847111998426
3.2470091470000004 0.0001278158277322189
3.248360379 0.00012942232836651708
3.24971161 0.00013152899214665406
3.251062841 0.00013574062958692486
3.2524140729999997 0.0001460770478144181
3.253765304 0.0001561104855838019
3.255116536 0.00015934283558813962
3.256467767 0.00016237006698845865
3.257818999 0.0001665404890538231
3.25917023 0.00017374240363721705
3.2605214620000003 0.00018366428739356112
3.261872693 0.00019394447817933574
3.263223924 0.0002036645211067779
3.264575156 0.00021433164096138141
3.265926387 0.0002257006253601947
3.267277619 0.000237004333152494
3.2686288500000003 0.0002509752830289818
3.269980082 0.0002676716699762946
3.271331313 0.00028282952368810575
3.272682544 0.0002974224587008192
3.274033776 0.000317640201253866
3.2753850069999997 0.00033980170048855283
3.276736239 0.00035951229495926517
3.27808747 0.0003827389642395149
3.2794387019999998 0.0004084275656431554
3.280789933 0.00043630028704587273
3.282141165 0.00047106228764890937
3.283492396 0.0005108194495278492
3.2848436270000003 0.0005539746632758052
3.286194859 0.0005994948719376066
3.2875460899999998 0.0006498434112831177
3.288897322 0.0007079002415386086
3.290248553 0.0007723424755209173
3.291599785 0.0008415210430174104
3.292951016 0.0009176810624618368
3.294302247 0.00100521151861363
3.2956534790000003 0.0011016778933800645
3.29700471 0.0012050256617635645
3.298355942 0.0013211275214999633
3.299707173 0.0014523480961424276
3.301058405 0.0015947370424244912
3.3024096359999997 0.0017435349154672904
3.303760868 0.001908308115781056
3.305112099 0.0020951452949163475
3.30646333 0.0022956196961211274
3.307814562 0.0025037887647038634
3.309165793 0.0027247926641724633
3.3105170250000002 0.0029593260629873627
3.3118682560000003 0.003209979555076343
3.313219488 0.0034693012300067183
3.3145707189999998 0.003735831371718268
3.315921951 0.004005354787526059
3.317273182 0.004275939098930076
3.318624413 0.004549913853937125
3.319975645 0.004822225792668949
3.321326876 0.005084868494080452
3.322678108 0.005334460121158963
3.324029339 0.005575177708009184
3.325380571 0.005807068507247055
3.326731802 0.006028248573872266
3.328083033 0.006235804129230905
3.3294342649999997 0.006430860139249486
3.330785496 0.006606871336491171
3.332136728 0.006771691594431025
3.333487959 0.006932239271196649
3.334839191 0.007088877915066667
3.336190422 0.007229589637671794
3.3375416540000002 0.0073646999960350545
3.3388928850000004 0.00750376877863644
3.340244116 0.00764178042954338
3.341595348 0.007766069925070501
3.342946579 0.007895263384514226
3.344297811 0.008029181980046068
3.345649042 0.008169898505941534
3.347000274 0.0083140103141609
3.348351505 0.008468010915675913
3.3497027360000002 0.008638459402750489
3.351053968 0.008794442490169963
3.3524051989999997 0.008956311792183187
3.353756431 0.009133405436486393
3.355107662 0.009324557926108316
3.3564588939999997 0.009529063584078349
3.357810125 0.009749983039410963
3.359161357 0.00999018758458105
3.360512588 0.010288162988774083
3.3618638190000003 0.01067575350936987
3.363215051 0.011094667932554876
3.3645662819999997 0.011547879120087283
3.3659175140000004 0.012042429576099597
3.367268745 0.012583282724316004
3.368619977 0.013164967846275258
3.369971208 0.013791838764076204
3.371322439 0.01459327599768951
3.372673671 0.015480077207098722
3.374024902 0.01646044656801783
3.375376134 0.017499931139598884
3.3767273650000003 0.01863313360623152
3.378078597 0.01986952720702343
3.3794298279999997 0.021219569659111506
3.38078106 0.022613551059105487
3.382132291 0.02407779124915535
3.383483522 0.025677334836837103
3.384834754 0.02742066239395586
3.386185985 0.02932658887360193
3.387537217 0.031409806000989776
3.3888884480000003 0.033692193341908185
3.39023968 0.03617114963863501
3.3915909109999998 0.03877895478210319
3.3929421430000004 0.04162947131734611
3.3942933739999996 0.0447498000700014
3.3956446049999998 0.048157748799736014
3.396995837 0.051876531986578364
3.398347068 0.055935991784736225
3.3996983 0.06036031634925039
3.401049531 0.06517447165690496
3.402400763 0.07041371536082683
3.4037519940000003 0.07611003539992482
3.405103225 0.08229551573574403
3.4064544569999997 0.08900314301194834
3.407805688 0.09626735700834342
3.40915692 0.10413149642499228
3.410508151 0.11270175157525608
3.411859383 0.12181580225809066
3.413210614 0.1315536928566134
3.4145618460000002 0.14190883551764055
3.4159130770000004 0.15302649374069915
3.4172643079999996 0.16458909010865977
3.41861554 0.17667143477504324
3.419966771 0.18919140033412704
3.4213180029999997 0.20221455905451224
3.422669234 0.21553914168274257
3.424020466 0.2290469412268898
3.425371697 0.24260592094132827
3.4267229280000002 0.2560343223311736
3.42807416 0.2691365621251473
3.429425391 0.2818544090962604
3.4307766230000003 0.29400286285953436
3.432127854 0.3054949856439799
3.4334790859999997 0.3162987627960891
3.434830317 0.3262333342710526
3.436181549 0.33536560183395653
3.43753278 0.3436426854020921
3.4388840110000003 0.3510295316760797
3.440235243 0.3575207299420717
3.441586474 0.3629996597787685
3.4429377060000004 0.36769222457246475
3.4442889369999996 0.3721429330710219
3.445640169 0.375549026511395
3.4469914 0.3784194926161291
3.448342631 0.38096901786881965
3.449693863 0.38320524080334734
3.451045094 0.38501188122670604
3.452396326 0.38659406206970653
3.4537475570000002 0.3879639135809875
3.455098789 0.38916817803726383
3.45645002 0.39023861181875386
3.4578012520000003 0.39122963521196147
3.459152483 0.39216659159722894
3.460503714 0.3932067437515095
3.461854946 0.39445190927872886
3.463206177 0.39571153982057566
3.464557409 0.3970160496723104
3.4659086400000003 0.3983647306593825
3.467259872 0.39977644879631546
3.468611103 0.4012531748160401
3.469962335 0.40279729681429755
3.4713135659999996 0.4041393903570957
3.4726647969999997 0.40553292220977855
3.474016029 0.40700801407404513
3.47536726 0.4085453833142627
3.476718492 0.41047607462805685
3.478069723 0.41225059716364776
3.479420955 0.41413338628869345
3.4807721860000003 0.4163133566595126
3.482123417 0.41838714492415574
3.483474649 0.42049019529913273
3.48482588 0.42262897416948103
3.486177112 0.42478906162602803
3.487528343 0.4269616329766524
3.488879575 0.4291262848369085
3.490230806 0.43129462791874656
3.491582038 0.433544846760458
3.492933269 0.4357487601660986
3.4942845 0.4379176280054905
3.495635732 0.4400370831398669
3.496986963 0.44209299850333733
3.4983381949999997 0.4440811712142933
3.4996894259999998 0.44597356180674647
3.501040658 0.44774129292787257
3.502391889 0.4494068211094817
3.50374312 0.4509835498499352
3.505094352 0.4524761898650751
3.506445583 0.45387350343255733
3.5077968150000003 0.45560682788915874
3.509148046 0.45690977581348163
3.5104992779999997 0.4582857351071437
3.511850509 0.4596098752665788
3.513201741 0.46055972530647504
3.514552972 0.46141474743927086
3.515904203 0.4621781858094603
3.517255435 0.46285412692580336
3.518606666 0.46345992694317495
3.519957898 0.4639684344156149
3.521309129 0.4643290023491469
3.5226603610000002 0.4646288587744129
3.524011592 0.46487762744717026
3.5253628239999997 0.46507227088519176
3.526714055 0.46520296667427935
3.528065286 0.46528322180523024
3.529416518 0.4653235183144752
3.5307677490000002 0.4652779653076623
3.532118981 0.4651833571662736
3.533470212 0.46507214678250336
3.5348214440000003 0.4653945398151094
3.536172675 0.46536408929585177
3.537523906 0.4652287763749571
3.538875138 0.46510084908789195
3.540226369 0.4649554368062121
3.5415776009999997 0.4647056472337218
3.542928832 0.4649674587026322
3.544280064 0.46481234313110575
3.545631295 0.46466335088217336
3.546982527 0.46455152414096174
3.548333758 0.46447435104039636
3.5496849889999997 0.46444917267988484
3.551036221 0.46444907907213356
3.552387452 0.4649940834285887
3.553738684 0.46506750411639053
3.555089915 0.46519033948238764
3.556441147 0.4653828036944161
3.5577923780000003 0.4656322300417416
3.5591436090000004 0.4659357164882279
3.560494841 0.46632125246144873
3.561846072 0.4668228471757288
3.563197304 0.46738862879662674
3.5645485349999997 0.46800492692663875
3.565899767 0.468670170492994
3.567250998 0.4693894759171454
3.5686022299999998 0.4704707507103228
3.569953461 0.4714870368686046
3.571304692 0.4722713196861993
3.572655924 0.47307866013465
3.574007155 0.4739173031037641
3.575358387 0.47477389392751496
3.5767096179999998 0.47564682157503735
3.57806085 0.4770760229032564
3.579412081 0.4779697674376266
3.580763312 0.4788337528043801
3.582114544 0.4796677629732897
3.583465775 0.48048428388681114
3.5848170070000003 0.4817525994668219
3.5861682380000004 0.4826437136638802
3.58751947 0.4834085703385336
3.588870701 0.4841534857262864
3.5902219329999996 0.4848411281305021
3.5915731639999997 0.48543049732741256
3.592924395 0.4859664678716919
3.594275627 0.4864464833063548
3.595626858 0.4868914480346185
3.59697809 0.4872757228576535
3.598329321 0.4876012811796777
3.5996805530000002 0.48787442351560645
3.601031784 0.48810386846830156
3.602383016 0.4882954039682599
3.603734247 0.48883200290610995
3.605085478 0.4890305943936908
3.60643671 0.48903021997326634
3.607787941 0.48895942325473385
3.609139173 0.48882275139935066
3.610490404 0.48861292307489745
3.6118416360000003 0.4882993334844458
3.6131928670000004 0.4879364143961659
3.6145440979999997 0.48751742594625164
3.61589533 0.4870386315364949
3.617246561 0.48652521590515724
3.6185977929999997 0.48596410664913925
3.619949024 0.4858727936353092
3.621300256 0.4852602022575717
3.622651487 0.4845847418740781
3.624002719 0.4838941478368536
3.62535395 0.48319285152432906
3.6267051809999997 0.4824674878376915
3.628056413 0.4817391534702952
3.629407644 0.4810029494873127
3.630758876 0.48029670660647145
3.632110107 0.4796334820104443
3.633461339 0.478974146683132
3.6348125700000002 0.47833300069517676
3.6361638010000004 0.47771681957162004
3.637515033 0.4771089561169446
3.638866264 0.47652987419795173
3.640217496 0.4759956590078039
3.6415687269999997 0.4755706715265691
3.642919959 0.4752081135574752
3.64427119 0.47487339673585655
3.6456224219999998 0.4745734456898812
3.646973653 0.4743242189162903
3.648324884 0.4741141187789561
3.649676116 0.47432999424704697
3.6510273470000003 0.4744552041977107
3.652378579 0.4744533061301041
3.6537298099999997 0.47451274174829206
3.655081042 0.47462435614009163
3.656432273 0.47478077717402817
3.657783504 0.47499792286982534
3.659134736 0.4752622887720953
3.660485967 0.4755416245682222
3.6618371990000003 0.47582004317894694
3.66318843 0.4761370873477645
3.664539662 0.47650713973515835
3.665890893 0.4769231174461021
3.667242125 0.47737330163005737
3.6685933559999997 0.4778670629986301
3.669944587 0.47889040989290804
3.671295819 0.4795250097574709
3.67264705 0.48017191421441413
3.673998282 0.4808389577977575
3.675349513 0.48152832675108065
3.676700745 0.48224550437064484
3.6780519760000003 0.4829676591175329
3.679403208 0.4837003479397962
3.6807544389999998 0.484443717989137
3.68210567 0.4851811106465248
3.683456902 0.48597111445001767
3.684808133 0.4867662879432973
3.686159365 0.48754197969881086
3.687510596 0.48831726570905404
3.688861828 0.4890734698926929
3.690213059 0.4897870293986046
3.6915642899999996 0.4903858597390187
3.692915522 0.490964504898828
3.694266753 0.49209090561501373
3.6956179849999997 0.4926354490179619
3.696969216 0.4931431092731127
3.698320448 0.49361994608004867
3.699671679 0.49407270970674083
3.701022911 0.49449118846711193
3.702374142 0.49488448105913235
3.703725373 0.49524567493317545
3.7050766050000004 0.4955682988495564
3.706427836 0.4958691194868663
3.707779068 0.49613919301935633
3.709130299 0.49637252872074594
3.710481531 0.4966092324908786
3.711832762 0.4968581634115605
3.713183993 0.497069331247856
3.714535225 0.49725683326003617
3.7158864560000002 0.4974163902928407
3.717237688 0.4975569011837513
3.7185889189999997 0.4976802197874362
3.719940151 0.49777482822237634
3.721291382 0.49785664417354347
3.7226426139999997 0.49792817879989737
3.723993845 0.49797596510618214
3.725345076 0.498036876538124
3.726696308 0.49809849933342515
3.7280475390000003 0.49813485044684513
3.729398771 0.49816018902178694
3.730750002 0.4981818031446065
3.7321012340000004 0.49819885144107867
3.733452465 0.4982124390810846
3.7348036959999997 0.4982109434965129
3.736154928 0.4987831752818326
3.737506159 0.4987852330168159
3.738857391 0.4987644329966693
3.740208622 0.49882691714254795
3.741559854 0.49914407774794745
3.7429110850000002 0.4989987807547873
3.744262317 0.49883976243385963
3.7456135479999997 0.49866845331645787
3.746964779 0.49846718863602696
3.748316011 0.4982417468303927
3.749667242 0.4979870690613802
3.751018474 0.49768044686564605
3.752369705 0.4973338802728931
3.753720937 0.49693976435204834
3.7550721680000003 0.49648061961335516
3.7564234 0.4959626337408067
3.757774631 0.4953684324542408
3.759125862 0.49467922233416206
3.7604770939999996 0.4939026903602173
3.7618283249999998 0.49302112859967695
3.763179557 0.49201582861258464
3.764530788 0.49089237135447295
3.76588202 0.48962975065493336
3.767233251 0.488209399719519
3.768584482 0.4866427522650967
3.7699357140000003 0.4849014437035822
3.771286945 0.4829513113036055
3.7726381769999997 0.48079821685969104
3.773989408 0.47842284212718017
3.77534064 0.4758039431891936
3.776691871 0.47331640836907
3.778043103 0.47035005634856586
3.779394334 0.4669369292664109
3.780745565 0.4632798734766629
3.7820967970000003 0.45934583881558394
3.7834480279999996 0.45508563801600205
3.7847992599999998 0.4504977602837073
3.786150491 0.4455623551885196
3.7875017229999997 0.4402756198826831
3.7888529539999998 0.43464857024617676
3.790204185 0.42865163236582743
3.791555417 0.42220420272615355
3.792906648 0.4154140026736935
3.79425788 0.4082673611154733
3.795609111 0.4007790520395478
3.7969603430000003 0.39296935088837187
3.798311574 0.3848316042961358
3.7996628059999997 0.3763857699972121
3.801014037 0.36773391651401455
3.802365268 0.358810601716027
3.8037165 0.34961508765276483
3.8050677310000003 0.3401953652352308
3.806418963 0.33056640422073935
3.807770194 0.3207686129890592
3.8091214260000004 0.31083158672124145
3.8104726569999996 0.30075487125138795
3.811823889 0.2905659828270095
3.81317512 0.28032636127107874
3.814526351 0.27006012068624097
3.815877583 0.259806759477333
3.817228814 0.2496631612563677
3.818580046 0.23973260122626275
3.8199312770000002 0.2296851450127252
3.821282509 0.21977796047228254
3.82263374 0.21002648359028597
3.823984971 0.20045512991425324
3.825336203 0.19108930697281484
3.826687434 0.1819482284327308
3.828038666 0.17305143125821118
3.829389897 0.16441488593242917
3.830741129 0.15604096091871558
3.8320923600000003 0.14793848376267368
3.833443592 0.14012323879002309
3.834794823 0.1326034267683614
3.836146054 0.12538175439941396
3.8374972859999996 0.11845093894312468
3.8388485169999997 0.11191886964153926
3.840199749 0.10559352678213058
3.84155098 0.0995460702872414
3.842902212 0.09378580724605037
3.844253443 0.08830900425068881
3.845604674 0.08310946907867632
3.8469559060000003 0.07817611479900079
3.848307137 0.07349903530086009
3.849658369 0.06907133012177244
3.8510096 0.06488559649688365
3.852360832 0.060934760367945956
3.853712063 0.05720904468571408
3.855063295 0.053697666751752374
3.856414526 0.05039308519023852
3.857765757 0.04732624417842328
3.859116989 0.044403860052237565
3.86046822 0.04164117993007805
3.861819452 0.039048195300788645
3.863170683 0.03661143877940766
3.8645219149999996 0.034321831654364504
3.8658731459999998 0.03217649037738323
3.867224377 0.030164266423573727
3.868575609 0.028274452114823906
3.86992684 0.026503374704463845
3.871278072 0.02484440224443247
3.872629303 0.02328846657771702
3.8739805350000003 0.021829322048469258
3.875331766 0.02046438575268742
3.876682998 0.019189259012076798
3.878034229 0.017995924395218073
3.87938546 0.016875688899620066
3.880736692 0.01582248408349309
3.882087923 0.01483621103078885
3.883439155 0.013916310122151014
3.884790386 0.013054689354178561
3.886141618 0.01224816892649327
3.887492849 0.01149585307030443
3.8888440810000002 0.010790925898546936
3.890195312 0.01012672612042034
3.891546543 0.009502371847784005
3.892897775 0.008919911778210363
3.894249006 0.008378586451156075
3.895600238 0.007873213778425205
3.8969514690000002 0.007396845264604077
3.898302701 0.0069540439433273885
3.899653932 0.006530996402634406
3.9010051629999998 0.006138343894715304
3.902356395 0.0057723526196314726
3.903707626 0.005428995163995975
3.905058858 0.00510462207243062
3.906410089 0.004797263579963772
3.9077613209999997 0.00450726536629837
3.909112552 0.004234766923403449
3.910463784 0.003980228635137299
3.911815015 0.0037448987332720724
3.913166246 0.0035278862350875857
3.914517478 0.0033255221790925234
3.9158687089999997 0.0031312563049407656
3.917219941 0.0029462465932204858
3.918571172 0.002773646191144712
3.919922404 0.002611481085758411
3.921273635 0.002458450448607928
3.922624866 0.0023143363589511485
3.9239760980000002 0.0021805891766264345
3.9253273290000004 0.0020568437065228216
3.926678561 0.001939379259592155
3.928029792 0.0018249817701780863
3.929381024 0.001715806060971761
3.9307322549999997 0.0016158864129698911
3.932083487 0.0015239905997784325
3.933434718 0.0014372814362574753
3.934785949 0.001354201895033447
3.936137181 0.0012741136713205988
3.937488412 0.0011994757410113605
3.938839644 0.0011307704736195202
3.940190875 0.0010669596791730998
3.941542107 0.0010075993810361068
3.9428933379999997 0.0009509179753656533
3.944244569 0.0008948446210062549
3.945595801 0.000841000059558172
3.946947032 0.0007939457353409618
3.948298264 0.0007484735908193443
3.949649495 0.0007026753975328344
3.9510007270000003 0.0006608850231556245
3.9523519580000004 0.000623467065202534
3.95370319 0.0005874625787960091
3.955054421 0.0005519567880642311
3.956405652 0.0005192009189952606
3.9577568839999997 0.0004888023563387381
3.959108115 0.00045831095719104536
3.960459347 0.0004299812076124933
3.961810578 0.0004032621372306859
3.96316181 0.00037707278123446226
3.964513041 0.00035252731385884863
3.965864273 0.00033017057239137466
3.967215504 0.0003101013238866836
3.968566735 0.00029259909339210985
3.9699179669999998 0.0002778595149526707
3.971269198 0.0002624477005907104
3.97262043 0.0002448473648490499
3.973971661 0.0002266703086179081
3.975322893 0.00020844886316616224
3.976674124 0.00019133854240954752
3.978025355 0.00017611287552720415
3.9793765870000004 0.0001618334727197675
3.9807278179999996 0.0001482103404688816
3.98207905 0.00013629375142839689
3.983430281 0.00012644633705283438
3.9847815129999997 0.00011714869364268372
3.986132744 0.00010864280555068602
3.987483976 0.00010047015695330896
3.988835207 9.415469168143802e-05
3.9901864380000003 8.872408623045534e-05
3.99153767 8.338196520226072e-05
3.9928889009999997 7.743474971970226e-05
3.994240133 7.040792220747559e-05
3.995591364 6.399737840365183e-05
3.996942596 5.880982724328178e-05
3.998293827 5.553552262300867e-05
3.999645058 5.392483346155238e-05
4.00099629 5.203580936069689e-05
4.002347521 4.841216965656112e-05
4.003698753 4.411212519493167e-05
4.005049984 4.168914622216856e-05
4.006401216 3.981327410589047e-05
4.007752447 3.683562864303344e-05
4.009103679 3.311065793614446e-05
4.01045491 2.8894346394459528e-05
4.011806141 2.5334741915450748e-05
4.013157373 2.3306026888545345e-05
4.014508604 2.279982613171147e-05
4.015859836 2.1957723074977992e-05
4.017211067 2.0687102415287433e-05
4.018562299 1.9163147555688157e-05
4.01991353 1.677958606699114e-05
4.021264761 1.4078082633625313e-05
4.022615993 1.0963776996324472e-05
4.023967224 8.965673213701368e-06
4.025318456 7.275571521089094e-06
4.026669687 7.69403323275511e-06
4.028020919 9.627888617437522e-06
4.02937215 1.002196833951946e-05
4.030723382 8.182971212044205e-06
4.032074613 6.332025376885506e-06
4.033425844 6.0162627793725845e-06
4.034777076 7.704816770543372e-06
4.036128307 9.098888643050843e-06
4.037479539 7.927106220072431e-06
4.03883077 5.658644197632673e-06
4.040182002 4.450294870703659e-06
4.041533233 4.051557052513608e-06
4.042884465 3.6185240090574952e-06
4.044235696 2.6844067752364016e-06
4.0455869269999996 2.535015648666398e-06
4.046938159 3.510398223409171e-06
4.04828939 4.376295633889562e-06
4.049640622 4.583212591241646e-06
4.050991853 3.766835985171525e-06
4.052343085 2.0904965284150045e-06
4.053694316 7.465664014670688e-07
4.055045547 1.009460471609197e-06
4.056396779 2.593731900621341e-06
4.05774801 3.98634368953323e-06
4.059099241999999 3.710461027228503e-06
4.0604504729999995 2.47833105321246e-06
4.061801705 1.4572861956002639e-06
4.063152936 1.0233442429875388e-06
4.064504168 1.5448409988248029e-06
4.065855399 2.7925265937725772e-06
4.06720663 3.92648467098334e-06
4.0685578620000005 3.806540713746657e-06
4.069909093000001 2.7860469980057654e-06
4.071260325 1.916467401750738e-06
4.072611556 1.579100116697934e-06
4.073962788 1.1715606594899538e-06
4.075314019 1.4999658922433367e-06
4.07666525 2.4491800703679483e-06
4.078016482 3.465182684887328e-06
4.079367713 3.4445347679526116e-06
4.080718945 2.848951992345041e-06
4.082070176 2.611653936633556e-06
4.083421408 2.6886011783254472e-06
4.084772639 3.017841492490753e-06
4.086123871 3.137604936017889e-06
4.087475102 2.667032303296114e-06
4.088826333 1.9647863935746508e-06
4.090177565 2.5384326112009754e-06
4.091528796 3.1786915630840157e-06
4.092880028 3.347861637011394e-06
4.094231259 3.833997325719895e-06
4.095582491 5.310755432229453e-06
4.096933722 7.2589343581944885e-06
4.098284953 8.307800981633784e-06
4.0996361850000005 9.406476544753294e-06
4.100987416 9.928718336573395e-06
4.102338648 9.612748630206843e-06
4.103689878999999 8.944433189532659e-06
4.105041110999999 8.635016479833755e-06
4.106392342 7.32090454324713e-06
4.107743574 5.073408280203158e-06
4.109094805 4.780362778159957e-06
4.110446036 5.832343522303686e-06
4.111797268 7.451168194336009e-06
4.113148499 8.026310198929307e-06
4.1144997309999995 8.846354184853068e-06
4.115850962000001 9.672693859722072e-06
4.117202194000001 9.879319775984651e-06
4.118553425 9.883403067480283e-06
4.119904657 1.0172896950052914e-05
4.121255887999999 1.0655185616262944e-05
4.122607119 1.0817900342128088e-05
4.123958351000001 1.1015569475030975e-05
4.125309582 1.0408212707708725e-05
4.126660814 8.621078923869463e-06
4.128012045 6.37370997402658e-06
4.129363277 5.344600572353886e-06
4.130714508 6.918085690917737e-06
4.132065739 9.373988612661803e-06
4.133416971 1.1409389633510969e-05
4.134768202 1.1876181524252445e-05
4.136119434 1.1150981178643958e-05
4.1374706649999995 1.145335535421665e-05
4.138821897 1.2125656971401561e-05
4.140173128000001 1.2104461985418674e-05
4.14152436 1.193077524154074e-05
4.142875591 1.2499872380564841e-05
4.144226821999999 1.410868679185369e-05
4.145578054 1.41132922130504e-05
4.146929285000001 1.3151149974178353e-05
4.148280517 1.2360675269256266e-05
4.149631748 1.220977344712825e-05
4.15098298 1.2602792149311086e-05
4.152334211 1.299753124356548e-05
4.153685442 1.2675266459633224e-05
4.155036674 1.1336998977033092e-05
4.156387905 9.482558778352392e-06
4.157739136999999 7.894531944425783e-06
4.159090368 7.757369579053274e-06
4.1604416 8.75136511568942e-06
4.161792831 9.640143416509474e-06
4.163144063 9.834122710235872e-06
4.164495294 9.34497632196342e-06
4.165846525 9.13747655310186e-06
4.167197757 8.791549429595214e-06
4.1685489879999995 7.119992058070433e-06
4.169900220000001 5.226760306271533e-06
4.171251451 4.135691510041165e-06
4.172602683 4.874699553220285e-06
4.173953914 5.772833346223459e-06
4.1753051459999995 5.968388852657976e-06
4.1766563770000005 5.530900782453249e-06
4.178007608 4.768120281505154e-06
4.17935884 3.958440553153931e-06
4.180710071 4.10567174045162e-06
4.182061303 4.551764993119973e-06
4.183412534 4.908429948398098e-06
4.184763766 5.204167603973062e-06
4.186114997 6.279808613265358e-06
4.187466228 7.849338930538736e-06
4.18881746 8.731695703138644e-06
4.190168691 8.96167173387744e-06
4.1915199229999995 8.472253924668846e-06
4.1928711540000005 6.915786225796074e-06
4.194222386000001 3.5105685082817367e-06
4.195573617 1.893809011204835e-06
4.196924849 1.7638732254529313e-06
4.198276079999999 2.754739060940804e-06
4.199627311 2.9031856300270523e-06
4.200978543 2.802619288850723e-06
4.202329774 3.1293754030252707e-06
4.203681006 3.15797137936067e-06
4.205032237 2.175610841049458e-06
4.206383469 7.038473733613138e-07
4.2077347 1.3440014519658202e-08
4.209085931 5.405863687300771e-09
4.210437163 1.545366357772962e-08
4.211788394 1.2443729234394509e-06
4.213139626 2.459805321758593e-06
4.2144908569999995 2.2149935618506106e-06
4.215842089 3.264288254363735e-07
4.217193320000001 7.778657841757881e-08
4.218544552 8.772854809401489e-07
4.219895783 2.114572812980704e-06
4.221247013999999 1.5840362514088928e-06
4.2225982459999996 9.867095994403915e-08
4.223949477 5.389678057204152e-09
4.225300709 5.3880438089973915e-09
4.22665194 5.3864002339438035e-09
4.228003171999999 5.384748045581917e-09
4.229354403 5.3830872742097425e-09
4.2307056339999995 5.381441157928061e-09
4.232056866 5.379808323016705e-09
4.233408097000001 5.37816920446799e-09
4.234759329 5.376524629691276e-09
4.23611056 5.374875186282068e-09
4.237461792 5.373221578434897e-09
4.238813023 5.371564302973884e-09
4.240164255 5.369891842107345e-09
4.241515486 5.368128722233388e-09
4.242866717 5.371679251456039e-09
4.244217949 5.370728699970351e-09
4.24556918 3.081478028689998e-08
4.246920412000001 2.046366250017999e-08
4.248271643 5.3713390282915244e-09
4.249622875 5.369570090434949e-09
4.250974105999999 1.1951329711024508e-07
4.2523253379999995 6.141229545810263e-07
4.2536765690000005 1.3952171449889173e-07
4.2550278 3.2200500748258464e-06
4.256379032 4.613203977649504e-06
4.257730263 3.4451866183944662e-06
4.259081495 3.094959345732013e-06
4.260432726 3.877547399612932e-06
4.261783958 5.991736702252412e-06
4.263135189 6.072461946543443e-06
4.26448642 5.2303770950051605e-06
4.265837652 4.171532460506545e-06
4.267188883 3.354516478250109e-06
4.2685401149999995 3.402142397757558e-06
4.2698913460000005 4.316998497747534e-06
4.271242578000001 5.685657981499726e-06
4.272593809 6.737106665650269e-06
4.273945041 7.024565575489572e-06
4.275296271999999 7.886116921660701e-06
4.276647503 8.768757585901828e-06
4.277998735 9.433586566890324e-06
4.279349966 9.702087746213696e-06
4.280701198 1.0907675726933418e-05
4.282052429 1.406137308509766e-05
4.283403661 1.4356181445790423e-05
4.284754892 1.4375663916094028e-05
4.286106123 1.5980784459165188e-05
4.287457355 1.613466013691776e-05
4.288808586 1.498875379396388e-05
4.290159818 1.3492557685737636e-05
4.2915110489999995 1.4274749953147447e-05
4.292862281 1.4805307291241357e-05
4.294213512000001 1.5187168958965102e-05
4.295564744 1.5238447259043268e-05
4.296915975 1.6096085720561603e-05
4.298267206 1.615164944735077e-05
4.299618438 1.5996945440124522e-05
4.300969669 1.6461017706141133e-05
4.302320901 1.8842390718817028e-05
4.303672132 2.070385331464418e-05
4.305023363999999 2.1234118441343142e-05
4.306374595 2.0469124652710666e-05
4.3077258259999995 1.914407609844455e-05
4.309077058 1.9443796942021378e-05
4.310428289000001 2.136377151815762e-05
4.311779521 2.463066045303183e-05
4.313130752 2.7478591989855943e-05
4.314481984 2.7913559451297668e-05
4.315833215 2.8038642520137106e-05
4.317184447 2.850404488553605e-05
4.318535678 3.0277505890883263e-05
4.319886909 3.27306539213773e-05
4.321238141 3.471180774503093e-05
4.322589372 3.275098919004936e-05
4.323940604000001 2.858800578092881e-05
4.325291835 2.4924535614681382e-05
4.326643067 2.5027128490791567e-05
4.327994297999999 2.5839653665997375e-05
4.329345529999999 2.914683207570821e-05
4.3306967610000004 3.249591310230028e-05
4.332047992 3.464467475079176e-05
4.333399224 3.8400309033730794e-05
4.334750455 4.04732674486058e-05
4.336101687 4.2966025461464176e-05
4.337452918 4.453907186685481e-05
4.33880415 4.419506871962853e-05
4.340155381 4.067569733250559e-05
4.341506612 3.8118237500075714e-05
4.342857844 3.710282703204691e-05
4.344209075 3.660348459642972e-05
4.3455603069999995 3.452652331612322e-05
4.3469115380000005 3.3023986417432605e-05
4.34826277 3.2690262108931815e-05
4.349614001 3.3671386144776565e-05
4.350965233 3.392749111699003e-05
4.352316464 3.374591008128475e-05
4.353667695 3.330513749165051e-05
4.355018927 3.329858793049383e-05
4.356370158 3.3972184904844514e-05
4.35772139 3.54119785191765e-05
4.359072621 3.668688505825805e-05
4.360423853 3.660890098227394e-05
4.361775084 3.5045422634901455e-05
4.363126315000001 3.48927229310274e-05
4.364477547000001 3.5594181888068224e-05
4.365828778 3.638542997162066e-05
4.36718001 3.6903061101687236e-05
4.3685312409999995 3.851763502498024e-05
4.369882473 4.066999053505648e-05
4.371233704 4.138974513108065e-05
4.372584936 3.936845582245679e-05
4.373936167 3.684115982478936e-05
4.375287398 3.4572561287917295e-05
4.37663863 3.336106097634998e-05
4.377989861 3.4409210773343286e-05
4.379341093 3.707198232587115e-05
4.380692324 4.1373292129057766e-05
4.382043555999999 4.290440181065567e-05
4.383394787 4.356985645604769e-05
4.3847460179999995 4.39263362075723e-05
4.38609725 4.527556558820192e-05
4.387448481000001 4.621914627979332e-05
4.388799713 4.6884500351096635e-05
4.390150944 4.725830988093377e-05
4.391502176 4.7269792904939864e-05
4.392853407 4.59860962949418e-05
4.394204639 4.4573841139306585e-05
4.39555587 4.3625247707943706e-05
4.396907101 4.3037356218816415e-05
4.398258332999999 4.117453736223066e-05
4.399609564 3.8857196584935455e-05
4.400960796000001 3.717433670808376e-05
4.402312027 3.648890811464794e-05
4.403663259 3.5496767205938326e-05
4.405014489999999 3.3939782932664164e-05
4.406365721999999 3.410518877835328e-05
4.407716953 3.6007915550960386e-05
4.409068184 3.7956677726132356e-05
4.410419416 3.837446680305946e-05
4.411770647 3.7798082841449635e-05
4.413121879 3.820455806913385e-05
4.41447311 3.9448675190917823e-05
4.415824342 4.063729154684493e-05
4.417175573000001 4.133527183888972e-05
4.418526804 4.2017421662247986e-05
4.419878036 4.300360552573613e-05
4.421229266999999 4.3512165995487544e-05
4.4225804989999995 4.338367396787617e-05
4.4239317300000005 4.2798067984257397e-05
4.425282962 4.231900207801578e-05
4.426634193 4.2504569608183386e-05
4.427985425 4.25355342650839e-05
4.429336656 4.208086065818364e-05
4.430687887 4.036653222785501e-05
4.432039119 3.8933188663967e-05
4.43339035 3.770303900434293e-05
4.434741582 3.668161824968113e-05
4.436092813 3.5459831030329316e-05
4.437444045 3.475284840085964e-05
4.438795276 3.458522115239059e-05
4.440146507000001 3.542168513273031e-05
4.441497739000001 3.689861955603947e-05
4.44284897 3.894908233224692e-05
4.444200202 4.075114093783418e-05
4.445551432999999 4.021213855220535e-05
4.446902665 3.873741338917006e-05
4.448253896 3.736549770416198e-05
4.449605128 3.9023238487716557e-05
4.450956359 3.968304694801156e-05
4.45230759 3.913843869313324e-05
4.453658822 3.526763715353737e-05
4.455010053 3.36155087569157e-05
4.456361285 3.345741473789777e-05
4.457712516 3.5403993429572416e-05
4.459063747999999 3.6559194290046196e-05
4.460414979 3.769529123732358e-05
4.4617662110000005 3.8767165143916205e-05
4.463117442 3.9454434510013695e-05
4.464468673000001 3.901041618715824e-05
4.465819905 3.7720879865171205e-05
4.467171136 3.590296455466577e-05
4.468522368 3.5089700726613137e-05
4.469873599 3.535055296853206e-05
4.471224831000001 3.737092329003417e-05
4.472576062 4.0322061404647796e-05
4.473927293 4.2868406652650244e-05
4.475278524999999 4.4464323784487055e-05
4.476629756 4.452473891236132e-05
4.4779809880000006 4.421521675242769e-05
4.479332219 4.369374840029236e-05
4.480683451 4.339579214417141e-05
4.482034682 4.398406031842321e-05
4.483385914 4.4749222989155916e-05
4.484737145 4.526690976621301e-05
4.486088376 4.400142879488969e-05
4.487439608 4.252040586240011e-05
4.488790839 4.079056634322364e-05
4.490142071 3.9322461006607035e-05
4.491493302 3.836791065595326e-05
4.492844534 3.812019449131086e-05
4.494195765000001 3.849740868971226e-05
4.495546996 3.878547287070718e-05
4.496898228 3.9309722953934097e-05
4.498249458999999 4.068681513016262e-05
4.4996006909999995 4.276129606026024e-05
4.5009519220000005 4.4297697989717815e-05
4.502303154 4.397148937757997e-05
4.503654385 4.137407238531135e-05
4.505005617 3.9117039641708405e-05
4.506356848 3.7531846185123196e-05
4.507708079 3.70152950590883e-05
4.509059311 3.7391459581240836e-05
4.510410542 3.8185603264095465e-05
4.511761774 3.89625183387858e-05
4.513113005 3.8126673239774036e-05
4.514464237 3.633844908295053e-05
4.5158154679999996 3.3943525135935804e-05
4.517166699000001 3.2353368024938093e-05
4.518517931 3.1346307100085604e-05
4.519869162 3.1469838589615215e-05
4.521220394 3.380686887068636e-05
4.522571624999999 3.6404009653491676e-05
4.523922857 3.8386900605931466e-05
4.525274088 3.666829225464361e-05
4.52662532 3.5770556257795256e-05
4.527976551 3.614724067727642e-05
4.529327782 4.065857152672764e-05
4.530679014 4.4420800950825275e-05
4.532030245 4.700457401228862e-05
4.533381477 4.608329711236187e-05
4.534732708 4.417975732882322e-05
4.53608394 4.188315319777252e-05
4.537435171 4.003348184044993e-05
4.5387864030000005 3.9756362877783035e-05
4.540137634 4.012598157921712e-05
4.541488865 3.987981236883177e-05
4.542840097 3.761746207747688e-05
4.544191328 3.507557078057805e-05
4.5455425599999995 3.3716482173461654e-05
4.5468937910000005 3.551491494902459e-05
4.548245023000001 3.8686421245217285e-05
4.549596254 4.299170690863885e-05
4.550947485 4.544910128530218e-05
4.552298716999999 4.591259289240133e-05
4.553649948 4.34295208853578e-05
4.5550011800000005 3.9338028567179995e-05
4.556352411 3.605276692989096e-05
4.557703643 3.404489695093008e-05
4.559054874 3.390366533985543e-05
4.560406106 3.4806482079848356e-05
4.561757337 3.7582951042472294e-05
4.563108568 4.061226590935605e-05
4.5644598 4.242153206996702e-05
4.565811031 4.230374676606455e-05
4.567162263 4.078423882773272e-05
4.568513493999999 4.00499456667305e-05
4.569864726 4.032666699934007e-05
4.571215957000001 4.1984097379130316e-05
4.572567188 4.4027579180962695e-05
4.57391842 4.644710739041527e-05
4.575269650999999 4.674775982550542e-05
4.5766208829999995 4.597374864863535e-05
4.5779721140000005 4.418900733582562e-05
4.579323346 4.4233442085873356e-05
4.580674577 4.4177641474677597e-05
4.582025809 4.3970355598262086e-05
4.58337704 4.0954607825366876e-05
4.584728271 3.8995489928818884e-05
4.586079503 3.795866967604296e-05
4.587430734 3.840276637425728e-05
4.588781966 3.774235286344313e-05
4.590133197 3.60791569587727e-05
4.591484429 3.481788711572774e-05
4.5928356599999995 3.449244693767534e-05
4.5941868910000005 3.533032750783515e-05
4.595538123 3.6496439216967644e-05
4.596889354 3.7757688822150616e-05
4.598240586 3.904023881374135e-05
4.599591817 3.850827581399501e-05
4.6009430490000005 3.770187849008207e-05
4.60229428 3.661835774232615e-05
4.603645512 3.714233394708924e-05
4.604996743 3.745567567120657e-05
4.606347974 3.719179893273228e-05
4.607699206 3.5457887912234504e-05
4.609050437 3.4181286525902787e-05
4.610401669 3.351988090074798e-05
4.611752900000001 3.315067579043967e-05
4.613104132 3.315707457603422e-05
4.614455363 3.3784257693895425e-05
4.6158065950000005 3.5254786510965404e-05
4.617157826 3.6222055793519496e-05
4.618509057 3.576903186968511e-05
4.619860289 3.535004071758031e-05
4.62121152 3.583077899279524e-05
4.622562751999999 3.7957962964042974e-05
4.6239139830000004 3.871405503164076e-05
4.625265215000001 3.8999804582487044e-05
4.626616446 3.85162669923121e-05
4.627967677 3.910310928992781e-05
4.629318908999999 3.96387135965321e-05
4.63067014 3.822706813341443e-05
4.6320213720000005 3.567301160136307e-05
4.633372603 3.31029560103544e-05
4.634723835 3.297223439330757e-05
4.636075066 3.317454979885174e-05
4.637426298 3.3444417159490186e-05
4.638777529 3.2323657211506044e-05
4.64012876 3.2729963454736955e-05
4.641479992 3.4160296647202806e-05
4.642831223 3.7753780910010324e-05
4.644182455 4.055706783856918e-05
4.645533685999999 4.2079406789451185e-05
4.646884918 4.0878899978855495e-05
4.648236149000001 3.987874978051932e-05
4.64958738 3.969038700059236e-05
4.650938612 4.070665440258979e-05
4.652289842999999 4.1646695199787305e-05
4.6536410749999995 4.108106373263303e-05
4.6549923060000005 3.9390729806959664e-05
4.656343538 3.755192122388179e-05
4.657694769 3.603305550300976e-05
4.659046001 3.465897580859494e-05
4.660397232 3.343420703265712e-05
4.661748463 3.359606168605881e-05
4.663099695 3.4488300728675305e-05
4.664450926000001 3.596358685349489e-05
4.665802158 3.5378574784818976e-05
4.667153389 3.497975271262932e-05
4.668504621 3.489309513922219e-05
4.6698558519999995 3.731795241085483e-05
4.6712070830000005 3.9811112834192214e-05
4.672558315 4.158479455262015e-05
4.673909546 4.071784598682286e-05
4.675260778 3.8620603570677914e-05
4.676612009 3.494900340558964e-05
4.6779632410000005 3.1030366859174596e-05
4.679314472 2.7822891903687308e-05
4.680665704 2.7039941328334376e-05
4.682016935 2.7511846241241318e-05
4.683368166 2.9323219525433124e-05
4.684719398 2.9835875211287742e-05
4.686070629 2.99661305337061e-05
4.687421861 2.948346955125756e-05
4.688773092 2.8654907359329616e-05
4.690124324 2.770645718854854e-05
4.691475555 2.6724805275346703e-05
4.6928267869999996 2.7849556837585946e-05
4.694178018 3.0194552919536903e-05
4.695529249 3.400058896543195e-05
4.696880481 3.6413888234510214e-05
4.698231712 3.7514974940598054e-05
4.699582943999999 3.7358397987344026e-05
4.700934175 3.7911088361912476e-05
4.702285407000001 3.9448424732640015e-05
4.703636638 4.016721497602117e-05
4.704987869 4.0235142674719875e-05
4.706339100999999 3.862166511542545e-05
4.707690332 3.723931414081672e-05
4.7090415640000005 3.612217116058668e-05
4.710392795 3.665140521177464e-05
4.711744027 3.7668980737627095e-05
4.713095258 3.926101363149415e-05
4.71444649 4.007065352928194e-05
4.7157977209999995 3.997368963007959e-05
4.717148952 3.83169257049823e-05
4.718500184000001 3.560815811802383e-05
4.719851415 3.3087672920095985e-05
4.721202647 3.243569808818602e-05
4.722553877999999 3.326672019039999e-05
4.72390511 3.547642424841987e-05
4.725256341000001 3.607498418006281e-05
4.726607572 3.566214335775592e-05
4.727958804 3.376896266083497e-05
4.729310035 3.254682728371981e-05
4.730661267 3.1574529357405694e-05
4.7320124980000005 3.084194046144962e-05
4.73336373 2.9293869898479786e-05
4.734714961 2.7956828212687347e-05
4.736066193 2.7736311865754348e-05
4.737417424 2.8099687104555866e-05
4.738768654999999 2.830620687219518e-05
4.740119887 2.7989702321381735e-05
4.741471118000001 2.8437896005017162e-05
4.74282235 3.065956061485052e-05
4.744173581 3.373867712846753e-05
4.745524813 3.634041496085426e-05
4.7468760439999995 3.554921456896948e-05
4.748227276 3.39519846005604e-05
4.749578507 3.1245223826070386e-05
4.750929738 2.925942060943647e-05
4.75228097 2.798420402401806e-05
4.753632201 2.8930027075526526e-05
4.7549834330000005 3.073301116647396e-05
4.756334664 3.360378834541614e-05
4.757685896 3.50514935030405e-05
4.759037127 3.5744701546435076e-05
4.760388358 3.506765142113912e-05
4.76173959 3.433153242259433e-05
4.763090821 3.351490826541273e-05
4.764442053 3.2605305963472355e-05
4.765793284 3.159066282633657e-05
4.767144516 3.0491320641010633e-05
4.768495747 2.9024326523383407e-05
4.7698469789999995 2.7497945978895184e-05
4.77119821 2.590711955851628e-05
4.772549441 2.5531710019364456e-05
4.773900673 2.6044274004599836e-05
4.775251904 2.785148743595712e-05
4.776603135999999 2.9572711357605942e-05
4.777954367 3.0635191912655154e-05
4.779305599000001 3.1467072553394955e-05
4.78065683 3.2219368942312896e-05
4.782008061000001 3.219340747862204e-05
4.783359293 3.153891814234994e-05
4.784710524 2.99988966711212e-05
4.7860617560000005 2.927646823142612e-05
4.787412987 2.9003329841633742e-05
4.788764219 2.9421851253567878e-05
4.79011545 2.8634417120469716e-05
4.791466682 2.772727632221084e-05
4.7928179129999995 2.7494739791289702e-05
4.7941691440000005 2.7610756239447245e-05
4.795520376000001 2.804078168472192e-05
4.796871607 2.8963205841594455e-05
4.798222839 3.068160020455399e-05
4.799574069999999 3.091388587828576e-05
4.800925302 3.122985803177752e-05
4.802276533000001 3.12819188548747e-05
4.803627764 3.147948062298162e-05
4.804978996 3.192871833659976e-05
4.806330227 3.306521227686018e-05
4.807681459 3.4248211626452115e-05
4.80903269 3.548222899347566e-05
4.810383922 3.552581595065743e-05
4.811735153 3.489909102316508e-05
4.813086384999999 3.182324548927542e-05
4.814437616 2.8318453545081295e-05
4.815788846999999 2.4352914286892326e-05
4.817140079 2.2505067821651946e-05
4.818491310000001 2.1560075424272195e-05
4.819842542 2.3366202266903604e-05
4.821193773 2.5179371834814984e-05
4.822545005 2.649348713195377e-05
4.8238962359999995 2.6712019648005605e-05
4.825247468 2.684019386187833e-05
4.826598699 2.7316815044678986e-05
4.82794993 2.7752979717771616e-05
4.829301162 2.808380186031754e-05
4.830652393 2.8099701540275643e-05
4.8320036250000005 2.8141547092591333e-05
4.833354856 2.8922438548645873e-05
4.834706088 3.0065868004818894e-05
4.836057318999999 3.145633857037596e-05
4.83740855 3.1815056199187854e-05
4.838759782 3.1615216006700734e-05
4.840111013 2.9601828829983524e-05
4.841462245 2.7474989931691553e-05
4.842813476 2.5411597887362413e-05
4.844164708 2.4957140969698983e-05
4.845515939 2.5020417625376915e-05
4.8468671709999995 2.5912609606318592e-05
4.8482184020000005 2.6756679687004676e-05
4.849569633 2.725067183642294e-05
4.850920865 2.701461900658994e-05
4.852272096 2.6415307927244972e-05
4.853623327999999 2.3886671984086988e-05
4.854974559 2.0811363472380087e-05
4.856325791000001 1.7940124420577114e-05
4.857677022 1.59982264603208e-05
4.859028253 1.4546952591532959e-05
4.860379485 1.424710042322244e-05
4.861730716 1.4260858047834134e-05
4.863081948 1.4805703143863412e-05
4.864433179 1.579419731077522e-05
4.865784411 1.834441383876537e-05
4.867135642 1.9765082870152555e-05
4.868486874 2.098365221627478e-05
4.8698381049999995 2.1040896968126613e-05
4.8711893360000005 2.107954561574312e-05
4.872540568000001 2.1121051358693306e-05
4.873891799 2.0435986548965635e-05
4.875243031 1.9463878923376682e-05
4.876594261999999 1.772405916434597e-05
4.8779454939999995 1.6544491070482112e-05
4.879296725000001 1.6007413717771377e-05
4.880647956 1.5780344944280403e-05
4.881999188 1.7308701206105825e-05
4.883350419 1.7850380628855007e-05
4.884701651 1.7900158165747272e-05
4.8860528819999995 1.708517098907658e-05
4.887404114 1.6142016117313964e-05
4.888755345 1.531412249414746e-05
4.890106576999999 1.4361118025764999e-05
4.891457808 1.3659274423840398e-05
4.892809038999999 1.3383543437000922e-05
4.894160271 1.3962347454205194e-05
4.895511502000001 1.5855608646475762e-05
4.896862734 1.7500849024112684e-05
4.898213965 1.8259614332603762e-05
4.899565197 1.564072406994965e-05
4.900916428 1.3359432611764832e-05
4.902267660000001 1.2339311801637501e-05
4.903618891 1.311724942768678e-05
4.904970122 1.4900428603029273e-05
4.906321354 1.6186009892174052e-05
4.907672585 1.672949818498599e-05
4.9090238170000005 1.6299055200214934e-05
4.910375048 1.5858465953875137e-05
4.91172628 1.5203866799430921e-05
4.913077511 1.3996033793470041e-05
4.914428742 1.3510507397882432e-05
4.915779974 1.3150539648735359e-05
4.917131205 1.2918037342761145e-05
4.918482437 1.2584365443151663e-05
4.919833668 1.1675686416248744e-05
4.9211849 1.0993599707354698e-05
4.922536131 1.1222639937389606e-05
4.9238873629999995 1.2026891982829177e-05
4.9252385940000005 1.312302534076964e-05
4.926589825 1.3332557315948486e-05
4.927941057 1.2589877750671394e-05
4.929292288 1.1510929766906896e-05
4.930643519999999 1.0595342891278364e-05
4.931994751 1.0590620946707222e-05
4.933345983000001 1.1059414865286165e-05
4.934697214 1.028367730584653e-05
4.936048445 8.629224364435534e-06
4.937399677 6.680524753404745e-06
4.938750908 5.707263307543779e-06
4.94010214 5.00978933694571e-06
4.941453371 4.653444854390756e-06
4.942804603 5.073369308059506e-06
4.944155834 5.481361732122643e-06
4.945507066 5.818736102869844e-06
4.9468582969999995 6.058930859472814e-06
4.9482095280000005 5.697930463533996e-06
4.949560760000001 5.199881160358325e-06
4.950911991 4.302052894455758e-06
4.952263223 3.9081150443676045e-06
4.953614453999999 3.7867927884071323e-06
4.9549656859999995 4.29772235681463e-06
4.9563169170000005 5.978081101257226e-06
4.957668148 7.696099774757802e-06
4.95901938 9.524196681734454e-06
4.960370611 9.338870472840862e-06
4.961721843 8.808365815395622e-06
4.9630730739999995 7.712082193222065e-06
4.964424306 7.260016290812395e-06
4.965775537000001 7.158183065677974e-06
4.967126769 7.119480982410904e-06
4.968478 7.274739910068829e-06
4.969829230999999 6.9032785396658744e-06
4.971180463 6.624073429704175e-06
4.972531694000001 6.406799287755158e-06
4.973882926 6.2438740773584766e-06
4.975234157 6.258325928905356e-06
4.976585389 6.4055276725229864e-06
4.97793662 6.548259110023688e-06
4.979287852000001 6.0824746880255155e-06
4.980639083 5.304283926569261e-06
4.981990314 3.68728328624236e-06
4.983341545999999 2.1307548667264065e-06
4.984692777 1.3602732395437326e-06
4.986044009 1.4547846594662878e-06
4.98739524 1.825420258881994e-06
4.988746472 1.8630302168631364e-06
4.990097703 3.28933640443934e-06
4.991448934 4.090791045235173e-06
4.992800166 4.7643117739045555e-06
4.9941513969999995 4.359336849573399e-06
4.995502629 3.3000772250919427e-06
4.99685386 2.158935207209262e-06
4.998205092 1.445556908675949e-06
4.999556323 9.74464126309765e-07
5.0009075549999995 1.302335065855231e-06
5.0022587860000005 2.0316094767554215e-06
5.003610017 2.7760540956498267e-06
5.004961249 3.5226121604936707e-06
5.006312479999999 3.993889046685786e-06
5.007663711999999 4.225038137948956e-06
5.009014943 4.443318106776232e-06
5.010366175 4.075616550025939e-06
5.011717406 4.025023698708371e-06
5.013068637 3.7885630981734366e-06
5.014419869 3.407225646491328e-06
5.0157711 2.864890084554926e-06
5.017122332 1.7667104976415464e-06
5.018473563 1.7831577889455824e-06
5.019824795000001 1.6911089892786934e-06
5.021176026 1.4702864612653897e-06
5.022527258 1.2137301625693659e-06
5.0238784889999994 1.0239086025477867e-06
5.0252297200000005 1.244173360788144e-06
5.026580952000001 1.4921041951477964e-06
5.027932183 1.7276237737734954e-06
5.029283415 1.6260986085762516e-06
5.030634646 1.209204033302678e-06
5.031985878 1.0299634541320623e-06
5.033337109 9.40276942214054e-07
5.034688341 1.353877702771416e-06
5.036039572 2.058990317134437e-06
5.037390803 1.924955685852636e-06
5.038742035 1.5988775952301607e-06
5.0400932659999995 9.024209319630914e-07
5.041444498 7.04819600599599e-07
5.042795729000001 8.773729839362339e-07
5.044146961 1.2512270391249254e-06
5.045498192 2.1231928041807073e-06
5.046849422999999 2.588312381921113e-06
5.048200655 2.858638596653915e-06
5.049551886000001 2.043021150763347e-06
5.050903118 1.1453517204811904e-06
5.052254349 3.8205464830037957e-07
5.053605581 2.6605063277832883e-07
5.054956812 3.876215132243259e-07
5.056308044000001 5.812933666015447e-07
5.057659275 8.963314845330294e-07
5.059010506 8.682060873659118e-07
5.060361737999999 7.445148790762221e-07
5.061712969 1.110263133819944e-06
5.063064201 2.546158325042847e-06
5.064415432 2.7117429244971673e-06
5.065766664 2.74604454250894e-06
5.067117895 1.7831342728962665e-06
5.068469126 8.566959167894007e-07
5.069820358 9.916525845168444e-07
5.0711715889999995 9.51498522526194e-07
5.072522821 7.758439543394953e-07
5.073874052 7.940658093181345e-07
5.075225284 1.3504980192958099e-06
5.076576515 1.4245615952376849e-06
5.0779277469999995 1.3707271734427018e-06
5.0792789780000005 1.1365868254127829e-06
5.080630209 2.943794167632688e-06
5.081981441 2.508738818909114e-06
5.083332671999999 9.008681481138512e-07
5.084683904 5.685590525159129e-07
5.086035135 8.018782695073826e-07
5.087386367 1.236986943600445e-06
5.088737598 1.3617926555071211e-06
5.090088829 1.2419117078656172e-06
5.091440061 5.57634684085241e-07
5.092791292 2.0894152766399026e-07
5.094142524 1.4408444248685637e-08
5.095493755000001 2.691120461562518e-09
5.096844987000001 2.6828674564346987e-09
5.098196218 2.6745865239851558e-09
5.09954745 2.6662778197489013e-09
