Wavelength_microns Throughput
2.0004663860000003 4.703244908785066e-15
2.002074478 6.927983139702924e-16
2.00368257 2.650095833736208e-16
2.005290662 8.373005472375221e-16
2.006898754 4.380344497239876e-15
2.008506846 4.2051020691888254e-15
2.010114938 5.0361560941312205e-15
2.01172303 9.51829592697896e-15
2.013331122 1.6293757135605213e-14
2.014939214 2.3123964745850233e-14
2.016547306 2.9830900975696785e-14
2.018155398 3.493415656594688e-14
2.01976349 3.8506140107808816e-14
2.021371582 4.076839670742192e-14
2.022979674 4.0482817897653646e-14
2.0245877660000002 3.7560352483935974e-14
2.026195858 3.661279658514986e-14
2.027803949 3.6708817424590657e-14
2.029412041 3.526375352089547e-14
2.031020133 3.3048079494915164e-14
2.032628225 3.203285065094872e-14
2.034236317 3.1275311958389075e-14
2.035844409 2.9420285301946314e-14
2.037452501 2.7051476290573997e-14
2.039060593 2.2469707267632116e-14
2.040668685 1.7980808312359452e-14
2.042276777 1.3096567309734201e-14
2.0438848689999998 9.211665595445711e-15
2.045492961 4.992537444079383e-15
2.047101053 2.4279208451538177e-15
2.0487091449999997 2.188518192408751e-15
2.0503172370000002 2.5975606251612257e-15
2.0519253290000004 1.1447388484195248e-15
2.053533421 5.412036638578472e-16
2.055141513 6.72284690503588e-16
2.056749605 1.525404417670145e-15
2.058357697 1.1374034596849781e-15
2.059965788 5.6955057436953985e-16
2.06157388 3.1281347805672745e-16
2.0631819719999998 1.9163284280286712e-16
2.064790064 3.2580695863511175e-16
2.066398156 9.337691718472166e-16
2.068006248 2.5597069713537337e-16
2.06961434 7.928566113291511e-18
2.071222432 8.447585910621172e-18
2.072830524 3.0889044676595467e-16
2.074438616 4.899665341931085e-16
2.076046708 1.6390036101603686e-17
2.0776548 9.162607399751448e-18
2.079262892 4.307925729684643e-16
2.080870984 3.0986518366118985e-15
2.0824790760000003 1.388007463782571e-15
2.084087168 1.300992052003864e-15
2.08569526 2.165334229125326e-15
2.0873033519999997 4.146112264057535e-15
2.088911444 5.2007513590974994e-15
2.090519536 5.216240787388846e-15
2.092127627 1.9766370616716464e-16
2.0937357189999997 7.847604623657913e-18
2.0953438110000002 2.84959801447036e-16
2.0969519030000003 1.1262518840686571e-14
2.098559995 8.58768204499305e-16
2.100168087 2.9980193674786776e-17
2.101776179 3.0965445052319444e-16
2.103384271 1.592145553189721e-14
2.104992363 2.567166554860209e-14
2.1066004549999997 1.1208719776558035e-14
2.1082085470000003 1.2152959869304956e-14
2.109816639 2.610318514570192e-14
2.111424731 3.6218386716535704e-14
2.113032823 2.7547336608611452e-14
2.114640915 9.44434561098471e-15
2.116249007 4.3977857015107404e-16
2.1178570989999996 7.228398721666258e-17
2.1194651909999997 2.3638233963119747e-15
2.1210732830000003 7.692701893017775e-14
2.122681375 2.428030216216135e-15
2.124289466 7.367078902034631e-17
2.125897558 7.576294555422239e-16
2.1275056500000002 2.397206989833348e-14
2.129113742 6.806428665534233e-15
2.130721834 2.0303168654379673e-16
2.1323299259999997 1.9417055236806492e-16
2.133938018 5.452715309118512e-15
2.1355461100000004 3.691768608153934e-14
2.137154202 2.1974673816215075e-14
2.138762294 1.0113681562444619e-14
2.140370386 6.673368663603302e-16
2.141978478 2.6199355727779714e-15
2.14358657 5.3325743905667506e-15
2.1451946619999998 1.919965200853787e-14
2.146802754 2.891996775147399e-15
2.1484108460000004 1.1493601999331902e-16
2.150018938 1.798244794578111e-16
2.15162703 5.679582584405295e-15
2.153235122 1.7587039322635954e-14
2.154843214 5.583434925921984e-16
2.156451305 3.94149395396558e-17
2.158059397 1.1153858270942395e-15
2.159667489 3.390263972894748e-14
2.161275581 1.7249298498906392e-14
2.1628836729999996 8.227668257176162e-15
2.164491765 4.942148005313749e-15
2.1660998570000003 5.296732484645324e-15
2.167707949 1.2987810072781445e-14
2.169316041 1.5567612499301954e-14
2.170924133 1.1909655179750354e-14
2.172532225 7.0880616011173315e-16
2.174140317 4.2868382541738177e-17
2.1757484089999997 8.184107319642562e-16
2.177356501 2.91053716651525e-14
2.1789645930000003 1.1358238101349023e-14
2.180572685 3.4493665190439557e-16
2.182180777 1.2745991574273e-16
2.183788869 3.594647293913493e-15
2.185396961 5.842241163432907e-14
2.187005053 2.24816858566306e-15
2.1886131449999997 8.777341134760668e-17
2.1902212359999997 4.701849300247171e-16
2.191829328 9.113210993198775e-15
2.1934374200000004 3.631894483524722e-14
2.195045512 3.0125672883652334e-14
2.196653604 1.5972236269201603e-14
2.198261696 1.1806313072166475e-15
2.199869788 9.057974350149126e-17
2.20147788 1.3423844820592245e-15
2.203085972 3.9907905034940564e-14
2.204694064 2.822728531341153e-14
2.206302156 1.140185231597764e-15
2.207910248 2.24548001933139e-16
2.2095183400000002 6.5609019125472e-15
2.211126432 1.9191733820476044e-13
2.212734524 1.556595102063991e-14
2.2143426159999997 6.817621656747238e-16
2.215950708 9.945938498250856e-16
2.2175588 2.3748844083298136e-14
2.219166892 2.4537640763221805e-13
2.220774984 1.563813588871334e-13
2.222383075 1.3315366915913935e-13
2.2239911670000003 1.264798252770657e-14
2.225599259 1.084676611986832e-15
2.227207351 2.3915815857784572e-15
2.228815443 5.5020607682369555e-14
2.230423535 6.505415245150754e-13
2.232031627 3.0562719031506133e-14
2.2336397189999997 1.483309854983739e-15
2.2352478110000003 5.83237840630035e-15
2.236855903 1.2423025692674538e-13
2.238463995 3.678998759738695e-13
2.240072087 1.9905175558035798e-14
2.241680179 1.1064297393746506e-15
2.243288271 1.973491087358786e-14
2.2448963629999996 5.455363784744776e-13
2.2465044549999997 1.311176356494563e-12
2.2481125470000003 9.041367647538667e-13
2.249720639 8.165992891838203e-13
2.251328731 7.815355348989988e-13
2.252936823 7.490176977782621e-13
2.2545449140000002 9.959133878906297e-13
2.256153006 1.7343046057250344e-12
2.257761098 1.7996771343874753e-12
2.2593691899999997 1.099763745892849e-13
2.260977282 6.934704780851183e-15
2.262585374 5.424115009167891e-14
2.264193466 1.36715254532119e-12
2.265801558 3.71260934330916e-12
2.2674096500000003 1.7381459468175612e-13
2.269017742 8.273063242488615e-15
2.270625834 9.26437755714344e-14
2.2722339259999997 2.009976112374457e-12
2.273842018 3.290719143255e-12
2.2754501100000004 1.6829009344238803e-13
2.277058202 8.897142430508044e-15
2.278666294 3.615483168593308e-14
2.280274386 4.2304087919638634e-13
2.281882478 1.7491038831138929e-12
2.28349057 1.902305486211431e-12
2.285098662 2.0724417676676483e-12
2.286706753 2.347256751876823e-13
2.288314845 1.3565613725281198e-12
2.2899229369999996 1.7388516653748617e-12
2.291531029 6.734557953752442e-13
2.2931391210000003 1.3275852562746944e-11
2.294747213 9.674796695335786e-13
2.296355305 1.914203783862553e-12
2.297963397 3.042420025487306e-12
2.299571489 1.0367099232240631e-12
2.301179581 1.9722363201728864e-11
2.3027876729999996 8.494262914389622e-12
2.304395765 4.8497053026226166e-12
2.3060038570000003 5.612139744345585e-12
2.307611949 7.772674676981672e-12
2.309220041 1.7551226143172834e-11
2.310828133 1.9072828905426363e-11
2.312436225 1.7740617353268973e-11
2.314044317 8.613157648235369e-12
2.3156524089999997 1.0775050663528822e-12
2.3172605010000003 4.661528098101425e-12
2.318868592 1.5069217337183578e-11
2.3204766840000004 3.152443228503073e-11
2.322084776 7.415764871211621e-11
2.323692868 5.437840077274973e-12
2.32530096 4.420698608645496e-13
2.326909052 9.083813486710787e-13
2.328517144 1.9338685072440017e-11
2.3301252359999998 4.1112863152894374e-10
2.331733328 3.218407208034623e-11
2.33334142 1.8690716614893295e-12
2.334949512 7.351209776921309e-13
2.3365576040000002 1.1363277252617266e-11
2.338165696 1.8843821547218748e-10
2.339773788 1.5086760906634e-10
2.3413818799999997 9.644202497757291e-11
2.342989972 7.789889066635321e-11
2.344598064 7.822332986689737e-11
2.346206156 7.809446977079909e-11
2.347814248 9.584955161438358e-11
2.3494223400000003 1.5519013650548036e-10
2.3510304310000003 3.546894169609667e-10
2.352638523 4.601403321871732e-11
2.354246615 3.285275599126125e-12
2.3558547069999998 6.882312336230775e-13
2.357462799 1.187959853258507e-11
2.359070891 2.0656813864814648e-10
2.3606789829999997 3.5816753450507746e-10
2.3622870750000002 1.423671124618237e-10
2.363895167 7.250388769192088e-11
2.365503259 1.230890310545178e-10
2.367111351 2.890859115272025e-10
2.368719443 6.592543617615008e-10
2.370327535 2.0808555828364172e-10
2.371935627 9.70875229665807e-11
2.3735437189999997 8.77384335133446e-11
2.3751518110000003 1.4681308985177246e-10
2.376759903 2.6252306277607063e-10
2.378367995 3.288334826226576e-10
2.379976087 3.6774794864417355e-10
2.381584179 3.7015908315476876e-10
2.383192271 1.3110358588599947e-10
2.384800362 1.101171788716321e-10
2.3864084539999997 2.7837617724869013e-10
2.388016546 2.2485396357258794e-10
2.389624638 3.1034950026135585e-10
2.39123273 9.160843253050521e-11
2.392840822 7.448781953568123e-12
2.3944489140000003 6.208115391558836e-13
2.396057006 6.136493623943134e-12
2.397665098 1.0323092645178615e-10
2.3992731899999997 7.406853537311785e-10
2.400881282 4.4086043087478424e-11
2.4024893740000004 2.6533809536379697e-12
2.404097466 1.3316011823365883e-12
2.405705558 1.7562948436641042e-11
2.40731365 2.3215458400973615e-10
2.408921742 6.16441020995142e-10
2.410529834 6.219519760835323e-10
2.4121379259999998 6.2940864379907e-10
2.413746018 6.87828223768917e-11
2.41535411 5.043689827010587e-12
2.416962201 4.998124371368822e-13
2.418570293 7.563125579737047e-12
2.4201783850000003 1.150225325165322e-10
2.421786477 4.4317167620705664e-10
2.423394569 2.971231109927119e-11
2.425002661 2.004134579530565e-12
2.426610753 1.5038946146326346e-12
2.428218845 2.3171782897708904e-11
2.4298269369999996 3.565585773701013e-10
2.431435029 1.8281032874941594e-10
2.4330431210000003 1.1920231488001397e-11
2.434651213 7.835046154579082e-13
2.436259305 3.239646757893492e-12
2.4378673969999998 4.0568957448635494e-11
2.439475489 5.121539418410193e-10
2.441083581 2.898583698246148e-10
2.4426916729999997 1.9046247646007896e-10
2.4442997650000002 1.259823970750264e-10
2.4459078570000004 1.4352642503711502e-11
2.447515949 1.8676599644888517e-12
2.44912404 8.170113018000567e-13
2.450732132 1.0832607620196635e-11
2.452340224 1.4680800299676482e-10
2.453948316 3.1396850528607965e-10
2.455556408 2.3341019810045634e-11
2.4571644999999998 1.7815547835172933e-12
2.458772592 1.6576171511470385e-12
2.460380684 2.5494823726720154e-11
2.461988776 3.9636097784522096e-10
2.463596868 4.089287736182319e-10
2.46520496 7.11667878140302e-11
2.466813052 1.491495340815179e-11
2.468421144 2.4556651272389812e-11
2.470029236 1.2321516011606715e-10
2.471637328 8.115022747371216e-10
2.47324542 8.740606521146186e-10
2.474853512 5.145332434344409e-10
2.4764616040000003 3.247411562770516e-10
2.478069696 2.5730368774266245e-10
2.479677788 2.2071061097629523e-10
2.481285879 1.9204552851867523e-10
2.4828939709999998 2.6658526578617976e-10
2.484502063 4.338970506623016e-10
2.486110155 9.046811160767084e-10
2.4877182469999997 9.247034715739909e-11
2.489326339 7.22931675114316e-12
2.4909344310000003 5.680131984786419e-13
2.492542523 6.4299208813362175e-12
2.494150615 3.421524603189748e-09
2.495758707 4.936661468384124e-08
2.497366799 3.882023825111895e-09
2.498974891 2.822407488797495e-10
2.499778162 2.0592159401181753e-11
2.5005829829999997 2.2932942590577618e-10
2.5011293930000003 8.909464939703488e-09
2.5021910750000003 2.0753101070474048e-08
2.502480624 2.652034872885291e-09
2.5038318559999997 8.78071563161465e-09
2.505183087 1.5271980754815896e-10
2.506534319 4.003122818317672e-09
2.50788555 2.056776615857182e-09
2.509236782 1.269529914795586e-09
2.510588013 2.399737823567448e-09
2.511939244 2.2316658463400454e-09
2.5132904760000003 1.6514598328931395e-09
2.514641707 1.347174398221889e-09
2.515992939 8.107488461410974e-10
2.51734417 1.9440197182986897e-09
2.5186954019999996 9.510164328399787e-10
2.5200466329999998 1.118522913516596e-09
2.521397865 2.480288581286748e-09
2.522749096 1.1337066569473896e-09
2.524100327 1.6897938257680223e-09
2.525451559 2.60092583515276e-10
2.52680279 9.28566015452687e-10
2.5281540220000003 1.024467880456661e-10
2.529505253 3.705621930772458e-11
2.5308564849999997 6.836042321716364e-10
2.532207716 6.68294175554245e-10
2.533558948 1.2569157249760537e-09
2.534910179 6.332099810018661e-10
2.5362614100000003 2.8525244774305644e-10
2.537612642 3.2093377927897363e-10
2.538963873 4.707808079876475e-10
2.5403151050000004 5.108964679475221e-10
2.5416663359999996 3.6063894429975735e-10
2.5430175680000002 4.760784143219426e-10
2.544368799 2.74321024794876e-10
2.54572003 3.1262592632274824e-11
2.547071262 1.329347112129351e-10
2.548422493 2.4038622832976734e-10
2.549773725 2.470444513930122e-10
2.551124956 2.4389712388168637e-10
2.552476188 2.1007363508611117e-10
2.553827419 2.0360703659227515e-10
2.5551786510000003 1.042576469960745e-10
2.556529882 1.1382762488954648e-10
2.557881113 1.213427450871376e-10
2.559232345 8.374272891659219e-11
2.560583576 6.279797366100827e-11
2.561934808 1.6020397202770367e-11
2.5632860390000003 4.313847733743583e-11
2.564637271 1.909430065435687e-11
2.565988502 2.2244008913418956e-11
2.567339733 1.9172690865971692e-11
2.5686909649999996 8.718659681829227e-12
2.5700421959999997 4.796577107226226e-12
2.571393428 1.2548782181876639e-11
2.572744659 1.3170129513921981e-11
2.574095891 1.5738992149863745e-11
2.575447122 6.193922003332933e-12
2.576798354 1.0353402705014467e-11
2.5781495850000002 2.879152746916203e-11
2.5795008160000004 2.226717494804148e-11
2.580852048 1.6320484374707444e-11
2.582203279 3.971373750364646e-11
2.583554511 2.866895454028336e-11
2.584905742 1.1101879159463722e-11
2.586256974 7.099479695362033e-14
2.587608205 7.520666755492349e-12
2.588959437 1.1355013999066379e-11
2.590310668 1.333835478378213e-12
2.591661899 7.97714842340896e-12
2.593013131 7.655188572843903e-12
2.594364362 1.8617627430601938e-11
2.5957155939999996 8.009253762374508e-12
2.5970668249999997 1.9974026189541598e-11
2.598418057 1.0635844183813887e-11
2.599769288 3.06059281111808e-12
2.601120519 1.5347686722384745e-11
2.602471751 5.985415894437508e-12
2.603822982 8.657630188440966e-12
2.6051742140000003 1.367776008318835e-11
2.6065254450000004 2.5492320905096905e-11
2.607876677 2.5874011882566315e-11
2.609227908 1.825343382602204e-11
2.61057914 1.5189203445384557e-11
2.611930371 1.3378110938915848e-11
2.613281602 1.8408126670489554e-12
2.614632834 1.3155359091256765e-11
2.615984065 1.61251398657217e-11
2.617335297 1.9616195395048365e-11
2.618686528 1.6866660822809037e-11
2.62003776 2.4194663083946346e-11
2.621388991 3.676991155208365e-11
2.622740222 1.0985972029689448e-11
2.6240914539999998 5.41534700992595e-12
2.625442685 1.497191424591421e-11
2.626793917 1.2702670069158843e-11
2.628145148 2.5681092649580824e-11
2.62949638 2.335165703583232e-11
2.630847611 2.5439605970454007e-11
2.6321988430000003 1.1586558584540564e-11
2.6335500740000004 1.9770721746713967e-12
2.634901305 3.007042496849866e-12
2.636252537 1.0245263071794675e-11
2.637603768 8.564749834063845e-12
2.6389549999999997 4.64636966774358e-12
2.640306231 3.579171262948607e-12
2.641657463 3.73801058104545e-12
2.643008694 3.4647312951912924e-12
2.6443599250000003 7.0191397804225266e-12
2.645711157 9.999922266990794e-12
2.6470623879999997 1.709647169970099e-11
2.64841362 2.7026565398089116e-12
2.649764851 1.710680666506212e-11
2.651116083 1.7597126544404365e-11
2.652467314 8.606801820880047e-12
2.653818546 8.36575511048673e-12
2.6551697770000002 2.2484701686086528e-11
2.6565210080000004 4.141047245018539e-12
2.65787224 1.0989572689457638e-11
2.659223471 8.50679203934286e-12
2.6605747030000004 2.4424783051027473e-12
2.6619259339999997 1.352185836314405e-11
2.663277166 2.5458715854645616e-11
2.664628397 2.692020192547852e-11
2.6659796289999997 2.272207339066593e-11
2.66733086 3.852031957167334e-11
2.668682091 5.285133143992617e-11
2.670033323 2.6184921421345904e-11
2.6713845540000003 1.992889453488765e-11
2.672735786 7.256799289068471e-12
2.6740870169999997 7.586683629989437e-14
2.675438249 2.88280043206901e-13
2.67678948 1.1264729452296294e-11
2.678140711 5.89205735814938e-12
2.679491943 1.0719361197068132e-11
2.680843174 1.1815881172534687e-11
2.6821944060000003 3.2291802754413343e-12
2.6835456370000004 3.465489840213986e-12
2.684896869 2.5572112558961314e-12
2.6862481 1.2993800698612916e-12
2.6875993319999996 9.821262047623051e-12
2.6889505629999997 4.1059170030053324e-14
2.690301794 1.0837892197672071e-11
2.691653026 1.7574070734109795e-11
2.693004257 5.9966885716738235e-12
2.694355489 2.5921965984683073e-12
2.69570672 2.7532885150069626e-13
2.697057952 5.4270318904291334e-12
2.6984091830000003 8.32263222280393e-12
2.699760414 2.425634752336334e-12
2.7011116459999998 1.2086383122065062e-12
2.702462877 7.605270379935568e-12
2.703814109 9.459904487597078e-12
2.70516534 6.142544869698267e-12
2.706516572 4.053122346347109e-12
2.707867803 3.4113004581761966e-12
2.7092190350000003 8.069196200505565e-12
2.7105702660000004 1.055654890041926e-11
2.7119214969999996 2.0747749529357272e-13
2.713272729 3.823287723042065e-12
2.71462396 4.773758582916296e-12
2.7159751919999997 5.410324391307747e-12
2.717326423 1.6652181649148428e-14
2.718677655 4.2065309160967715e-12
2.720028886 1.8331354979774734e-14
2.7213801170000003 3.9449641685133705e-13
2.722731349 5.995351527548456e-14
2.7240825799999997 1.3903482152992992e-14
2.7254338120000003 5.378878557423108e-14
2.726785043 1.7472480476203773e-14
2.7281362749999998 3.482881398595691e-14
2.729487506 6.123743555756702e-13
2.730838738 5.010831982596004e-12
2.732189969 1.2583340630445015e-11
2.7335412000000003 2.3540256892205196e-11
2.734892432 9.50739458998414e-13
2.736243663 5.699143165066234e-13
2.737594895 9.731511613938712e-12
2.7389461259999996 1.6112020009934086e-11
2.740297358 1.0798822660361175e-11
2.741648589 1.9103080537959948e-14
2.7429998209999997 1.2577511943692146e-12
2.744351052 2.7875055625908136e-14
2.745702283 6.839835201007368e-14
2.747053515 1.666166244476926e-11
2.7484047460000003 8.280225520891828e-12
2.749755978 1.941366672446452e-11
2.7511072089999997 2.536407845734193e-11
2.7524584410000004 8.933951641361335e-13
2.753809672 6.412218764416204e-12
2.755160903 4.775854697014843e-12
2.756512135 1.2214568083842214e-12
2.757863366 3.405125034297228e-12
2.7592145980000002 4.164357643031859e-12
2.760565829 1.933205006313617e-12
2.761917061 1.9893930207090095e-12
2.7632682920000002 1.9991684121171815e-12
2.764619524 3.4649425165099327e-12
2.7659707549999997 1.30734241669112e-11
2.767321986 1.2538526072969835e-11
2.768673218 2.0895110002662143e-11
2.770024449 1.0320802194406496e-11
2.771375681 5.125431616445605e-12
2.772726912 2.819359872928605e-14
2.774078144 6.7970510029837776e-12
2.7754293750000003 1.6218223758623703e-12
2.776780606 2.0394257319113632e-14
2.7781318379999997 1.654962505227327e-11
2.779483069 8.08318714015421e-12
2.780834301 1.3479429730546614e-11
2.782185532 6.520155153781675e-12
2.783536764 1.1950596528310683e-11
2.784887995 1.343917262777863e-11
2.786239227 7.090084681115241e-12
2.787590458 8.357516356715906e-13
2.788941689 6.367323527272079e-13
2.7902929210000003 1.8988074171165832e-12
2.791644152 4.344079385748263e-12
2.7929953839999997 4.661391185845849e-12
2.794346615 2.356787253345368e-12
2.795697847 4.126430403127825e-13
2.797049078 3.721211731861427e-12
2.7984003090000003 4.603282428298716e-12
2.799751541 1.0514410376324817e-14
2.801102772 2.2025189124246984e-14
2.8024540040000003 1.9715538243049686e-12
2.803805235 1.7507494508801507e-14
2.8051564669999998 8.123134310205603e-12
2.806507698 9.390563562441787e-12
2.80785893 2.060258802335558e-11
2.8092101609999998 2.8577271160881205e-11
2.810561392 8.637050208597147e-12
2.811912624 4.550417288467967e-13
2.813263855 2.1370231068023278e-14
2.814615087 2.157064927731598e-14
2.8159663179999996 6.976946527858318e-14
2.8173175500000003 2.6444976573027078e-14
2.818668781 6.802384643328238e-12
2.8200200129999997 9.505310922018379e-12
2.821371244 4.215239110255788e-12
2.822722475 5.874330538408923e-12
2.824073707 2.5768980051525013e-12
2.8254249380000003 3.147684785922821e-12
2.82677617 4.3459659781472114e-12
2.828127401 8.624285435558312e-12
2.8294786330000004 1.3857390023263922e-11
2.830829864 1.0725679599042842e-11
2.8321810949999997 2.731009067205557e-12
2.833532327 5.736169995889946e-14
2.834883558 8.03834356168882e-15
2.83623479 5.3644651450911484e-15
2.837586021 4.028858398454941e-15
2.838937253 2.8176150064570245e-14
2.8402884840000002 4.537902639060185e-13
2.841639716 4.792897170120939e-12
2.8429909469999997 4.877318844773233e-12
2.8443421779999998 8.697679980885871e-14
2.84569341 1.0006859897380152e-14
2.847044641 1.153277296427868e-14
2.848395873 1.3269944167265171e-14
2.849747104 4.957884318074745e-12
2.851098336 1.5787631029330084e-14
2.8524495670000003 1.3966843920439392e-14
2.8538007980000004 2.398175466018162e-13
2.85515203 5.243637618565199e-12
2.856503261 3.487697207275978e-12
2.8578544929999996 7.623205499548541e-12
2.8592057239999997 1.274611327616307e-11
2.860556956 6.62989529100302e-12
2.861908187 2.032386979712133e-12
2.863259419 9.137070791315019e-13
2.86461065 6.324058369190953e-13
2.865961881 1.9170749062321658e-12
2.8673131130000002 3.861875388852943e-12
2.868664344 1.029118803388884e-12
2.8700155759999997 9.871158479960146e-15
2.871366807 9.148402185237264e-13
2.872718039 1.0641295816964708e-11
2.87406927 1.6711293367343916e-12
2.8754205010000002 1.959263575905436e-12
2.876771733 9.55657510558545e-15
2.878122964 1.1973818811049982e-13
2.8794741960000003 1.265231171918059e-13
2.8808254270000004 1.570727897189757e-13
2.882176659 2.1267604453634333e-12
2.88352789 2.8539959524367775e-13
2.8848791219999996 3.5177726728517916e-15
2.8862303529999997 2.8214350166663628e-14
2.887581584 8.84732595021718e-13
2.888932816 1.7601136815686883e-12
2.890284047 3.5355828409705197e-12
2.891635279 7.601697812565132e-13
2.89298651 7.61900632205838e-14
2.8943377420000003 3.2095480755730915e-14
2.895688973 7.065887336859508e-13
2.8970402049999997 3.908624475549446e-15
2.898391436 5.529243958390549e-14
2.899742667 1.7591120310243694e-12
2.901093899 4.3811630990751385e-15
2.9024451300000003 2.5144649551402223e-13
2.903796362 3.864064280616613e-13
2.905147593 1.5898469246195678e-13
2.9064988250000003 4.208862991572785e-14
2.907850056 1.767806430903685e-12
2.9092012869999997 1.3016737111635703e-14
2.910552519 4.332223901239977e-13
2.91190375 4.468789332930131e-12
2.9132549819999998 7.589451964895499e-12
2.914606213 7.51175127747873e-12
2.915957445 3.844899208172181e-12
2.917308676 6.158290929599569e-12
2.918659908 4.179565425346262e-12
2.920011139 3.4507778651028756e-12
2.9213623699999998 4.284571049508934e-12
2.922713602 3.690345606627308e-12
2.924064833 7.879670889463611e-12
2.925416065 1.1954867539776936e-11
2.926767296 1.1266143907998745e-11
2.928118528 1.5467054628476987e-11
2.9294697590000003 8.702749749701629e-12
2.93082099 1.2443738001314531e-11
2.932172222 7.248798216114905e-12
2.933523453 4.671961721841381e-12
2.934874685 1.321029388240345e-12
2.9362259159999997 2.877524507665096e-13
2.937577148 8.22047976569248e-12
2.938928379 9.28087981306947e-12
2.940279611 7.760174279999016e-12
2.941630842 5.210164155948693e-12
2.942982073 9.704046477559631e-12
2.9443333050000002 1.548840044114275e-11
2.9456845360000004 1.6387622982570473e-11
2.947035768 1.7804678521900478e-11
2.948386999 1.76318749046475e-11
2.949738231 9.638510409119773e-12
2.951089462 5.179316742130926e-13
2.952440694 3.2117565394804167e-12
2.953791925 1.2054295009095456e-12
2.955143156 8.095197272317375e-12
2.956494388 1.8345532048447548e-11
2.957845619 2.2671994467667208e-11
2.959196851 2.2818098376328966e-11
2.960548082 6.967400011085515e-12
2.9618993139999996 7.037809103596518e-12
2.9632505449999997 5.053861135114136e-13
2.964601776 6.210021474061352e-12
2.965953008 2.1265300916506448e-14
2.967304239 1.9834380288826615e-14
2.968655471 1.8874844671302283e-14
2.970006702 6.578052441748089e-13
2.9713579340000003 5.117103691054274e-12
2.9727091650000004 1.0772708775971268e-12
2.974060397 8.761286884717275e-13
2.975411628 4.508912660135791e-12
2.976762859 1.3158804500172471e-11
2.978114091 5.0277701340309186e-12
2.979465322 3.665409922799155e-12
2.980816554 1.9855514973311178e-11
2.982167785 2.312713721062897e-11
2.983519017 2.1504001581351662e-11
2.984870248 1.7620094726186654e-11
2.9862214789999997 1.8667150376295946e-11
2.987572711 1.3274757287170835e-11
2.988923942 1.3703122967989157e-11
2.9902751739999998 3.0757093008084927e-13
2.991626405 3.707400849789988e-12
2.992977637 2.962276765862585e-13
2.994328868 6.03022794757118e-12
2.9956801 4.162213292540188e-12
2.997031331 6.179929245159329e-13
2.9983825619999998 9.175474898224287e-13
2.9997337940000004 7.729370997028207e-12
3.001085025 1.0745761141776606e-11
3.002436257 7.245825201461767e-12
3.003787488 1.689870989557599e-11
3.0051387199999997 3.0252040879530046e-12
3.006489951 2.16327403991883e-12
3.007841182 1.484786536022477e-12
3.009192414 1.3138919425769661e-11
3.0105436450000003 1.3899507926732106e-11
3.011894877 1.3792010730079689e-11
3.0132461079999997 2.46812783559597e-11
3.01459734 2.958623838163476e-11
3.015948571 1.1334114947587145e-11
3.017299803 1.1635047719858138e-12
3.018651034 1.693033976358876e-14
3.020002265 4.253294671896637e-13
3.021353497 1.9424843557758546e-12
3.0227047280000003 3.705495187836833e-13
3.02405596 4.240428046799366e-12
3.0254071909999998 9.719607353548696e-12
3.0267584230000004 4.209654491296078e-12
3.0281096539999997 1.4072469914301717e-12
3.029460886 6.012511783570116e-12
3.030812117 8.667396340107686e-12
3.032163348 4.5820674711612525e-12
3.03351458 2.6705063532632497e-12
3.034865811 1.6262685075455161e-12
3.036217043 2.2944595075095023e-12
3.0375682740000003 5.705026693592635e-14
3.038919506 2.0843034356997257e-12
3.0402707369999997 4.565186531205546e-12
3.041621968 4.768129555392692e-12
3.0429732 3.0647471049883694e-12
3.044324431 1.4467656277002714e-11
3.045675663 1.3205596023830133e-11
3.047026894 1.5370904383271603e-11
3.0483781260000002 1.5159018045517004e-11
3.0497293570000004 1.8787752537827592e-11
3.051080589 1.1392457665156526e-11
3.05243182 1.0363676251999129e-11
3.053783051 3.780983746087727e-12
3.0551342829999997 1.145029670710498e-11
3.056485514 1.687888491901121e-11
3.057836746 1.7832467457442324e-11
3.059187977 8.564272491307104e-12
3.060539209 1.2257484110606087e-11
3.06189044 1.1922057602281873e-11
3.063241671 1.330619526748476e-11
3.0645929030000003 7.914022774802338e-12
3.065944134 9.892349160720088e-12
3.0672953659999997 3.0333386017743344e-12
3.068646597 5.7232845068140885e-12
3.069997829 9.307590606140945e-12
3.07134906 1.0189050135652523e-11
3.072700292 3.0754287510704844e-12
3.074051523 1.702310354171004e-12
3.075402754 8.655810876735844e-13
3.0767539860000004 1.6866340134335858e-12
3.0781052169999996 2.5246014294984594e-12
3.079456449 2.128803639158736e-12
3.08080768 1.3516161573745406e-12
3.0821589119999997 1.958628386096963e-12
3.083510143 5.102174961208446e-12
3.084861374 2.6707542535613895e-12
3.086212606 1.870894254792505e-14
3.0875638370000003 4.148720771412778e-12
3.088915069 6.437621262822046e-12
3.0902662999999997 2.5892247117295564e-12
3.0916175320000003 1.3414368408224077e-12
3.092968763 1.6953558348663021e-12
3.0943199949999998 1.2451239984190736e-12
3.095671226 2.1391997325540856e-13
3.097022457 1.3578878918136195e-13
3.098373689 6.676196779744227e-15
3.0997249200000003 3.4464949671056323e-13
3.101076152 1.9397824029552975e-14
3.102427383 9.831650450536992e-15
3.103778615 3.6045366058867095e-13
3.1051298459999996 1.8086478833640431e-13
3.106481078 2.062886057069381e-15
3.107832309 1.1349440290169982e-13
3.10918354 3.5538182623380727e-13
3.110534772 5.496886418438913e-13
3.111886003 2.9656456035695937e-13
3.113237235 2.8232941792202117e-13
3.1145884660000003 1.219592233707168e-13
3.115939698 1.6421272958520834e-13
3.1172909289999997 9.894388888248557e-14
3.11864216 7.33182797317817e-14
3.119993392 8.459496230751893e-14
3.121344623 7.182396544322755e-14
3.122695855 1.1530588127210485e-13
3.124047086 6.485886668524792e-14
3.1253983180000002 7.312731132637476e-14
3.126749549 7.621768219137802e-13
3.128100781 2.5224289452123537e-12
3.1294520120000002 2.8563640497870067e-12
3.130803243 4.439862791861464e-12
3.1321544749999997 4.9338157992082146e-12
3.133505706 7.619602609178682e-12
3.134856938 5.5915752316177825e-12
3.136208169 2.681102116049693e-12
3.137559401 2.3615644252703503e-12
3.138910632 1.2664752295951167e-12
3.140261863 8.402910370649982e-13
3.1416130950000003 7.551403992737708e-13
3.142964326 6.5189549985755294e-12
3.1443155579999997 1.041813729777465e-11
3.145666789 1.0623185864795486e-11
3.147018021 1.0107009853659042e-11
3.148369252 1.5178073604350158e-11
3.149720484 1.6631632164096006e-11
3.151071715 1.6244290391667763e-11
3.152422946 1.1579543133377124e-11
3.153774178 8.216014637392574e-12
3.155125409 1.904429203546901e-12
3.1564766410000002 1.0536813486624959e-11
3.157827872 9.993530276472707e-12
3.1591791039999997 9.213467835208954e-12
3.160530335 8.582836844086302e-12
3.161881566 7.478809614392276e-12
3.163232798 5.855168353689869e-12
3.1645840290000002 1.5860615249174559e-12
3.165935261 1.958580251033972e-12
3.167286492 1.0559884000324734e-12
3.1686377240000003 6.010474685678306e-14
3.169988955 3.6712504811891964e-14
3.1713401869999998 2.740376701437625e-14
3.172691418 3.454223832322875e-14
3.174042649 5.681019301542438e-14
3.1753938809999998 3.772857688643356e-14
3.176745112 2.8843594209073235e-14
3.178096344 3.1573407960033224e-14
3.179447575 2.5487996443888612e-14
3.180798807 4.486467471508591e-14
3.182150038 7.985745388037172e-14
3.1835012700000003 6.913676924740125e-14
3.184852501 4.85625729831925e-14
3.186203732 2.637127947182963e-14
3.187554964 1.3645356442256149e-14
3.188906195 3.8101133619982485e-14
3.190257427 1.6026150771199458e-13
3.1916086580000003 1.0052656991371852e-13
3.19295989 6.751416923383897e-14
3.194311121 1.700056462552066e-13
3.195662352 3.1137302902692666e-13
3.197013584 1.6031927337656684e-12
3.1983648149999997 2.274357567505078e-12
3.199716047 2.6396886277638617e-12
3.201067278 1.4025580729928876e-12
3.2024185099999998 1.451666695783666e-12
3.203769741 2.419900398242339e-12
3.205120973 1.441365382655901e-12
3.206472204 1.1053820463620308e-12
3.207823435 1.5257604433627193e-12
3.209174667 6.349001952917432e-13
3.2105258979999998 2.2427225145184402e-13
3.21187713 4.3009651529246937e-13
3.213228361 1.880241742698732e-12
3.214579593 6.7992997983215696e-12
3.215930824 1.4103627245294176e-11
3.217282055 1.873432847098469e-11
3.2186332870000003 1.6604779172368858e-11
3.2199845180000004 1.411657310273525e-11
3.22133575 1.2219595466394238e-11
3.222686981 7.625901540877485e-12
3.2240382129999996 6.5063793450886975e-12
3.2253894439999997 6.917701156788384e-12
3.226740676 4.201258995575471e-12
3.228091907 3.1205249096684143e-12
3.229443138 5.435569767993214e-13
3.23079437 7.086755660624781e-14
3.232145601 2.4734861005205723e-14
3.2334968330000002 2.322736741792996e-13
3.234848064 1.9244939500165907e-12
3.2361992959999997 3.785070428828609e-12
3.237550527 4.164003088410504e-12
3.238901759 4.033600393633613e-12
3.24025299 2.534628509579204e-12
3.2416042210000002 4.64701951876085e-12
3.242955453 3.573530842233311e-12
3.244306684 2.1872609550047834e-12
3.2456579160000003 3.3707944529625972e-12
3.2470091470000004 2.8289816280346757e-12
3.248360379 2.151752286350833e-12
3.24971161 6.360614403995878e-12
3.251062841 1.4019010135426428e-11
3.2524140729999997 1.7811304343520862e-11
3.253765304 2.3080448567243518e-11
3.255116536 2.183464833828298e-11
3.256467767 1.4372347081135584e-11
3.257818999 1.75827116878241e-11
3.25917023 2.4032284777329158e-11
3.2605214620000003 1.4729984109561046e-11
3.261872693 1.1339560160311396e-11
3.263223924 1.5937484460585646e-11
3.264575156 1.3853433866290215e-11
3.265926387 1.842419963554152e-11
3.267277619 1.7782493735598355e-11
3.2686288500000003 1.4114189605810201e-11
3.269980082 5.111499666657985e-12
3.271331313 5.806662393033737e-12
3.272682544 1.1785398168061752e-11
3.274033776 1.106594845591344e-11
3.2753850069999997 5.666460763580247e-12
3.276736239 3.176425778623577e-12
3.27808747 5.413576929399958e-12
3.2794387019999998 4.91504837835311e-12
3.280789933 3.4533983474139108e-12
3.282141165 5.300256586754516e-12
3.283492396 3.900447201969651e-12
3.2848436270000003 1.503597178686445e-12
3.286194859 9.302016479947603e-13
3.2875460899999998 4.660415277895691e-13
3.288897322 2.2736458007860996e-15
3.290248553 4.310055835358373e-16
3.291599785 1.3286353503507614e-14
3.292951016 6.747637609414973e-13
3.294302247 8.138241691748739e-13
3.2956534790000003 7.7081773596858e-13
3.29700471 3.0028569500218834e-12
3.298355942 4.939122921551907e-12
3.299707173 2.847434992587492e-12
3.301058405 1.0977968794449564e-12
3.3024096359999997 1.7021694194350082e-12
3.303760868 3.622151296535165e-12
3.305112099 5.4331724880088e-12
3.30646333 4.9297488446624465e-12
3.307814562 5.577654625364735e-12
3.309165793 7.575159223589723e-12
3.3105170250000002 5.42187208743934e-12
3.3118682560000003 3.74180980261531e-12
3.313219488 6.384127051391199e-12
3.3145707189999998 1.0485986997032754e-11
3.315921951 4.071415301382255e-12
3.317273182 7.042330348661655e-15
3.318624413 1.0415497210775929e-13
3.319975645 1.9024504288327596e-12
3.321326876 2.824040148819393e-13
3.322678108 2.248768723207647e-13
3.324029339 3.024498088116156e-13
3.325380571 3.0428996739486676e-13
3.326731802 1.296662861790638e-13
3.328083033 1.4065734960826885e-13
3.3294342649999997 3.525261753175873e-13
3.330785496 4.523515164758619e-13
3.332136728 3.820938382750875e-13
3.333487959 2.206489500179843e-13
3.334839191 1.3372162736035691e-13
3.336190422 4.905784293124539e-13
3.3375416540000002 6.594927433032872e-13
3.3388928850000004 1.4088923159177915e-12
3.340244116 1.7395537321504052e-12
3.341595348 1.6734469049560491e-12
3.342946579 1.2776606857658936e-12
3.344297811 1.0590595665175095e-12
3.345649042 9.224254714516542e-13
3.347000274 3.309034150615445e-14
3.348351505 3.8507611363405524e-14
3.3497027360000002 2.432787442002837e-14
3.351053968 1.643690480921069e-14
3.3524051989999997 2.094006614423126e-14
3.353756431 2.948370060803331e-15
3.355107662 1.2023453294288976e-14
3.3564588939999997 6.112773495189917e-14
3.357810125 9.177162259100278e-13
3.359161357 6.99022717637916e-13
3.360512588 5.100278004390551e-13
3.3618638190000003 2.838435305850008e-13
3.363215051 1.3196772506547572e-13
3.3645662819999997 1.3612117883447855e-13
3.3659175140000004 1.9262851407245066e-13
3.367268745 1.557462537629789e-13
3.368619977 1.1430238065495686e-13
3.369971208 1.2848853698045172e-13
3.371322439 9.557753817295925e-14
3.372673671 2.2503385920869584e-15
3.374024902 3.398563845637636e-14
3.375376134 1.2211344942209316e-12
3.3767273650000003 1.0550928766249568e-13
3.378078597 6.131941285284273e-13
3.3794298279999997 1.2045975075662838e-14
3.38078106 5.618007564220807e-15
3.382132291 5.6325494063625195e-15
3.383483522 5.642903911246308e-15
3.384834754 5.2436232903057436e-15
3.386185985 5.3465090550273956e-14
3.387537217 2.256740192524511e-14
3.3888884480000003 2.720536815653491e-13
3.39023968 2.404845973209083e-13
3.3915909109999998 7.344853558891175e-14
3.3929421430000004 3.5925087431676097e-14
3.3942933739999996 1.3302406603057057e-12
3.3956446049999998 1.8184570416517051e-12
3.396995837 6.167778015691661e-13
3.398347068 1.3223200355184125e-13
3.3996983 8.758772868357024e-13
3.401049531 4.153399932981481e-12
3.402400763 5.1269453615783575e-12
3.4037519940000003 2.2675426498793877e-12
3.405103225 5.099696005140228e-12
3.4064544569999997 9.862814991343652e-12
3.407805688 1.2109500111787592e-11
3.40915692 8.378270322280287e-12
3.410508151 2.3839607557049067e-12
3.411859383 2.0886662697914566e-12
3.413210614 1.4168091404758502e-11
3.4145618460000002 5.3107752456813205e-12
3.4159130770000004 2.0099778474646004e-12
3.4172643079999996 8.63700664073941e-13
3.41861554 3.6887199260927646e-12
3.419966771 9.527091693933827e-12
3.4213180029999997 1.2151821279655633e-11
3.422669234 9.906999733086799e-12
3.424020466 6.2563494830462506e-12
3.425371697 4.206396345180036e-12
3.4267229280000002 3.6019418180256365e-12
3.42807416 3.569789594533964e-12
3.429425391 4.871445494442295e-12
3.4307766230000003 7.066479929596885e-12
3.432127854 9.509261272320373e-12
3.4334790859999997 1.6598334615940434e-11
3.434830317 3.0490065937658185e-11
3.436181549 5.1698999666294265e-11
3.43753278 8.86169801843829e-11
3.4388840110000003 1.2642275123284468e-10
3.440235243 1.5880329552077144e-10
3.441586474 2.1930367434692368e-10
3.4429377060000004 2.7096520430602937e-10
3.4442889369999996 2.7493289371250876e-10
3.445640169 2.494291262467436e-10
3.4469914 2.259508261323065e-10
3.448342631 2.0331443437707163e-10
3.449693863 1.5965968376794052e-10
3.451045094 1.2937271472509326e-10
3.452396326 1.0622238547468267e-10
3.4537475570000002 8.084237897788026e-11
3.455098789 6.737326420445668e-11
3.45645002 6.754510666898175e-11
3.4578012520000003 6.769154633983652e-11
3.459152483 8.225193176096882e-11
3.460503714 9.332732493664702e-11
3.461854946 1.0498621034995061e-10
3.463206177 9.240350221487177e-11
3.464557409 8.580215229336917e-11
3.4659086400000003 1.0200834684896044e-10
3.467259872 1.4466727075145827e-10
3.468611103 1.736980984343916e-10
3.469962335 1.6524488622981614e-10
3.4713135659999996 1.5793444817517736e-10
3.4726647969999997 1.3673703074211756e-10
3.474016029 1.5459881481698594e-10
3.47536726 1.761160602699216e-10
3.476718492 1.693968160530713e-10
3.478069723 1.284253269540105e-10
3.479420955 8.621165080580579e-11
3.4807721860000003 6.520289165538828e-11
3.482123417 7.481851896583659e-11
3.483474649 7.168686568895657e-11
3.48482588 5.377354328803145e-11
3.486177112 3.732217219783372e-11
3.487528343 3.3675549983063765e-11
3.488879575 3.4799913577262434e-11
3.490230806 3.577377957702773e-11
3.491582038 3.2708842033315894e-11
3.492933269 2.6090058028466282e-11
3.4942845 2.4933064277864695e-11
3.495635732 2.2136716162999366e-11
3.496986963 1.71549798068901e-11
3.4983381949999997 1.173371334005576e-11
3.4996894259999998 9.421587675790699e-12
3.501040658 1.0797469568105139e-11
3.502391889 1.131722888775197e-11
3.50374312 1.0141964490229134e-11
3.505094352 9.12526627607054e-12
3.506445583 7.467428954330942e-12
3.5077968150000003 8.325806097248202e-12
3.509148046 1.113905242420172e-11
3.5104992779999997 1.520705820153591e-11
3.511850509 1.5684292031356876e-11
3.513201741 1.4325045284595735e-11
3.514552972 1.617412935317957e-11
3.515904203 1.9860168261762303e-11
3.517255435 2.192498678623283e-11
3.518606666 2.0532607046596724e-11
3.519957898 1.5280658263029954e-11
3.521309129 1.1751761605080292e-11
3.5226603610000002 1.2920297727167317e-11
3.524011592 1.3972575211197951e-11
3.5253628239999997 1.5690946184935865e-11
3.526714055 2.3672318331918006e-11
3.528065286 3.785194587486611e-11
3.529416518 5.483450943856409e-11
3.5307677490000002 4.545339057861593e-11
3.532118981 3.142026971145552e-11
3.533470212 2.305441949374091e-11
3.5348214440000003 1.668399115920723e-11
3.536172675 1.2606812571385243e-11
3.537523906 9.587080906547064e-12
3.538875138 5.223441020371573e-12
3.540226369 2.2691992803125352e-12
3.5415776009999997 2.561605086153659e-12
3.542928832 2.1002745785158824e-12
3.544280064 1.222971762719765e-12
3.545631295 1.2986088701028858e-12
3.546982527 3.7032709513437755e-12
3.548333758 7.095052674894663e-12
3.5496849889999997 1.47503923290962e-11
3.551036221 2.1886013687974042e-11
3.552387452 1.9877879316836994e-11
3.553738684 1.9012140639399545e-11
3.555089915 2.1319852961947833e-11
3.556441147 2.1956957623290727e-11
3.5577923780000003 2.915138320344529e-11
3.5591436090000004 6.39846476695644e-11
3.560494841 9.663540120678956e-11
3.561846072 9.75438428015432e-11
3.563197304 7.949943725107965e-11
3.5645485349999997 7.807175147626983e-11
3.565899767 9.63587664480879e-11
3.567250998 1.265452962072846e-10
3.5686022299999998 1.366595627497656e-10
3.569953461 1.2937406621733638e-10
3.571304692 1.281889808887466e-10
3.572655924 1.4148481466608505e-10
3.574007155 1.5827262578821784e-10
3.575358387 1.77965184333234e-10
3.5767096179999998 1.9662307884589497e-10
3.57806085 1.9367335854955983e-10
3.579412081 1.7749304627017113e-10
3.580763312 1.6656569196379725e-10
3.582114544 1.5957092462032506e-10
3.583465775 1.665192446315017e-10
3.5848170070000003 1.7416636575192426e-10
3.5861682380000004 1.7580853261608587e-10
3.58751947 1.7931045592659295e-10
3.588870701 1.7694836223995206e-10
3.5902219329999996 1.7897909226335234e-10
3.5915731639999997 2.0121357371740148e-10
3.592924395 2.1228631338560816e-10
3.594275627 1.7861379032159978e-10
3.595626858 1.4235669111140414e-10
3.59697809 1.3684593755410438e-10
3.598329321 1.5374372600202752e-10
3.5996805530000002 1.662999291051335e-10
3.601031784 1.5495455127150116e-10
3.602383016 1.2489953998253317e-10
3.603734247 1.0429055287585735e-10
3.605085478 1.088418765544315e-10
3.60643671 1.2729863726081276e-10
3.607787941 1.3427708677823456e-10
3.609139173 1.2744603481025578e-10
3.610490404 1.2606565341691423e-10
3.6118416360000003 1.4556672226873808e-10
3.6131928670000004 1.919451541858752e-10
3.6145440979999997 2.292191081373871e-10
3.61589533 2.4858602622857217e-10
3.617246561 2.9409816468163193e-10
3.6185977929999997 3.2747176855095626e-10
3.619949024 2.804400697578714e-10
3.621300256 2.1058840129735806e-10
3.622651487 1.6342112749494476e-10
3.624002719 1.1252452148018038e-10
3.62535395 1.162815664093697e-10
3.6267051809999997 1.6071765691798732e-10
3.628056413 1.716146444278296e-10
3.629407644 1.6947487358716917e-10
3.630758876 1.7023700551891433e-10
3.632110107 1.4356737026490624e-10
3.633461339 1.471741161470771e-10
3.6348125700000002 1.9187571384461824e-10
3.6361638010000004 2.4365906212210716e-10
3.637515033 3.008698830480032e-10
3.638866264 2.87416606319257e-10
3.640217496 2.0194006006407707e-10
3.6415687269999997 1.3716548777661272e-10
3.642919959 9.739843204973926e-11
3.64427119 1.0064722322994969e-10
3.6456224219999998 1.2864497043248285e-10
3.646973653 1.5788536654269837e-10
3.648324884 2.1780294808655963e-10
3.649676116 2.938093418100076e-10
3.6510273470000003 2.2304066295447768e-10
3.652378579 1.2001563017187204e-10
3.6537298099999997 1.0934891583445602e-10
3.655081042 1.291637985437071e-10
3.656432273 1.3737033700663843e-10
3.657783504 1.831800949342137e-10
3.659134736 1.6261639745560013e-10
3.660485967 2.0456044259708003e-10
3.6618371990000003 2.0346493157446972e-10
3.66318843 1.8289620377258736e-10
3.664539662 1.4461434375861394e-10
3.665890893 1.15225547838594e-10
3.667242125 1.2884208032607013e-10
3.6685933559999997 1.9805406770755727e-10
3.669944587 2.4458934510694324e-10
3.671295819 2.27256351946058e-10
3.67264705 2.206681524727487e-10
3.673998282 2.869154583010696e-10
3.675349513 4.1465439589162966e-10
3.676700745 4.967137006726582e-10
3.6780519760000003 4.754605110027796e-10
3.679403208 4.066711241305168e-10
3.6807544389999998 3.720953940560717e-10
3.68210567 3.695491926281389e-10
3.683456902 4.33433929046604e-10
3.684808133 4.689016429620723e-10
3.686159365 3.5769142378020615e-10
3.687510596 2.377538341614244e-10
3.688861828 2.2932890822185389e-10
3.690213059 2.356997787905503e-10
3.6915642899999996 1.3815791197715363e-10
3.692915522 1.2626299790556938e-11
3.694266753 8.561916185026667e-13
3.6956179849999997 1.3901915683029283e-10
3.696969216 3.098179299183899e-10
3.698320448 3.747117537512712e-11
3.699671679 1.7645586601756423e-10
3.701022911 2.2109760436176575e-11
3.702374142 7.354271437367498e-13
3.703725373 7.829802334674206e-13
3.7050766050000004 8.345371539384714e-13
3.706427836 8.848302352806397e-13
3.707779068 9.345209232382988e-13
3.709130299 9.900117490708146e-13
3.710481531 1.0527108764714141e-12
3.711832762 1.12188430335395e-12
3.713183993 1.194956361194699e-12
3.714535225 3.768829447256866e-12
3.7158864560000002 9.32260287351203e-11
3.717237688 1.1423123257415583e-11
3.7185889189999997 1.5462880165092026e-12
3.719940151 1.646005966312934e-12
3.721291382 1.7499320855815676e-12
3.7226426139999997 3.069973191071848e-11
3.723993845 7.083616245111503e-10
3.725345076 6.168864154264452e-10
3.726696308 1.0192487904280381e-11
3.7280475390000003 2.4125815015670265e-12
3.729398771 2.5693800873126627e-12
3.730750002 2.746089754027696e-12
3.7321012340000004 2.941087660723395e-12
3.733452465 3.1473843357665323e-12
3.7348036959999997 3.368835014214776e-12
3.736154928 7.764899581572614e-11
3.737506159 1.595713504856897e-09
3.738857391 2.6842826676963325e-09
3.740208622 2.0545677085586932e-11
3.741559854 4.758535653418945e-12
3.7429110850000002 5.076639170217269e-12
3.744262317 5.409225620625735e-12
3.7456135479999997 2.455012505922694e-11
3.746964779 1.233076398696227e-10
3.748316011 2.00236302639733e-11
3.749667242 6.905847271415091e-12
3.751018474 7.341695091411658e-12
3.752369705 7.478414647480064e-11
3.753720937 1.6596980991030963e-09
3.7550721680000003 3.7017264857166546e-09
3.7564234 6.371744753804094e-09
3.757774631 5.596374084267528e-09
3.759125862 7.477662730043884e-09
3.7604770939999996 7.760607411384953e-09
3.7618283249999998 2.22010209703839e-09
3.763179557 4.7472541233415026e-11
3.764530788 1.0927917955918527e-10
3.76588202 1.850129849000128e-09
3.767233251 4.953476185473393e-09
3.768584482 6.861110397178931e-09
3.7699357140000003 1.0360361514425314e-08
3.771286945 1.0250545272449108e-08
3.7726381769999997 3.8179935438661665e-09
3.773989408 1.8827242399213167e-10
3.77534064 2.0793156632907494e-11
3.776691871 2.1974059521157193e-11
3.778043103 2.321066084518213e-11
3.779394334 2.4508444954264252e-11
3.780745565 2.5878071153481857e-11
3.7820967970000003 1.0101612572968777e-10
3.7834480279999996 4.48167129599652e-09
3.7847992599999998 8.801536760617238e-10
3.786150491 3.217962874380719e-11
3.7875017229999997 3.3996391693514536e-11
3.7888529539999998 3.5920545543406476e-11
3.790204185 3.7957901354568476e-11
3.791555417 4.010814672418954e-11
3.792906648 4.23945018814689e-11
3.79425788 4.483339197608215e-11
3.795609111 4.742803565846018e-11
3.7969603430000003 5.01895106928788e-11
3.798311574 5.3142291085350494e-11
3.7996628059999997 6.287654902889171e-11
3.801014037 5.307376338268353e-09
3.802365268 6.427945694312868e-11
3.8037165 6.720157125226726e-11
3.8050677310000003 7.136774480188588e-11
3.806418963 7.584850916916182e-11
3.807770194 8.066296115610367e-11
3.8091214260000004 8.583113506604643e-11
3.8104726569999996 9.138467402669539e-11
3.811823889 5.092070196193089e-09
3.81317512 4.4146641721354374e-08
3.814526351 6.488572608674625e-08
3.815877583 2.861864338063017e-08
3.817228814 5.33862920605595e-10
3.818580046 1.3520325741080792e-10
3.8199312770000002 1.446810977988065e-10
3.821282509 1.54942962379392e-10
3.82263374 1.660623788695107e-10
3.823984971 1.7811316685663884e-10
3.825336203 1.91171681235123e-10
3.826687434 2.0532649968498812e-10
3.828038666 2.2067438186941706e-10
3.829389897 2.373235205927537e-10
3.830741129 4.528280916868807e-10
3.8320923600000003 5.5431553341251856e-08
3.833443592 1.5601393334602628e-07
3.834794823 3.093660009497955e-07
3.836146054 1.9409451437398e-07
3.8374972859999996 1.4494045057982065e-07
3.8388485169999997 2.0839614410663425e-07
3.840199749 1.888868727452321e-07
3.84155098 1.983585110041871e-07
3.842902212 5.63353489214894e-07
3.844253443 1.2321138785910375e-06
3.845604674 1.5746688064519097e-06
3.8469559060000003 1.5035221969735557e-06
3.848307137 1.2860535374654217e-06
3.849658369 7.790765325801478e-07
3.8510096 4.476065701981106e-07
3.852360832 4.0137647274299334e-07
3.853712063 3.1852581506130474e-07
3.855063295 3.4998731920791e-07
3.856414526 3.8315305659831534e-07
3.857765757 4.039231435788169e-07
3.859116989 2.5553704847675303e-07
3.86046822 2.470836939256638e-07
3.861819452 7.754375461560753e-07
3.863170683 9.692190732673198e-07
3.8645219149999996 3.869156312104438e-07
3.8658731459999998 1.0505239388407763e-07
3.867224377 7.684463710785409e-07
3.868575609 1.1884079254380803e-06
3.86992684 2.4980549197787967e-06
3.871278072 3.4614173301426746e-06
3.872629303 2.8718743950039946e-06
3.8739805350000003 1.6783092323877532e-06
3.875331766 1.6901815123705348e-06
3.876682998 2.7100012854973208e-06
3.878034229 2.734336328305703e-06
3.87938546 1.287974314893315e-06
3.880736692 1.2503029349316274e-06
3.882087923 2.129171113887997e-06
3.883439155 3.007735030144831e-06
3.884790386 3.880441884394253e-06
3.886141618 4.0615904507959646e-06
3.887492849 3.617905656832277e-06
3.8888440810000002 3.2439227721687904e-06
3.890195312 2.3608609855632256e-06
3.891546543 5.616305138141182e-08
3.892897775 3.769043437162776e-09
3.894249006 3.8412077730792816e-09
3.895600238 3.909716322067205e-09
3.8969514690000002 3.9745945245145395e-09
3.898302701 4.0406103647167056e-09
3.899653932 4.098696172572815e-09
3.9010051629999998 4.153500293465837e-09
3.902356395 4.205175267946321e-09
3.903707626 4.253903335955558e-09
3.905058858 4.299811643026125e-09
3.906410089 4.343002023799781e-09
3.9077613209999997 4.383682637026097e-09
3.909112552 4.421981683566041e-09
3.910463784 4.45799367496243e-09
3.911815015 8.26317131426143e-09
3.913166246 1.9181860634969793e-07
3.914517478 2.899488601046043e-06
3.9158687089999997 9.158658188557324e-06
3.917219941 1.341689907810632e-05
3.918571172 1.8330327454156512e-05
3.919922404 2.19113374407845e-05
3.921273635 2.1798408475243478e-05
3.922624866 2.071695623232241e-05
3.9239760980000002 2.0719178363451168e-05
3.9253273290000004 2.09438712740225e-05
3.926678561 1.9714932452198077e-05
3.928029792 1.731855618614857e-05
3.929381024 1.451273629793624e-05
3.9307322549999997 1.2014845407158835e-05
3.932083487 9.820983762116034e-06
3.933434718 5.398583247100394e-06
3.934785949 2.6407046516025665e-06
3.936137181 2.086363672585682e-08
3.937488412 4.845244660269734e-09
3.938839644 4.855572719340622e-09
3.940190875 4.86246341096615e-09
3.941542107 4.8693609099795905e-09
3.9428933379999997 4.875738804994158e-09
3.944244569 4.881578060799144e-09
3.945595801 4.886943156148411e-09
3.946947032 4.891903205134148e-09
3.948298264 4.896465560622778e-09
3.949649495 4.900645835385312e-09
3.9510007270000003 4.90393602182989e-09
3.9523519580000004 4.906722702828328e-09
3.95370319 4.909200307745677e-09
3.955054421 1.2227708020758984e-08
3.956405652 1.0541394310925917e-06
3.9577568839999997 2.976474770141166e-06
3.959108115 5.68015850180211e-06
3.960459347 9.386113510947926e-06
3.961810578 1.5256118504960152e-05
3.96316181 2.8904581747058925e-05
3.964513041 4.41201769753431e-05
3.965864273 6.0594492602156903e-05
3.967215504 7.906208355655326e-05
3.968566735 9.900663219438768e-05
3.9699179669999998 0.0001206990884733804
3.971269198 0.00014405412070035207
3.97262043 0.00016280130798262688
3.973971661 0.00017915769871544351
3.975322893 0.00019859318320040973
3.976674124 0.00022083755951065364
3.978025355 0.0002452504255316729
3.9793765870000004 0.00027322447973073227
3.9807278179999996 0.0003080424575601799
3.98207905 0.00034680040775773987
3.983430281 0.00038606268434102954
3.9847815129999997 0.0004294437267989344
3.986132744 0.00047857598513546796
3.987483976 0.0005347484858994794
3.988835207 0.0005993016752748552
3.9901864380000003 0.0006743720817595757
3.99153767 0.0007638525429431117
3.9928889009999997 0.0008727999196778303
3.994240133 0.0009998267558739393
3.995591364 0.0011384348666813237
3.996942596 0.0012938673068567336
3.998293827 0.0014691819403705544
3.999645058 0.0016679814510989124
4.00099629 0.0018995213874094116
4.002347521 0.002177394731261474
4.003698753 0.002514224047721111
4.005049984 0.0029220573234319306
4.006401216 0.003429091538781529
4.007752447 0.004061176286134098
4.009103679 0.00485650320839435
4.01045491 0.005866984716460151
4.011806141 0.007162257547794545
4.013157373 0.008840202632872803
4.014508604 0.0110484916070674
4.015859836 0.014012834823392266
4.017211067 0.018076540214031513
4.018562299 0.02372453312771565
4.01991353 0.03168776893785756
4.021264761 0.04308627765714032
4.022615993 0.059413391576336315
4.023967224 0.08276744570240852
4.025318456 0.11547427185558097
4.026669687 0.15838840298100812
4.028020919 0.20927627449174566
4.02937215 0.26288386825671217
4.030723382 0.3115581755439526
4.032074613 0.34821279621686546
4.033425844 0.36937310533979417
4.034777076 0.37633753030107503
4.036128307 0.3734491602931023
4.037479539 0.36725423147113956
4.03883077 0.36183331219717535
4.040182002 0.35894094500991314
4.041533233 0.35938383331712576
4.042884465 0.3632133784303493
4.044235696 0.37001533881218795
4.0455869269999996 0.37889288919513453
4.046938159 0.38818198651112795
4.04828939 0.39642493088366354
4.049640622 0.4025214736393137
4.050991853 0.40569416257759866
4.052343085 0.40570053044061805
4.053694316 0.4027483837930481
4.055045547 0.39723101981487974
4.056396779 0.39044968764443144
4.05774801 0.3835330727019935
4.059099241999999 0.37711834209852185
4.0604504729999995 0.37173084770284776
4.061801705 0.36716123634094316
4.063152936 0.36257676348641155
4.064504168 0.35632041290840444
4.065855399 0.3462380734088963
4.06720663 0.33057372910494803
4.0685578620000005 0.3082472801800169
4.069909093000001 0.2793092913679965
4.071260325 0.24510298130232516
4.072611556 0.2075428006520681
4.073962788 0.16940471137082092
4.075314019 0.13467207534178077
4.07666525 0.1049862081406311
4.078016482 0.08081042900724084
4.079367713 0.0618321980365627
4.080718945 0.047313178257042995
4.082070176 0.03643739920778125
4.083421408 0.028302748266178273
4.084772639 0.022198165485586823
4.086123871 0.017586522474273412
4.087475102 0.014072771405709315
4.088826333 0.011371370626028708
4.090177565 0.00929164711148962
4.091528796 0.007663726553169571
4.092880028 0.006373840807042015
4.094231259 0.005342981100653515
4.095582491 0.004510752561462449
4.096933722 0.0038311809624042405
4.098284953 0.00327543773371713
4.0996361850000005 0.0028192994626828017
4.100987416 0.0024381308866216356
4.102338648 0.0021168984943313236
4.103689878999999 0.0018463895930582717
4.105041110999999 0.0016158225806108624
4.106392342 0.0014166415543829674
4.107743574 0.0012440824066124565
4.109094805 0.001096133367945223
4.110446036 0.0009688104793804327
4.111797268 0.0008585167676661796
4.113148499 0.0007624987609369062
4.1144997309999995 0.0006800144758734771
4.115850962000001 0.0006085944513386572
4.117202194000001 0.0005469274519106338
4.118553425 0.0004937039632781611
4.119904657 0.00044676868374049885
4.121255887999999 0.00040428210960516235
4.122607119 0.00036610026331382887
4.123958351000001 0.0003304510042441124
4.125309582 0.00029656668538893875
4.126660814 0.00026520058373985024
4.128012045 0.00023729541555139684
4.129363277 0.00021302536708931187
4.130714508 0.0001918832469354572
4.132065739 0.00017388140151844628
4.133416971 0.00015765833602042988
4.134768202 0.00014209928252847096
4.136119434 0.00012668457285916934
4.1374706649999995 0.0001121433424254858
4.138821897 9.869301230554386e-05
4.140173128000001 8.665819703932128e-05
4.14152436 7.587028944932915e-05
4.142875591 6.589833817482839e-05
4.144226821999999 5.604395826876226e-05
4.145578054 4.919953294780515e-05
4.146929285000001 4.6252306670654905e-05
4.148280517 4.4726258225163764e-05
4.149631748 4.3562842797442486e-05
4.15098298 4.216078536203269e-05
4.152334211 4.054260642213798e-05
4.153685442 3.749071192402338e-05
4.155036674 3.430760773210011e-05
4.156387905 3.160839751239474e-05
4.157739136999999 2.936283229922862e-05
4.159090368 2.555160410455272e-05
4.1604416 2.1935363196542024e-05
4.161792831 2.044892639733162e-05
4.163144063 2.011948089826569e-05
4.164495294 1.9483567262192554e-05
4.165846525 1.7325174521541947e-05
4.167197757 1.4880514475691058e-05
4.1685489879999995 1.37979678045783e-05
4.169900220000001 1.121559636198643e-05
4.171251451 1.2224788447064582e-05
4.172602683 1.1964736302901382e-05
4.173953914 1.1341116911513613e-05
4.1753051459999995 1.0150347115113895e-05
4.1766563770000005 9.594783879731804e-06
4.178007608 7.966387663608469e-06
4.17935884 7.737755912028351e-06
4.180710071 1.1252442230884374e-05
4.182061303 1.335286916442649e-05
4.183412534 1.2707025630415925e-05
4.184763766 1.0698071718528502e-05
4.186114997 9.10818886254864e-06
4.187466228 5.487441176603973e-06
4.18881746 9.859908031724042e-07
4.190168691 6.928973936477375e-08
4.1915199229999995 8.85360803458814e-09
4.1928711540000005 1.3594133109616997e-06
4.194222386000001 1.1850403700802542e-06
4.195573617 3.0561897917369474e-08
4.196924849 4.9358537558417695e-09
4.198276079999999 6.971803983522317e-09
4.199627311 2.1689474104902012e-07
4.200978543 4.4464454265233586e-07
4.202329774 4.499223205622996e-07
4.203681006 5.106318143205599e-07
4.205032237 8.550375961391662e-07
4.206383469 8.866033716725741e-07
4.2077347 1.2043059677618424e-06
4.209085931 3.403205511317494e-06
4.210437163 6.637255823524261e-06
4.211788394 7.84024113300394e-06
4.213139626 5.970579912020555e-06
4.2144908569999995 6.202313842192557e-06
4.215842089 8.393445016615213e-06
4.217193320000001 1.0418615795497184e-05
4.218544552 1.0400064918769957e-05
4.219895783 9.368827568123434e-06
4.221247013999999 8.981793850426204e-06
4.2225982459999996 9.48734603180026e-06
4.223949477 1.080551751810975e-05
4.225300709 1.2586102249382516e-05
4.22665194 1.1870103201335552e-05
4.228003171999999 9.996105726221806e-06
4.229354403 8.225121539394605e-06
4.2307056339999995 7.389585071792857e-06
4.232056866 6.502583226213254e-06
4.233408097000001 4.640516117248419e-06
4.234759329 3.3877965222188486e-06
4.23611056 2.868776078143674e-06
4.237461792 3.105661416120722e-06
4.238813023 2.8333917932863903e-06
4.240164255 2.3706578386037195e-06
4.241515486 1.9942889422690414e-06
4.242866717 1.6891210195274677e-06
4.244217949 1.0923960876615332e-06
4.24556918 1.694883883339002e-08
4.246920412000001 4.906294507047346e-09
4.248271643 4.910691635567043e-09
4.249622875 4.909673702173901e-09
4.250974105999999 4.90854897122588e-09
4.2523253379999995 4.907358555260607e-09
4.2536765690000005 4.906163880890765e-09
4.2550278 4.90498070381385e-09
4.256379032 4.9037863541031005e-09
4.257730263 4.9025822190208165e-09
4.259081495 4.901383978442908e-09
4.260432726 4.897259415257036e-09
4.261783958 4.8868969451437355e-09
4.263135189 4.876533473828637e-09
4.26448642 4.866169974649844e-09
4.265837652 4.855776349487915e-09
4.267188883 4.845330658488387e-09
4.2685401149999995 4.834854730494757e-09
4.2698913460000005 4.824363472201989e-09
4.271242578000001 4.809610801512296e-09
4.272593809 4.794448820137683e-09
4.273945041 4.779272708462944e-09
4.275296271999999 4.764098961156218e-09
4.276647503 4.748917058303033e-09
4.277998735 4.73373417649803e-09
4.279349966 4.718572563440921e-09
4.280701198 4.7222451947859866e-09
4.282052429 4.743329847560701e-09
4.283403661 4.764376673457392e-09
4.284754892 4.785394258940058e-09
4.286106123 4.806366526376159e-09
4.287457355 4.8272695702933335e-09
4.288808586 4.8481201683668135e-09
4.290159818 4.86636769760019e-09
4.2915110489999995 4.865424535171678e-09
4.292862281 3.7137823470055565e-08
4.294213512000001 5.683269858473454e-08
4.295564744 4.873441854372843e-09
4.296915975 4.872452096850027e-09
4.298267206 4.871451792563989e-09
4.299618438 4.8704578917231045e-09
4.300969669 4.8689122140070064e-09
4.302320901 4.867125389834836e-09
4.303672132 4.865312245356499e-09
4.305023363999999 4.863498380000706e-09
4.306374595 4.861680671297966e-09
4.3077258259999995 4.859848275175753e-09
4.309077058 4.858010005997206e-09
4.310428289000001 4.856175024986584e-09
4.311779521 4.8543188637723015e-09
4.313130752 4.852459503863824e-09
4.314481984 4.850606078369262e-09
4.315833215 4.84876404976386e-09
4.317184447 4.846917876000715e-09
4.318535678 4.845058384579738e-09
4.319886909 4.8431946575292725e-09
4.321238141 4.841463613623692e-09
4.322589372 9.575086834087505e-09
4.323940604000001 1.5048232921709255e-06
4.325291835 3.816804597665706e-06
4.326643067 5.20235691246559e-06
4.327994297999999 5.399512266777085e-06
4.329345529999999 3.853948676224918e-06
4.3306967610000004 1.4583305439798083e-06
4.332047992 8.30336854635986e-07
4.333399224 3.159611974104605e-06
4.334750455 4.847357836529765e-06
4.336101687 4.2292237706893964e-06
4.337452918 3.982691415398528e-06
4.33880415 3.5799166269050214e-06
4.340155381 4.183963294746867e-06
4.341506612 4.272292388524972e-06
4.342857844 3.909536038045982e-06
4.344209075 3.7693449417559717e-06
4.3455603069999995 3.556175312421892e-06
4.3469115380000005 4.4550078312286394e-06
4.34826277 5.355359147641395e-06
4.349614001 5.779138970236392e-06
4.350965233 5.424855017368823e-06
4.352316464 4.993755494786776e-06
4.353667695 3.835770603393078e-06
4.355018927 1.661023391521108e-06
4.356370158 1.0684161463148967e-08
4.35772139 3.450212219284251e-08
4.359072621 8.098291883935541e-07
4.360423853 4.0641751298959405e-06
4.361775084 4.8356994811680575e-06
4.363126315000001 4.9595898828028325e-06
4.364477547000001 4.05504560171873e-06
4.365828778 3.3396107586876917e-06
4.36718001 2.793291932912677e-06
4.3685312409999995 2.954239138704834e-06
4.369882473 4.255860833162864e-06
4.371233704 6.278825590354247e-06
4.372584936 6.341383711606107e-06
4.373936167 5.372046185731763e-06
4.375287398 3.824713518275104e-06
4.37663863 4.462156918781614e-06
4.377989861 7.0145453366740845e-06
4.379341093 6.955735551599676e-06
4.380692324 5.725864871602228e-06
4.382043555999999 5.536308284873683e-06
4.383394787 6.019110471890082e-06
4.3847460179999995 7.297940109696453e-06
4.38609725 7.917859979134556e-06
4.387448481000001 5.860189456361276e-06
4.388799713 4.6441645608102e-06
4.390150944 2.6218974259807965e-06
4.391502176 1.230122351594099e-06
4.392853407 7.769450112647663e-07
4.394204639 7.172778280774753e-07
4.39555587 1.2352567086894714e-06
4.396907101 2.0703690171375157e-06
4.398258332999999 2.5387212970325443e-06
4.399609564 2.5966625248178265e-06
4.400960796000001 2.661991436906893e-06
4.402312027 2.9563249479452586e-06
4.403663259 2.7604068719325235e-06
4.405014489999999 2.108708715547432e-06
4.406365721999999 1.5440623921356243e-06
4.407716953 1.7839368223633152e-06
4.409068184 2.346924911389549e-06
4.410419416 2.7843616804003322e-06
4.411770647 3.603694188696077e-06
4.413121879 4.7729707441942285e-06
4.41447311 6.049635612827174e-06
4.415824342 5.658335999109205e-06
4.417175573000001 4.32576741837439e-06
4.418526804 3.4295470067922854e-06
4.419878036 3.181068829409035e-06
4.421229266999999 2.8830656538640784e-06
4.4225804989999995 2.0876873230216e-06
4.4239317300000005 1.2934470827787181e-06
4.425282962 7.983625764306622e-07
4.426634193 3.572746899263795e-07
4.427985425 2.4224911049726556e-07
4.429336656 3.453833194339338e-07
4.430687887 1.2631166207607897e-06
4.432039119 2.5317819684215262e-06
4.43339035 3.088854484746801e-06
4.434741582 3.063649531318984e-06
4.436092813 4.881973117013574e-06
4.437444045 6.652922379794896e-06
4.438795276 7.611287345528376e-06
4.440146507000001 6.583717749610429e-06
4.441497739000001 5.3085317879532436e-06
4.44284897 4.3625476209100875e-06
4.444200202 4.216937945554095e-06
4.445551432999999 4.841750052948646e-06
4.446902665 5.194006525994932e-06
4.448253896 4.176783018239356e-06
4.449605128 3.2702356663970937e-06
4.450956359 4.304939541243561e-06
4.45230759 7.229075955305527e-06
4.453658822 8.591851477734474e-06
4.455010053 6.70745838315745e-06
4.456361285 3.921188708422375e-06
4.457712516 1.8533584317736193e-06
4.459063747999999 1.3781880841298438e-06
4.460414979 1.021728405350048e-06
4.4617662110000005 6.070811526843154e-07
4.463117442 9.557809442959452e-07
4.464468673000001 1.4849916739456682e-06
4.465819905 2.8150867322148856e-06
4.467171136 2.690711090355003e-06
4.468522368 1.6559066723964694e-06
4.469873599 1.2553087374838643e-06
4.471224831000001 3.0699172066421365e-06
4.472576062 5.121638436198719e-06
4.473927293 4.735316284954082e-06
4.475278524999999 4.750710588411229e-06
4.476629756 4.338358809224343e-06
4.4779809880000006 4.9496003450901886e-06
4.479332219 6.801279872295439e-06
4.480683451 7.109617587995218e-06
4.482034682 6.360889227605312e-06
4.483385914 4.933141531453478e-06
4.484737145 5.257587528798263e-06
4.486088376 4.9622830679081985e-06
4.487439608 4.252081092738904e-06
4.488790839 3.3435720675258796e-06
4.490142071 3.6864314816142367e-06
4.491493302 4.9053113141419725e-06
4.492844534 1.0278869677921474e-05
4.494195765000001 1.1205910772469904e-05
4.495546996 1.026179065257052e-05
4.496898228 8.856921570334545e-06
4.498249458999999 7.385882361921108e-06
4.4996006909999995 6.5649451330970045e-06
4.5009519220000005 6.292617748223082e-06
4.502303154 7.104471120705922e-06
4.503654385 7.388649460451762e-06
4.505005617 6.956467644966678e-06
4.506356848 5.809043118436283e-06
4.507708079 5.531460411088007e-06
4.509059311 5.737142662899154e-06
4.510410542 6.590411493213321e-06
4.511761774 6.548467372357138e-06
4.513113005 6.829037206087278e-06
4.514464237 7.4047135561813905e-06
4.5158154679999996 8.372309406697094e-06
4.517166699000001 7.865186428050079e-06
4.518517931 5.802431620727973e-06
4.519869162 4.848280192520138e-06
4.521220394 4.464354677625598e-06
4.522571624999999 4.346442371935786e-06
4.523922857 4.595274780350204e-06
4.525274088 4.933298471430072e-06
4.52662532 4.77571656262024e-06
4.527976551 4.085095194904423e-06
4.529327782 3.963294273585846e-06
4.530679014 4.695818151255705e-06
4.532030245 6.548049845658879e-06
4.533381477 7.653338490731712e-06
4.534732708 7.816484105280044e-06
4.53608394 7.233690492583579e-06
4.537435171 6.322701445642783e-06
4.5387864030000005 5.654980986634498e-06
4.540137634 5.316204567511589e-06
4.541488865 5.863619303497702e-06
4.542840097 6.425522820573629e-06
4.544191328 6.451795023380163e-06
4.5455425599999995 5.008752876720549e-06
4.5468937910000005 3.087911843984473e-06
4.548245023000001 1.8825614409555147e-06
4.549596254 1.3090956997138487e-06
4.550947485 7.32984648801656e-07
4.552298716999999 5.898434089730964e-07
4.553649948 1.0376255883185575e-06
4.5550011800000005 2.018573679303447e-06
4.556352411 2.880426442886045e-06
4.557703643 2.4321648597258347e-06
4.559054874 7.539218246788414e-07
4.560406106 3.6455995674357484e-07
4.561757337 3.7950612479615545e-07
4.563108568 5.741436912650227e-07
4.5644598 5.80762055400805e-07
4.565811031 3.4581357772148446e-07
4.567162263 6.498768815894468e-07
4.568513493999999 1.2718664651717544e-06
4.569864726 3.890832122572187e-06
4.571215957000001 3.4174025239826053e-06
4.572567188 1.6311278705435716e-06
4.57391842 1.8209309158399041e-06
4.575269650999999 1.607954826163165e-06
4.5766208829999995 9.69957544611918e-07
4.5779721140000005 2.061251564292592e-06
4.579323346 3.1931868491403197e-06
4.580674577 4.696775063037624e-06
4.582025809 4.735099411090649e-06
4.58337704 2.9804851610690873e-06
4.584728271 2.4803393577147003e-06
4.586079503 3.2330889569322235e-06
4.587430734 3.3387977701120564e-06
4.588781966 3.440930335918642e-06
4.590133197 4.876169632322383e-06
4.591484429 7.364725561422999e-06
4.5928356599999995 9.993548050208762e-06
4.5941868910000005 1.0719512668644457e-05
4.595538123 9.279503916440716e-06
4.596889354 8.508945018421161e-06
4.598240586 7.78056777247611e-06
4.599591817 6.899250536225951e-06
4.6009430490000005 5.8723369020629844e-06
4.60229428 5.0819532149412515e-06
4.603645512 3.7680067391276006e-06
4.604996743 3.279762830736649e-06
4.606347974 2.3989100145025215e-06
4.607699206 6.256518456464887e-07
4.609050437 3.816384507139246e-06
4.610401669 5.348497908647302e-06
4.611752900000001 5.183350390972292e-06
4.613104132 4.97767230018149e-06
4.614455363 4.954377846976701e-06
4.6158065950000005 4.349191218691078e-06
4.617157826 3.9772328460478656e-06
4.618509057 3.627738444241872e-06
4.619860289 3.860834938766399e-06
4.62121152 4.512275819737934e-06
4.622562751999999 4.809770716188059e-06
4.6239139830000004 4.73640682829425e-06
4.625265215000001 4.7665962260004336e-06
4.626616446 4.261850911086963e-06
4.627967677 2.463527764320994e-06
4.629318908999999 1.5220643698126113e-06
4.63067014 6.488798877973746e-07
4.6320213720000005 6.305818469203862e-07
4.633372603 9.621058646850332e-07
4.634723835 2.168036828230744e-06
4.636075066 4.443381597454599e-06
4.637426298 6.701824034941294e-06
4.638777529 6.608365531456024e-06
4.64012876 5.93545148449228e-06
4.641479992 5.514673073568518e-06
4.642831223 4.394922098361875e-06
4.644182455 2.487586355986752e-06
4.645533685999999 1.5181291376030873e-06
4.646884918 2.598385271222808e-08
4.648236149000001 9.269350574763336e-09
4.64958738 3.9006235037165364e-07
4.650938612 1.3054422428614289e-06
4.652289842999999 2.047622774334923e-06
4.6536410749999995 2.4048326448817296e-06
4.6549923060000005 3.099678511694356e-06
4.656343538 3.5338209449181427e-06
4.657694769 3.3787444464327043e-06
4.659046001 2.302923168912923e-06
4.660397232 1.6376695117156747e-06
4.661748463 1.9495051726993043e-07
4.663099695 4.077806949839381e-07
4.664450926000001 4.377839641953874e-06
4.665802158 6.912752907230299e-06
4.667153389 8.242435621723139e-06
4.668504621 7.224469178924246e-06
4.6698558519999995 5.726961091579821e-06
4.6712070830000005 5.860219203522988e-06
4.672558315 6.3027302970023835e-06
4.673909546 6.292398628736847e-06
4.675260778 6.199823029684663e-06
4.676612009 5.2422819054226835e-06
4.6779632410000005 4.928709488229463e-06
4.679314472 5.034173744854507e-06
4.680665704 5.975704955845071e-06
4.682016935 6.488387369007362e-06
4.683368166 6.546358484302547e-06
4.684719398 5.117069446571366e-06
4.686070629 4.192677267629022e-06
4.687421861 2.6685562887860296e-06
4.688773092 9.748168285280183e-07
4.690124324 5.025371090962598e-07
4.691475555 1.4277220299397535e-06
4.6928267869999996 3.977047893925964e-06
4.694178018 5.682429981381419e-06
4.695529249 6.1215024631107215e-06
4.696880481 6.2554324951124615e-06
4.698231712 6.622929893085914e-06
4.699582943999999 5.248966775195766e-06
4.700934175 4.0183523783641956e-06
4.702285407000001 2.7731358679376735e-06
4.703636638 2.355886181379425e-06
4.704987869 2.4741255875787106e-06
4.706339100999999 3.4094675276186574e-06
4.707690332 4.163797921804945e-06
4.7090415640000005 4.694351745237906e-06
4.710392795 4.3840938935509406e-06
4.711744027 5.02673084074479e-06
4.713095258 6.774113183255359e-06
4.71444649 7.38561443427836e-06
4.7157977209999995 6.59045736243393e-06
4.717148952 5.379751702501195e-06
4.718500184000001 4.591928715760888e-06
4.719851415 4.047189213542896e-06
4.721202647 4.1249634522658585e-06
4.722553877999999 3.0280051755626445e-06
4.72390511 1.812876013458035e-06
4.725256341000001 3.520308721104512e-08
4.726607572 3.941676089256514e-09
4.727958804 3.939244165550685e-09
4.729310035 2.1694554181762147e-08
4.730661267 1.790133161695566e-07
4.7320124980000005 1.931892156719561e-07
4.73336373 1.419905199914775e-06
4.734714961 2.395758855821747e-06
4.736066193 2.396849058722916e-06
4.737417424 2.8102625868853464e-06
4.738768654999999 3.941906291512611e-06
4.740119887 4.195228870187035e-06
4.741471118000001 3.595735178488649e-06
4.74282235 1.5927539373275524e-06
4.744173581 6.419058046690816e-07
4.745524813 2.3543472795398976e-07
4.7468760439999995 1.2862462440261446e-08
4.748227276 3.9025726301280815e-09
4.749578507 3.8993497496482585e-09
4.750929738 3.8960680580127885e-09
4.75228097 3.892735247030012e-09
4.753632201 3.889310373858418e-09
4.7549834330000005 3.885807155821612e-09
4.756334664 3.8822650748173355e-09
4.757685896 2.077347592313561e-08
4.759037127 2.0351713711507168e-07
4.760388358 6.555778391268075e-07
4.76173959 8.629844949416917e-07
4.763090821 5.948921316141769e-07
4.764442053 1.4261112566491025e-08
4.765793284 7.971089692374324e-09
4.767144516 1.4591602501877857e-07
4.768495747 4.315575315013243e-07
4.7698469789999995 7.06072702291103e-07
4.77119821 7.415309634922893e-07
4.772549441 1.8100199307552302e-07
4.773900673 6.657699547144478e-07
4.775251904 2.105027125799565e-08
4.776603135999999 3.822554558258374e-09
4.777954367 3.81833518772147e-09
4.779305599000001 2.1131595406679874e-08
4.78065683 7.430470304428802e-07
4.782008061000001 8.550212537326331e-07
4.783359293 2.321806204215916e-06
4.784710524 3.6013958775454317e-06
4.7860617560000005 4.213991737938821e-06
4.787412987 4.2370413598204785e-06
4.788764219 2.824618316388214e-06
4.79011545 2.402504553786486e-06
4.791466682 2.4968966093833274e-06
4.7928179129999995 3.5199911377910937e-06
4.7941691440000005 4.602275875086525e-06
4.795520376000001 4.225148051426918e-06
4.796871607 2.8353293361328667e-06
4.798222839 1.8630479741582234e-06
4.799574069999999 1.0612839387439417e-06
4.800925302 8.468955685301757e-07
4.802276533000001 1.524708094948718e-06
4.803627764 2.422484789221502e-06
4.804978996 4.639413707770757e-06
4.806330227 4.822279777869849e-06
4.807681459 4.352145407348377e-06
4.80903269 3.2247809813228373e-06
4.810383922 3.308119978293391e-06
4.811735153 3.923481346879241e-06
4.813086384999999 5.255072924201683e-06
4.814437616 6.256160546638716e-06
4.815788846999999 6.49199002255208e-06
4.817140079 6.362274834814531e-06
4.818491310000001 5.949085123389754e-06
4.819842542 6.155459141907134e-06
4.821193773 6.801053320107114e-06
4.822545005 7.188737048057332e-06
4.8238962359999995 6.845452236805075e-06
4.825247468 6.404397740521982e-06
4.826598699 5.624942887889749e-06
4.82794993 5.186946664316854e-06
4.829301162 5.174388961802285e-06
4.830652393 5.714931890252054e-06
4.8320036250000005 7.411012890244264e-06
4.833354856 7.496352009008084e-06
4.834706088 7.291946185285573e-06
4.836057318999999 7.162909220869307e-06
4.83740855 7.5148649854387726e-06
4.838759782 7.875771729604769e-06
4.840111013 7.637085885671972e-06
4.841462245 7.645833527370654e-06
4.842813476 7.708181658010086e-06
4.844164708 8.464372553648188e-06
4.845515939 9.582156643089381e-06
4.8468671709999995 9.520547053003293e-06
4.8482184020000005 8.83821921584569e-06
4.849569633 7.411631922219514e-06
4.850920865 6.009140690549991e-06
4.852272096 4.73938078367069e-06
4.853623327999999 2.914360203498661e-06
4.854974559 1.3031128889425522e-06
4.856325791000001 9.751840804338673e-07
4.857677022 7.26953352190391e-07
4.859028253 1.2888113684605896e-06
4.860379485 1.4120909494030722e-06
4.861730716 4.5647118309174146e-07
4.863081948 4.09379174694564e-07
4.864433179 1.5277976422103157e-06
4.865784411 2.925084354840922e-06
4.867135642 3.3909834187658508e-06
4.868486874 3.5594423513145573e-06
4.8698381049999995 3.0703221385117884e-06
4.8711893360000005 1.603421602631413e-06
4.872540568000001 2.1175300418342136e-06
4.873891799 1.8661984749984403e-06
4.875243031 1.6810527992897262e-06
4.876594261999999 2.2395160734704574e-06
4.8779454939999995 3.703016094703892e-06
4.879296725000001 4.583559087231349e-06
4.880647956 5.577507245905656e-06
4.881999188 6.721265750981019e-06
4.883350419 7.589795857332284e-06
4.884701651 7.868764099606468e-06
4.8860528819999995 7.402574762611764e-06
4.887404114 6.179123856202789e-06
4.888755345 5.738379579866357e-06
4.890106576999999 4.053553844848887e-06
4.891457808 2.0551601954769015e-06
4.892809038999999 7.050459194438555e-07
4.894160271 3.325321863378755e-07
4.895511502000001 4.306295574565656e-07
4.896862734 8.574342412884448e-07
4.898213965 2.2223611228401545e-06
4.899565197 2.7653990693490383e-06
4.900916428 2.9543891634184154e-06
4.902267660000001 2.4257235295940878e-06
4.903618891 1.5042708431087204e-06
4.904970122 1.581331639719971e-06
4.906321354 2.0723342041769863e-06
4.907672585 2.599838132901738e-06
4.9090238170000005 2.5718336281240184e-06
4.910375048 1.547617783218622e-06
4.91172628 1.2429971728285205e-06
4.913077511 9.329196058265923e-07
4.914428742 7.638560413962461e-07
4.915779974 1.3321122881814288e-06
4.917131205 2.0078084574625987e-06
4.918482437 2.5530678840015434e-06
4.919833668 2.0591669022481964e-06
4.9211849 1.4124077647229223e-06
4.922536131 5.064742985779214e-07
4.9238873629999995 1.8481176597774503e-07
4.9252385940000005 8.047003791669687e-08
4.926589825 1.0486752545747162e-07
4.927941057 5.617541040206696e-07
4.929292288 1.5004843081465307e-06
4.930643519999999 2.7518315478496226e-06
4.931994751 2.172048298900553e-06
4.933345983000001 1.33191590785537e-06
4.934697214 1.3306411709181385e-06
4.936048445 1.9778383786884434e-06
4.937399677 3.3616530605529e-06
4.938750908 4.2803417147808626e-06
4.94010214 5.268178233418795e-06
4.941453371 4.831055061151438e-06
4.942804603 4.466054322795656e-06
4.944155834 3.8112835258152524e-06
4.945507066 3.433986767973606e-06
4.9468582969999995 2.978386486855662e-06
4.9482095280000005 3.537457195006282e-06
4.949560760000001 4.446609357279365e-06
4.950911991 5.252654948267024e-06
4.952263223 5.346501631409441e-06
4.953614453999999 4.402785221825372e-06
4.9549656859999995 3.158349499509373e-06
4.9563169170000005 2.9592817924535084e-06
4.957668148 2.471171591047549e-06
4.95901938 2.014835242914728e-06
4.960370611 1.738421047544737e-06
4.961721843 1.7538949956316376e-06
4.9630730739999995 2.5287928031862326e-06
4.964424306 3.2973428310139746e-06
4.965775537000001 3.8718257058413175e-06
4.967126769 2.9569185925591833e-06
4.968478 3.016215828983431e-06
4.969829230999999 3.0016733595950983e-06
4.971180463 3.3587706719091043e-06
4.972531694000001 3.6443673169430766e-06
4.973882926 3.952524817395514e-06
4.975234157 4.524123574065604e-06
4.976585389 5.443230339681361e-06
4.97793662 6.189300342332917e-06
4.979287852000001 6.076408840664559e-06
4.980639083 5.8525829686177595e-06
4.981990314 4.327053837297217e-06
4.983341545999999 1.8850765303957193e-06
4.984692777 1.079882178834786e-06
4.986044009 1.0662787921465246e-06
4.98739524 9.727964411462613e-07
4.988746472 7.74061937489883e-07
4.990097703 1.581516076062164e-06
4.991448934 1.9191629011864893e-06
4.992800166 2.1224104810669482e-06
4.9941513969999995 1.8776137034440256e-06
4.995502629 1.9128456875111924e-06
4.99685386 2.415363938151269e-06
4.998205092 3.2656836696951878e-06
4.999556323 4.1600618575498305e-06
5.0009075549999995 4.015315017403947e-06
5.0022587860000005 3.7141458145627603e-06
5.003610017 3.13205298595726e-06
5.004961249 2.8782139086433553e-06
5.006312479999999 2.716203437165431e-06
5.007663711999999 2.3820634545195813e-06
5.009014943 1.9741651281948695e-06
5.010366175 1.6386218055553246e-06
5.011717406 1.4407892488697017e-06
5.013068637 1.6368885001115792e-06
5.014419869 1.89784682654301e-06
5.0157711 1.8293354617492345e-06
5.017122332 1.5461962421920713e-06
5.018473563 1.3982510122548582e-06
5.019824795000001 1.2987616427034163e-06
5.021176026 1.2198760860759772e-06
5.022527258 1.0224604156284748e-06
5.0238784889999994 8.401068867741966e-07
5.0252297200000005 6.525411598452512e-07
5.026580952000001 4.5697211130152915e-07
5.027932183 5.191808284016677e-07
5.029283415 6.924097771943086e-07
5.030634646 8.484672687444486e-07
5.031985878 8.500014015676811e-07
5.033337109 7.520845234608836e-07
5.034688341 7.231451423460693e-07
5.036039572 8.158992578266534e-07
5.037390803 8.409518413954861e-07
5.038742035 8.485278287668935e-07
5.0400932659999995 7.630105929337608e-07
5.041444498 6.773217377764243e-07
5.042795729000001 5.96993640879405e-07
5.044146961 5.723592633260526e-07
5.045498192 5.758415567710418e-07
5.046849422999999 6.530589253544567e-07
5.048200655 7.778272683565916e-07
5.049551886000001 8.386436855310416e-07
5.050903118 8.789993855758926e-07
5.052254349 7.653046325033779e-07
5.053605581 6.327726406919863e-07
5.054956812 4.738479331062922e-07
5.056308044000001 3.5716867106893076e-07
5.057659275 2.6744196780564745e-07
5.059010506 2.488717237707943e-07
5.060361737999999 2.639408859122131e-07
5.061712969 3.434182870442259e-07
5.063064201 4.802892840116477e-07
5.064415432 5.576640647476778e-07
5.065766664 6.301368816368203e-07
5.067117895 6.241471633593122e-07
5.068469126 6.096854051409867e-07
5.069820358 5.823021691696365e-07
5.0711715889999995 5.269642256676556e-07
5.072522821 4.59069065086914e-07
5.073874052 3.429755936108131e-07
5.075225284 2.4209568097891495e-07
5.076576515 1.8165890435967353e-07
5.0779277469999995 1.5478388622524724e-07
5.0792789780000005 2.0212372618857272e-07
5.080630209 2.6123391349715823e-07
5.081981441 3.0510278940606643e-07
5.083332671999999 3.4817837770078326e-07
5.084683904 3.4989966745659336e-07
5.086035135 3.472712985580661e-07
5.087386367 3.35349517452109e-07
5.088737598 3.2350334834942536e-07
5.090088829 3.120276303327828e-07
5.091440061 2.893652025703197e-07
5.092791292 2.6727681552121895e-07
5.094142524 2.3494167912800837e-07
5.095493755000001 2.1005787775994045e-07
5.096844987000001 1.83412535359679e-07
5.098196218 1.5624336931898736e-07
5.09954745 1.266221643149372e-07
