Wavelength_microns Throughput
2.0004663860000003 2.812253306755482e-10
2.002074478 2.546858079229694e-10
2.00368257 2.3217167495244392e-10
2.005290662 2.1333290019124842e-10
2.006898754 1.9699222278842504e-10
2.008506846 1.8414713793947987e-10
2.010114938 1.7247295261081883e-10
2.01172303 1.610021341940341e-10
2.013331122 1.5175018516489015e-10
2.014939214 1.4374142500393617e-10
2.016547306 1.3499373406411913e-10
2.018155398 1.2884329907822832e-10
2.01976349 1.2212316818346244e-10
2.021371582 1.1753617121410847e-10
2.022979674 1.1366120170589619e-10
2.0245877660000002 1.0888240720294021e-10
2.026195858 1.0598381787659701e-10
2.027803949 1.0348541900248128e-10
2.029412041 1.0099637182195569e-10
2.031020133 9.87344338731362e-11
2.032628225 9.611046383917102e-11
2.034236317 9.233874165508998e-11
2.035844409 9.018138548087268e-11
2.037452501 8.844076414225495e-11
2.039060593 8.760131323628175e-11
2.040668685 8.811645125702907e-11
2.042276777 8.828355589616509e-11
2.0438848689999998 8.893304711396901e-11
2.045492961 9.026483038906535e-11
2.047101053 9.209674984445399e-11
2.0487091449999997 9.449334166488334e-11
2.0503172370000002 9.672837418998307e-11
2.0519253290000004 9.887194426163834e-11
2.053533421 1.024451080136157e-10
2.055141513 1.057976104745268e-10
2.056749605 1.1067287521843629e-10
2.058357697 1.1598141809258289e-10
2.059965788 1.230044483838285e-10
2.06157388 1.303065791757925e-10
2.0631819719999998 1.3805539894210017e-10
2.064790064 1.4717674687304292e-10
2.066398156 1.578090559469587e-10
2.068006248 1.6982322124608283e-10
2.06961434 1.8306851046892802e-10
2.071222432 1.9771957644431438e-10
2.072830524 2.157068554093561e-10
2.074438616 2.346381732303735e-10
2.076046708 2.585651573036442e-10
2.0776548 2.835701495371271e-10
2.079262892 3.1234827676673043e-10
2.080870984 3.4537674313874196e-10
2.0824790760000003 3.8116062931006625e-10
2.084087168 4.253407609510508e-10
2.08569526 4.783349533836639e-10
2.0873033519999997 5.405660579630097e-10
2.088911444 6.188004992647868e-10
2.090519536 7.123219968479893e-10
2.092127627 8.217720571126038e-10
2.0937357189999997 9.535981411327656e-10
2.0953438110000002 1.1051160180863159e-09
2.0969519030000003 1.274243580634757e-09
2.098559995 1.4864537573570055e-09
2.100168087 1.7476257521907971e-09
2.101776179 2.0400759354367328e-09
2.103384271 2.3879541064436595e-09
2.104992363 2.787482621759488e-09
2.1066004549999997 3.2176248194887125e-09
2.1082085470000003 3.690153042291917e-09
2.109816639 4.166688033514196e-09
2.111424731 4.6134673639576006e-09
2.113032823 4.959838013070561e-09
2.114640915 5.206615006857923e-09
2.116249007 5.411562391801991e-09
2.1178570989999996 5.4825960587615935e-09
2.1194651909999997 5.573047126682464e-09
2.1210732830000003 5.590348743870589e-09
2.122681375 5.573444618854913e-09
2.124289466 5.497657647873464e-09
2.125897558 5.416303028994311e-09
2.1275056500000002 5.327026414211844e-09
2.129113742 5.2238788955532785e-09
2.130721834 5.135860107725299e-09
2.1323299259999997 5.0225802083461505e-09
2.133938018 4.867852372188525e-09
2.1355461100000004 4.7291749218058045e-09
2.137154202 4.6123272586251275e-09
2.138762294 4.499424124370037e-09
2.140370386 4.349292288734734e-09
2.141978478 4.197930943898186e-09
2.14358657 4.011343600333328e-09
2.1451946619999998 3.822125643389741e-09
2.146802754 3.6458042522378243e-09
2.1484108460000004 3.483383626041271e-09
2.150018938 3.324151958130344e-09
2.15162703 3.1581388362836184e-09
2.153235122 3.004218837167763e-09
2.154843214 2.826320130512784e-09
2.156451305 2.6705207131594156e-09
2.158059397 2.503598110337138e-09
2.159667489 2.3567612968704453e-09
2.161275581 2.2147873303555014e-09
2.1628836729999996 2.0729855310838076e-09
2.164491765 1.924728391212921e-09
2.1660998570000003 1.7598681260819802e-09
2.167707949 1.6094785555845969e-09
2.169316041 1.4593774208358317e-09
2.170924133 1.323476057593882e-09
2.172532225 1.1856947785723504e-09
2.174140317 1.0614221665731044e-09
2.1757484089999997 9.56312100821355e-10
2.177356501 8.660850745454639e-10
2.1789645930000003 8.041411601996556e-10
2.180572685 7.782787956673572e-10
2.182180777 7.524253374732989e-10
2.183788869 7.016271349419935e-10
2.185396961 6.612161336988339e-10
2.187005053 6.489305019951464e-10
2.1886131449999997 6.476852953094692e-10
2.1902212359999997 6.064428860004409e-10
2.191829328 5.326853498826156e-10
2.1934374200000004 4.760944893177697e-10
2.195045512 4.526513524263972e-10
2.196653604 4.4485898247916174e-10
2.198261696 4.976953718556659e-10
2.199869788 5.763522419063115e-10
2.20147788 6.124596080812745e-10
2.203085972 6.10295664462408e-10
2.204694064 6.392115523328109e-10
2.206302156 7.395118920321771e-10
2.207910248 8.654009586369154e-10
2.2095183400000002 8.811236371751091e-10
2.211126432 9.169812565186937e-10
2.212734524 9.873818324617487e-10
2.2143426159999997 1.0978002824762484e-09
2.215950708 1.227007000499715e-09
2.2175588 1.2687560725139881e-09
2.219166892 1.329818184909413e-09
2.220774984 1.253549271426008e-09
2.222383075 1.202435890537909e-09
2.2239911670000003 1.2794541290024623e-09
2.225599259 1.5184217708776103e-09
2.227207351 1.8104029663839955e-09
2.228815443 1.976888408172288e-09
2.230423535 2.189163902766727e-09
2.232031627 1.866354050842736e-09
2.2336397189999997 2.065094662227479e-09
2.2352478110000003 2.018800535107798e-09
2.236855903 1.3675065535942546e-09
2.238463995 9.565391520045786e-10
2.240072087 9.626735233812204e-10
2.241680179 1.4688643655317538e-09
2.243288271 3.0524196694616622e-09
2.2448963629999996 3.843455845157181e-09
2.2465044549999997 4.295317454186863e-09
2.2481125470000003 2.837058104297978e-09
2.249720639 2.8576717123206e-09
2.251328731 2.0187341130947362e-09
2.252936823 1.3332713428283175e-09
2.2545449140000002 1.9766259725628608e-09
2.256153006 3.514440991908756e-09
2.257761098 6.453952942670629e-09
2.2593691899999997 5.8988799081627574e-09
2.260977282 5.588689528125314e-09
2.262585374 2.363948128798334e-09
2.264193466 6.171740160075729e-10
2.265801558 1.5748478447182453e-09
2.2674096500000003 3.255033181458213e-10
2.269017742 6.706595587565179e-11
2.270625834 4.070379273279715e-11
2.2722339259999997 4.2749663788127064e-11
2.273842018 4.470796349792958e-11
2.2754501100000004 1.7211026756761777e-10
2.277058202 1.5213297519074846e-09
2.278666294 6.416504743910624e-09
2.280274386 1.0745042454686275e-08
2.281882478 3.610562259415752e-08
2.28349057 4.261408313466758e-08
2.285098662 4.989043879832095e-08
2.286706753 5.007590144429171e-08
2.288314845 5.0480317465800244e-08
2.2899229369999996 5.585682376642893e-08
2.291531029 5.404266670899517e-08
2.2931391210000003 5.238991529140332e-08
2.294747213 5.091391277704397e-08
2.296355305 5.386508458925619e-08
2.297963397 6.86039792547958e-08
2.299571489 4.859039167395923e-08
2.301179581 4.499221617346905e-08
2.3027876729999996 4.159122780355887e-08
2.304395765 3.485484178912345e-08
2.3060038570000003 2.9441483567083066e-08
2.307611949 1.4400622095388024e-08
2.309220041 6.353942211057906e-09
2.310828133 4.471740739160103e-09
2.312436225 1.077165291825355e-08
2.314044317 2.6360792073931736e-08
2.3156524089999997 8.741394455706439e-09
2.3172605010000003 1.4936570038790288e-09
2.318868592 6.367788645494199e-10
2.3204766840000004 1.0457617529620768e-09
2.322084776 1.9367208583850473e-09
2.323692868 5.460403826322357e-09
2.32530096 2.2490360602681254e-08
2.326909052 1.00326068220949e-07
2.328517144 1.793537768222269e-07
2.3301252359999998 3.4688548452698407e-07
2.331733328 6.017415345675115e-07
2.33334142 7.82312498673355e-07
2.334949512 1.028937975762604e-06
2.3365576040000002 8.676053797253824e-07
2.338165696 6.180225293503744e-07
2.339773788 4.5034231540083576e-07
2.3413818799999997 4.32546777866843e-07
2.342989972 4.112865409039132e-07
2.344598064 3.186733923113247e-07
2.346206156 1.9930212952154782e-07
2.347814248 1.2472833767132754e-07
2.3494223400000003 1.5449331699285964e-07
2.3510304310000003 2.1830218490965224e-07
2.352638523 1.9489717904421164e-07
2.354246615 4.2293361509019824e-08
2.3558547069999998 1.9975605121266314e-07
2.357462799 3.325258927247459e-07
2.359070891 1.08667645019359e-07
2.3606789829999997 3.685967977207763e-08
2.3622870750000002 1.3202837339516526e-08
2.363895167 5.8688209422058935e-09
2.365503259 4.565071772305582e-09
2.367111351 2.186676749820273e-08
2.368719443 1.891363528358656e-07
2.370327535 4.995742729413938e-07
2.371935627 3.549388007933548e-07
2.3735437189999997 2.5141227958145975e-07
2.3751518110000003 5.946813321089335e-08
2.376759903 3.723909165261029e-08
2.378367995 1.3073002356401826e-07
2.379976087 2.2665211542573123e-07
2.381584179 3.947721975094823e-07
2.383192271 4.885581383354796e-07
2.384800362 3.359053856591203e-07
2.3864084539999997 2.312632054566463e-07
2.388016546 1.5857146350510884e-07
2.389624638 1.0850064468724385e-07
2.39123273 7.459264891131485e-08
2.392840822 1.7519358951790574e-07
2.3944489140000003 4.790732377635324e-07
2.396057006 1.1426283667759278e-06
2.397665098 1.241158176267041e-06
2.3992731899999997 1.4962567624083364e-06
2.400881282 2.236305813611755e-06
2.4024893740000004 2.631663271248271e-06
2.404097466 3.101290037519472e-06
2.405705558 2.2981967977305507e-06
2.40731365 1.368335796143049e-06
2.408921742 8.644479094023021e-07
2.410529834 1.3930624166558752e-07
2.4121379259999998 1.9962731242500962e-08
2.413746018 4.6047458846083515e-09
2.41535411 4.609219831915729e-09
2.416962201 4.613694866181148e-09
2.418570293 4.618170990580356e-09
2.4201783850000003 4.622728526910378e-09
2.421786477 4.63214963226146e-09
2.423394569 1.0193720658412918e-08
2.425002661 8.984645632675759e-08
2.426610753 9.042941759836046e-07
2.428218845 1.3272241060004313e-06
2.4298269369999996 8.896366227927803e-07
2.431435029 6.804910534906257e-07
2.4330431210000003 1.2344442664808154e-07
2.434651213 1.758805507920815e-08
2.436259305 4.867045561604557e-09
2.4378673969999998 4.689205023351924e-09
2.439475489 4.695198078477964e-09
2.441083581 5.361314988986589e-09
2.4426916729999997 3.074293915623265e-08
2.4442997650000002 2.294453487781153e-07
2.4459078570000004 1.0800028217540364e-06
2.447515949 9.83544457455859e-07
2.44912404 1.0099791582715662e-06
2.450732132 9.94365814591598e-07
2.452340224 9.483424229088188e-07
2.453948316 9.969195606702726e-07
2.455556408 1.166002087583995e-06
2.4571644999999998 1.545822739260563e-06
2.458772592 2.434755153822054e-06
2.460380684 3.1866073337701104e-06
2.461988776 2.683556884527608e-06
2.463596868 2.264152185369656e-06
2.46520496 1.5519336215838264e-06
2.466813052 1.1283457754424322e-06
2.468421144 1.1477558596104595e-06
2.470029236 1.5127079610697668e-06
2.471637328 1.8752793263961917e-06
2.47324542 2.3710790244764228e-06
2.474853512 2.874786105334946e-06
2.4764616040000003 3.4834538243794834e-06
2.478069696 4.294845200026326e-06
2.479677788 4.32052044976788e-06
2.481285879 4.307107206921954e-06
2.4828939709999998 4.392719099211802e-06
2.484502063 3.806114017809247e-06
2.486110155 3.3069453616292364e-06
2.4877182469999997 2.9199891204611403e-06
2.489326339 2.3828656617526696e-06
2.4909344310000003 2.206409903120153e-06
2.492542523 2.099949708813741e-06
2.494150615 2.189048449804971e-06
2.495758707 2.324671278441044e-06
2.497366799 2.50715794934525e-06
2.498974891 2.8000363990284716e-06
2.499778162 2.105627825923678e-06
2.5011293930000003 3.4077834603728854e-06
2.502480624 4.8266207120995935e-06
2.5038318559999997 4.864920217609614e-06
2.505183087 8.915843393302838e-06
2.506534319 5.67246376888253e-06
2.50788555 4.963152751865299e-07
2.509236782 1.3770300366421005e-06
2.510588013 1.625619744807527e-06
2.511939244 1.844355766442136e-06
2.5132904760000003 2.1624355469050274e-06
2.514641707 1.2762245323221057e-06
2.515992939 2.791597623258255e-06
2.51734417 8.825442458919805e-07
2.5186954019999996 6.4165042649538e-06
2.5200466329999998 6.3718995370382455e-06
2.521397865 6.947109142545692e-06
2.522749096 1.5932532165217145e-06
2.524100327 2.7317078175001034e-06
2.525451559 3.6400181408095234e-06
2.52680279 1.5401037768094272e-06
2.5281540220000003 5.975976977359683e-08
2.529505253 1.9067503234938208e-06
2.5308564849999997 1.939663404850418e-06
2.532207716 6.696368245538042e-07
2.533558948 2.663954821519525e-06
2.534910179 2.4031863308872826e-06
2.5362614100000003 1.7484662169856439e-06
2.537612642 2.326558051927128e-06
2.538963873 1.1326619293605646e-06
2.5403151050000004 1.1179386419499146e-06
2.5416663359999996 4.729222431102878e-09
2.5430175680000002 9.392673952559137e-07
2.544368799 2.2877509645106113e-06
2.54572003 3.26299845813282e-06
2.547071262 8.584922244557584e-06
2.548422493 4.8323584748267664e-06
2.549773725 2.61978247606079e-06
2.551124956 3.030484882692883e-06
2.552476188 2.5877989594313093e-07
2.553827419 4.560434276769451e-06
2.5551786510000003 2.06399062039456e-06
2.556529882 9.249587044230388e-07
2.557881113 1.3006192013043074e-06
2.559232345 2.380806312300954e-06
2.560583576 3.6867987543845626e-06
2.561934808 2.1306059929635056e-06
2.5632860390000003 8.139208480188335e-07
2.564637271 3.22460618956269e-06
2.565988502 7.157400599490845e-06
2.567339733 3.329471268506454e-06
2.5686909649999996 3.5573624031551312e-06
2.5700421959999997 6.782822418348706e-06
2.571393428 5.631776826045541e-06
2.572744659 1.2663927076199442e-06
2.574095891 2.0707061684696843e-06
2.575447122 5.266289843645775e-06
2.576798354 7.022425664830105e-06
2.5781495850000002 1.766392636648793e-06
2.5795008160000004 1.5164936107328653e-06
2.580852048 1.3804855440881768e-06
2.582203279 1.2914384112191938e-06
2.583554511 1.2659175102308497e-06
2.584905742 1.969559454543854e-06
2.586256974 4.257699863463402e-06
2.587608205 4.952067259413324e-06
2.588959437 1.2553694651485232e-06
2.590310668 1.1906247694260561e-06
2.591661899 2.873016980983189e-06
2.593013131 4.636013363157578e-06
2.594364362 2.3193992369547124e-06
2.5957155939999996 3.3347601533187637e-08
2.5970668249999997 5.7749386689914364e-06
2.598418057 3.536998917775037e-06
2.599769288 1.067802949648711e-06
2.601120519 6.626955035406261e-07
2.602471751 3.4370956811614898e-06
2.603822982 2.227964311555351e-06
2.6051742140000003 8.158874404896481e-09
2.6065254450000004 3.2595993094378055e-06
2.607876677 7.101176468260968e-07
2.609227908 2.1891838914080453e-06
2.61057914 5.2894015278767005e-09
2.611930371 3.0469668019415715e-07
2.613281602 2.171467005909638e-06
2.614632834 2.241661560345873e-06
2.615984065 2.921916887462942e-08
2.617335297 1.79554096202042e-08
2.618686528 3.678808336910499e-06
2.62003776 4.24677587096392e-06
2.621388991 4.283925081358058e-06
2.622740222 4.841054451727324e-06
2.6240914539999998 1.5553301947355393e-06
2.625442685 9.074745847632889e-07
2.626793917 3.534927725781081e-06
2.628145148 1.1842656412541144e-06
2.62949638 2.089154512567832e-06
2.630847611 2.077312713678106e-06
2.6321988430000003 2.442424248374594e-06
2.6335500740000004 2.3479159976021446e-06
2.634901305 4.053797102207395e-07
2.636252537 2.5228138954246573e-06
2.637603768 3.912555245303275e-06
2.6389549999999997 2.487088091672552e-06
2.640306231 3.873543044282959e-06
2.641657463 2.5317345460695846e-06
2.643008694 4.073186703160775e-06
2.6443599250000003 5.12870236361272e-06
2.645711157 4.759204403576633e-06
2.6470623879999997 5.218189551856265e-06
2.64841362 3.958248611190467e-06
2.649764851 4.851350527801866e-06
2.651116083 4.822026412227724e-06
2.652467314 5.608617404872755e-06
2.653818546 8.09677988348437e-06
2.6551697770000002 6.641756013083986e-06
2.6565210080000004 2.373327507439035e-06
2.65787224 2.762235545565305e-06
2.659223471 5.449631274881866e-06
2.6605747030000004 3.141977313925153e-06
2.6619259339999997 1.5803329578587848e-06
2.663277166 5.985394081742749e-06
2.664628397 5.337128618630221e-06
2.6659796289999997 5.953308703616391e-07
2.66733086 2.0716864657060814e-08
2.668682091 6.38192543200407e-09
2.670033323 1.0785006832612986e-06
2.6713845540000003 6.279868676296666e-06
2.672735786 6.980735376208835e-06
2.6740870169999997 4.34094784257469e-06
2.675438249 6.258107285206548e-06
2.67678948 7.0302565259201895e-06
2.678140711 6.862364117999259e-06
2.679491943 5.494352765429236e-06
2.680843174 2.0538188677893814e-06
2.6821944060000003 1.2451828913411087e-06
2.6835456370000004 9.636019878859593e-07
2.684896869 1.0937225720684314e-08
2.6862481 2.3788371767563797e-08
2.6875993319999996 2.536797509211579e-06
2.6889505629999997 3.721997627244284e-06
2.690301794 2.3868079082649583e-06
2.691653026 3.7690759881755202e-06
2.693004257 4.68385110046352e-06
2.694355489 7.356645130735585e-07
2.69570672 1.5725581743743416e-06
2.697057952 2.0670986804400158e-06
2.6984091830000003 2.9187646214955407e-06
2.699760414 1.638145378018834e-06
2.7011116459999998 5.008285021480389e-06
2.702462877 4.799514662699948e-06
2.703814109 5.23574122523497e-06
2.70516534 7.28990826911162e-06
2.706516572 6.902817225965744e-06
2.707867803 3.816859535730452e-06
2.7092190350000003 3.9098433364700956e-06
2.7105702660000004 4.271960281649938e-06
2.7119214969999996 2.27448569804759e-06
2.713272729 1.8547847083478333e-06
2.71462396 6.273006422491514e-07
2.7159751919999997 1.0907251185943475e-08
2.717326423 1.8812667198759883e-06
2.718677655 1.990667332144684e-06
2.720028886 3.2310183111527523e-06
2.7213801170000003 1.6598368015812312e-06
2.722731349 1.5305201080459718e-07
2.7240825799999997 1.4200251129791627e-06
2.7254338120000003 1.9251861530025393e-06
2.726785043 4.190929512736562e-06
2.7281362749999998 3.7052817844735646e-06
2.729487506 1.6373967726975186e-06
2.730838738 1.5652281224741659e-06
2.732189969 1.353152294753694e-06
2.7335412000000003 1.3213557436335116e-06
2.734892432 2.0060683411494533e-08
2.736243663 4.763051401343561e-09
2.737594895 2.284416485531097e-06
2.7389461259999996 3.4505941591472894e-06
2.740297358 2.9300473653125997e-06
2.741648589 1.8501183991260876e-06
2.7429998209999997 3.270089792473891e-07
2.744351052 6.430427966385744e-07
2.745702283 4.779673455530967e-09
2.747053515 4.78200140256263e-09
2.7484047460000003 7.807540902547824e-09
2.749755978 5.926153344656831e-09
2.7511072089999997 2.010183530785107e-06
2.7524584410000004 3.6871533028239003e-06
2.753809672 3.383245746975381e-06
2.755160903 3.2537549366415564e-06
2.756512135 2.4591058681796332e-06
2.757863366 2.090634906821472e-06
2.7592145980000002 2.0895743024470822e-06
2.760565829 6.98053835379366e-06
2.761917061 6.296437001200416e-06
2.7632682920000002 6.6740319525698014e-06
2.764619524 8.05847802538816e-06
2.7659707549999997 9.9136225750823e-07
2.767321986 4.714912731871302e-09
2.768673218 5.904745663344808e-07
2.770024449 1.8856087155637844e-06
2.771375681 1.3291840716511422e-06
2.772726912 1.4333837079476355e-06
2.774078144 1.287375931959462e-06
2.7754293750000003 4.971898607029436e-09
2.776780606 3.99864843428222e-07
2.7781318379999997 2.289790458329644e-06
2.779483069 2.312040710835407e-06
2.780834301 3.195311479306048e-06
2.782185532 1.767193311206072e-06
2.783536764 1.3834845524050487e-06
2.784887995 1.7805147319855774e-06
2.786239227 1.1373625424323705e-06
2.787590458 2.4417824031315792e-06
2.788941689 2.302612542056528e-06
2.7902929210000003 1.6475474840065234e-08
2.791644152 1.0032516426449287e-06
2.7929953839999997 5.964791339373306e-07
2.794346615 6.299854210009018e-07
2.795697847 2.3152263207207235e-06
2.797049078 1.7193645419800146e-06
2.7984003090000003 1.3217161286402966e-06
2.799751541 3.0619325763523533e-06
2.801102772 4.981090374100992e-06
2.8024540040000003 4.5772571346361207e-07
2.803805235 4.7461862424024765e-09
2.8051564669999998 3.397755214705075e-07
2.806507698 1.2260669272084768e-06
2.80785893 1.8528137164554306e-06
2.8092101609999998 1.496159551064298e-06
2.810561392 1.3191862108600118e-06
2.811912624 1.9983544354548708e-07
2.813263855 4.743669492620905e-09
2.814615087 4.740802038130479e-09
2.8159663179999996 9.212250818933051e-07
2.8173175500000003 1.6466558037694559e-06
2.818668781 1.3386973933880185e-06
2.8200200129999997 2.714292008231071e-06
2.821371244 1.9590009191767316e-06
2.822722475 1.3390872164292318e-06
2.824073707 1.0885166665097255e-06
2.8254249380000003 4.733532981325187e-09
2.82677617 4.731813113958254e-09
2.828127401 4.729950857233715e-09
2.8294786330000004 4.322216898968265e-07
2.830829864 1.052599768877699e-06
2.8321810949999997 2.431344397921349e-07
2.833532327 1.7425035142352027e-06
2.834883558 3.40872832086144e-06
2.83623479 1.5303852585856882e-06
2.837586021 9.685745216548047e-07
2.838937253 1.1199851420066399e-07
2.8402884840000002 4.093838593521816e-06
2.841639716 1.9811667446015868e-06
2.8429909469999997 1.678419371583669e-07
2.8443421779999998 1.3039102711234657e-06
2.84569341 4.692548601995513e-09
2.847044641 4.689707743829752e-09
2.848395873 2.9551429761208482e-06
2.849747104 4.405820190069452e-06
2.851098336 5.806102643634805e-07
2.8524495670000003 4.673138910790803e-09
2.8538007980000004 1.2689213945044246e-07
2.85515203 4.661821109822444e-09
2.856503261 4.656359695215506e-09
2.8578544929999996 2.302989017057713e-07
2.8592057239999997 6.251633319471401e-08
2.860556956 1.2840858934715867e-06
2.861908187 8.415214812090484e-07
2.863259419 2.987775030996689e-08
2.86461065 1.0633267375513163e-08
2.865961881 2.1384035752018345e-06
2.8673131130000002 1.0614654223700203e-06
2.868664344 8.865855162257396e-09
2.8700155759999997 4.618986225432137e-09
2.871366807 2.412642588770181e-07
2.872718039 2.603731210316226e-06
2.87406927 5.3666445099531485e-08
2.8754205010000002 4.611103053998512e-09
2.876771733 2.6494957062687257e-08
2.878122964 6.300514278532349e-07
2.8794741960000003 1.0399236155475236e-06
2.8808254270000004 1.1996940775343854e-08
2.882176659 4.602112877184573e-09
2.88352789 4.60026946821666e-09
2.8848791219999996 1.9554132499393874e-08
2.8862303529999997 4.590987759620878e-09
2.887581584 5.525084297408979e-07
2.888932816 9.051326262553758e-07
2.890284047 4.585109640418837e-09
2.891635279 4.436342481601133e-07
2.89298651 1.7713778354635511e-06
2.8943377420000003 3.341493992943823e-06
2.895688973 3.544201673665546e-06
2.8970402049999997 3.5578677596399015e-06
2.898391436 2.9305026648486784e-06
2.899742667 2.1150946986544222e-06
2.901093899 1.9329599248659208e-06
2.9024451300000003 3.8818561557753435e-08
2.903796362 8.644750813936068e-09
2.905147593 3.60379738745864e-06
2.9064988250000003 2.594932624718698e-06
2.907850056 4.90597736860912e-07
2.9092012869999997 1.465771109398207e-06
2.910552519 1.9265281623278716e-06
2.91190375 1.9532296185788202e-06
2.9132549819999998 3.2392936478968965e-06
2.914606213 4.39615757377478e-06
2.915957445 3.1248791009066343e-06
2.917308676 2.9178508839574478e-06
2.918659908 2.062977332513133e-06
2.920011139 2.743946328539595e-06
2.9213623699999998 4.520222031799174e-06
2.922713602 2.5094903701829687e-06
2.924064833 1.590662778551132e-06
2.925416065 1.448254292707974e-06
2.926767296 2.6631957491259795e-06
2.928118528 2.27260062769061e-06
2.9294697590000003 3.4401295597939723e-06
2.93082099 6.232334596605411e-06
2.932172222 2.996787738555268e-06
2.933523453 1.4796847617572567e-06
2.934874685 1.6239797718583004e-06
2.9362259159999997 1.7690881074630533e-06
2.937577148 3.977383091870323e-06
2.938928379 1.1496624211388804e-08
2.940279611 4.403868002465183e-09
2.941630842 9.327761010326504e-08
2.942982073 4.389798452237661e-09
2.9443333050000002 4.974861112686772e-07
2.9456845360000004 4.3770573339940547e-07
2.947035768 2.7983776631295398e-08
2.948386999 6.5581750303435535e-09
2.949738231 1.183789271842427e-06
2.951089462 6.9134387272934104e-09
2.952440694 4.5117567306507776e-09
2.953791925 1.36994735622315e-06
2.955143156 4.472750431316153e-07
2.956494388 4.330295959612098e-09
2.957845619 3.668019777789966e-07
2.959196851 4.3274047607456217e-07
2.960548082 4.3105248390564555e-09
2.9618993139999996 4.3043169368340865e-09
2.9632505449999997 4.298331349234457e-09
2.964601776 4.292547885834256e-09
2.965953008 4.286951634248959e-09
2.967304239 4.281571568665805e-09
2.968655471 4.276373758131178e-09
2.970006702 3.2811754859965277e-09
2.9713579340000003 1.6923182223892973e-06
2.9727091650000004 6.055388181051406e-09
2.974060397 9.717692696859099e-07
2.975411628 7.164993627483411e-07
2.976762859 1.290839407605094e-07
2.978114091 2.718835271561868e-06
2.979465322 3.642314416856169e-06
2.980816554 2.216984524470081e-06
2.982167785 6.528913990856499e-07
2.983519017 2.4421814996386993e-06
2.984870248 7.028072435708484e-06
2.9862214789999997 4.566628036630968e-06
2.987572711 2.3629146093441857e-06
2.988923942 2.918931642197217e-06
2.9902751739999998 5.48078006159622e-06
2.991626405 5.009832568169086e-06
2.992977637 4.3703501225185636e-06
2.994328868 5.8155060307753914e-06
2.9956801 7.063039165121135e-06
2.997031331 4.194804955151192e-06
2.9983825619999998 4.6032272043600045e-06
2.9997337940000004 1.5821640136271896e-06
3.001085025 2.155911803007522e-06
3.002436257 6.021427170896157e-06
3.003787488 5.961466708198815e-06
3.0051387199999997 3.191902955486268e-06
3.006489951 8.127622121666265e-07
3.007841182 6.760966969601351e-08
3.009192414 2.8664526510373163e-06
3.0105436450000003 3.750283750753683e-06
3.011894877 1.969844635928763e-07
3.0132461079999997 2.0262140240227422e-06
3.01459734 3.1846497010054724e-06
3.015948571 1.8026419622418585e-06
3.017299803 1.4008322322208025e-06
3.018651034 1.5764242987545252e-06
3.020002265 9.726821648639377e-07
3.021353497 2.3597749036077923e-06
3.0227047280000003 1.3653671809537168e-06
3.02405596 1.5407053847110738e-06
3.0254071909999998 4.3392602577444254e-07
3.0267584230000004 3.8047987632707306e-06
3.0281096539999997 5.191985933947504e-06
3.029460886 3.832748078421471e-06
3.030812117 2.5067197485102557e-06
3.032163348 3.674402893859339e-06
3.03351458 3.0948796096826313e-06
3.034865811 1.5783280200498818e-06
3.036217043 2.418656384791135e-06
3.0375682740000003 5.315441484235926e-06
3.038919506 6.206354301020546e-06
3.0402707369999997 7.141049842822082e-06
3.041621968 2.755741458808327e-06
3.0429732 1.867256795035917e-06
3.044324431 4.432971073952987e-06
3.045675663 8.042294008931691e-07
3.047026894 1.5332875320879581e-06
3.0483781260000002 5.1026027940109655e-06
3.0497293570000004 6.826702715062991e-06
3.051080589 3.487130183728118e-06
3.05243182 4.056341498251508e-09
3.053783051 9.507165277329867e-07
3.0551342829999997 3.8044875809591225e-06
3.056485514 4.726805969772809e-06
3.057836746 5.666963740649815e-06
3.059187977 1.4008546091543658e-06
3.060539209 2.3444336576266692e-06
3.06189044 4.164187979904394e-06
3.063241671 2.3488089929116127e-06
3.0645929030000003 2.950280856047104e-06
3.065944134 2.467743090235505e-06
3.0672953659999997 3.3578630305490074e-06
3.068646597 5.149955443703819e-06
3.069997829 6.9219409166738794e-06
3.07134906 5.162883612134207e-06
3.072700292 2.6960031267299245e-06
3.074051523 3.6119098092085323e-06
3.075402754 3.437472098514394e-06
3.0767539860000004 5.38622913459187e-06
3.0781052169999996 5.375312006046155e-06
3.079456449 5.733034432062495e-06
3.08080768 7.87983201949332e-06
3.0821589119999997 1.0171892319785583e-05
3.083510143 1.0363905143997598e-05
3.084861374 9.984048363024485e-06
3.086212606 1.0956666383192244e-05
3.0875638370000003 9.198640273436677e-06
3.088915069 6.420175220413976e-06
3.0902662999999997 4.025789086654773e-06
3.0916175320000003 4.440821593761741e-06
3.092968763 4.529398477889062e-06
3.0943199949999998 2.82481058813339e-06
3.095671226 4.00574451982688e-06
3.097022457 5.7711284761223125e-06
3.098373689 5.492966333945976e-06
3.0997249200000003 5.359764563488208e-06
3.101076152 3.590572534248804e-06
3.102427383 1.7588023338253352e-06
3.103778615 1.9843364637310166e-07
3.1051298459999996 1.1751268017769093e-07
3.106481078 2.8152505583542097e-06
3.107832309 4.075405150243116e-06
3.10918354 5.870385673847666e-06
3.110534772 5.4985908786231565e-06
3.111886003 6.348687941879382e-06
3.113237235 5.015304788954159e-06
3.1145884660000003 5.697909655922138e-06
3.115939698 5.341721519407875e-06
3.1172909289999997 5.570939411086528e-06
3.11864216 7.6049113556581095e-06
3.119993392 4.711320205080156e-06
3.121344623 3.653863285068094e-06
3.122695855 5.526703109705533e-06
3.124047086 5.612563846290178e-06
3.1253983180000002 2.200161047216168e-06
3.126749549 2.1315710281452615e-06
3.128100781 4.284787970344e-06
3.1294520120000002 3.773418820896613e-06
3.130803243 1.130986569462198e-06
3.1321544749999997 1.7035006754801424e-06
3.133505706 3.6259580747376842e-06
3.134856938 4.52202629839479e-06
3.136208169 4.1690084935159214e-06
3.137559401 4.37509907213288e-06
3.138910632 5.4685007041521e-06
3.140261863 8.20030083249946e-06
3.1416130950000003 6.470427239017112e-06
3.142964326 4.934448294003102e-06
3.1443155579999997 5.146034714052497e-06
3.145666789 3.8159985991357574e-06
3.147018021 2.575464339646265e-06
3.148369252 5.916672538942657e-06
3.149720484 8.656276099843946e-06
3.151071715 7.93895833262671e-06
3.152422946 5.689233370144907e-06
3.153774178 5.9180496281967005e-06
3.155125409 3.920152351397723e-06
3.1564766410000002 5.5473520216288906e-06
3.157827872 4.8466358102766905e-06
3.1591791039999997 5.2671651182516036e-06
3.160530335 6.142556646020671e-06
3.161881566 9.126218445213375e-06
3.163232798 8.950164602440052e-06
3.1645840290000002 1.005790834632134e-05
3.165935261 9.83033292022608e-06
3.167286492 5.5140326568463925e-06
3.1686377240000003 5.2996472492966816e-06
3.169988955 6.198573723715853e-06
3.1713401869999998 5.684815075507671e-06
3.172691418 5.544101647638876e-06
3.174042649 4.539279728841107e-06
3.1753938809999998 5.146516500684735e-06
3.176745112 5.071590455255831e-06
3.178096344 6.69582774282114e-06
3.179447575 7.839147339227779e-06
3.180798807 6.345592591210162e-06
3.182150038 5.206264822259617e-06
3.1835012700000003 5.706182752011905e-06
3.184852501 7.066642665459147e-06
3.186203732 5.2258168328974315e-06
3.187554964 3.1156930390590733e-06
3.188906195 5.6458888616404075e-06
3.190257427 7.291380020398513e-06
3.1916086580000003 5.204120378384631e-06
3.19295989 1.867677359436391e-06
3.194311121 5.228773023041492e-07
3.195662352 1.3524576977437366e-06
3.197013584 1.5690927866703175e-06
3.1983648149999997 7.601021124917717e-07
3.199716047 1.4082114902937939e-06
3.201067278 2.942218260327338e-06
3.2024185099999998 3.2173537899368696e-06
3.203769741 3.225963791919747e-06
3.205120973 3.234421465106678e-06
3.206472204 1.416794981425709e-06
3.207823435 1.9655290700883377e-08
3.209174667 4.577511593793448e-09
3.2105258979999998 1.4650681825456785e-06
3.21187713 1.166485311049567e-06
3.213228361 4.611677357162645e-09
3.214579593 4.0958067595418336e-07
3.215930824 1.1481977309696976e-06
3.217282055 8.543059289565756e-07
3.2186332870000003 3.6472492437367506e-07
3.2199845180000004 1.008332350033246e-06
3.22133575 2.2038418760612917e-07
3.222686981 4.6440184568180356e-09
3.2240382129999996 8.681814263227716e-08
3.2253894439999997 4.659018171661688e-09
3.226740676 4.66646507736756e-09
3.228091907 6.009832991491834e-07
3.229443138 2.812970199858906e-06
3.23079437 9.910727138923955e-07
3.232145601 6.09677376032343e-09
3.2334968330000002 8.09268571208452e-09
3.234848064 5.392342939900259e-07
3.2361992959999997 9.037269034880986e-07
3.237550527 9.704862034371525e-07
3.238901759 1.3608340673728764e-06
3.24025299 1.8754762302091897e-06
3.2416042210000002 4.257181201281998e-06
3.242955453 6.069686784974865e-06
3.244306684 4.0555457518671475e-06
3.2456579160000003 1.8204394479660076e-06
3.2470091470000004 1.1572759294360205e-06
3.248360379 4.9542706100484294e-08
3.24971161 6.414922609993288e-09
3.251062841 9.46785067626925e-09
3.2524140729999997 2.655161655229008e-07
3.253765304 1.4644384286123067e-06
3.255116536 1.635160826051644e-06
3.256467767 1.8697925128684134e-06
3.257818999 2.679713019554281e-06
3.25917023 2.6647150908253307e-06
3.2605214620000003 2.1940499016270053e-06
3.261872693 3.875036510598662e-07
3.263223924 1.9256025603030977e-08
3.264575156 1.2420736394334614e-07
3.265926387 7.167140392957106e-07
3.267277619 1.9434685419946897e-06
3.2686288500000003 2.866809252911149e-06
3.269980082 1.627469401708445e-06
3.271331313 4.8234845856158356e-09
3.272682544 6.038708373115215e-08
3.274033776 1.5875376586552814e-07
3.2753850069999997 4.831947332002207e-09
3.276736239 4.834855212634774e-09
3.27808747 4.837812258059151e-09
3.2794387019999998 4.840827574154031e-09
3.280789933 4.843909786904044e-09
3.282141165 1.67757330230615e-08
3.283492396 4.3382347992524794e-07
3.2848436270000003 4.809463171864308e-08
3.286194859 4.856924371936253e-09
3.2875460899999998 4.8603559505456426e-09
3.288897322 7.021925735030734e-08
3.290248553 4.873184514420404e-09
3.291599785 4.876856929486808e-09
3.292951016 5.6638524532735994e-08
3.294302247 4.88444811005748e-09
3.2956534790000003 4.8883723535128525e-09
3.29700471 4.8923779945414655e-09
3.298355942 4.8964825838030885e-09
3.299707173 4.900670184088496e-09
3.301058405 8.102664154979838e-08
3.3024096359999997 6.007545369568472e-07
3.303760868 8.706014656441973e-08
3.305112099 7.270872042038824e-09
3.30646333 4.915861970048539e-09
3.307814562 4.919099017986543e-09
3.309165793 4.922424949249597e-09
3.3105170250000002 4.925582410586435e-09
3.3118682560000003 4.933443813245753e-09
3.313219488 1.8587220096376302e-08
3.3145707189999998 8.38485960580598e-08
3.315921951 5.254503221792386e-09
3.317273182 4.946325090603874e-09
3.318624413 4.949545022452646e-09
3.319975645 4.952831518441838e-09
3.321326876 4.9556924526528925e-09
3.322678108 4.958605671206578e-09
3.324029339 4.9615778195480616e-09
3.325380571 4.964615077591249e-09
3.326731802 1.7989014631208278e-07
3.328083033 9.800339394445198e-08
3.3294342649999997 4.974034710401864e-09
3.330785496 4.973585067452757e-09
3.332136728 4.970519223483149e-09
3.333487959 4.967485447981069e-09
3.334839191 4.9693763433567435e-09
3.336190422 4.967326020676902e-09
3.3375416540000002 4.96435421385902e-09
3.3388928850000004 4.96139487484071e-09
3.340244116 6.525986725903767e-08
3.341595348 1.4748000868103447e-06
3.342946579 1.16565326997028e-06
3.344297811 2.7477184165659178e-08
3.345649042 4.89154404978033e-09
3.347000274 4.875361774714278e-09
3.348351505 4.859150304325739e-09
3.3497027360000002 4.842907609022758e-09
3.351053968 4.809324959238445e-09
3.3524051989999997 4.770799484621228e-09
3.353756431 4.732209568410802e-09
3.355107662 1.0790614219189976e-08
3.3564588939999997 7.308917895726725e-09
3.357810125 4.616019071587807e-09
3.359161357 4.577141759851088e-09
3.360512588 4.554853714274498e-09
3.3618638190000003 1.6016650466624463e-07
3.363215051 1.535887454210957e-06
3.3645662819999997 1.9814370826060807e-06
3.3659175140000004 1.977574082040739e-06
3.367268745 7.089687274370212e-07
3.368619977 6.406715465140275e-09
3.369971208 1.8663210798594579e-07
3.371322439 9.022061079556736e-07
3.372673671 1.006128374082796e-06
3.374024902 1.8397772499397963e-06
3.375376134 2.1214794351868775e-06
3.3767273650000003 1.7675663837837413e-07
3.378078597 4.857570806244513e-09
3.3794298279999997 4.900693579355939e-09
3.38078106 2.8131076333388004e-07
3.382132291 3.374916394312811e-06
3.383483522 3.887446140362035e-06
3.384834754 3.870279309893699e-06
3.386185985 2.0535760130072517e-06
3.387537217 1.3693725073394799e-06
3.3888884480000003 1.8250058216382937e-06
3.39023968 1.917745806378502e-06
3.3915909109999998 4.480707484882673e-08
3.3929421430000004 8.225685722733389e-07
3.3942933739999996 1.8677684961353489e-06
3.3956446049999998 1.597440188046167e-07
3.396995837 1.0812518217554034e-06
3.398347068 2.4880031635509986e-06
3.3996983 4.983827216880913e-09
3.401049531 1.0958849305158819e-07
3.402400763 4.97432652281472e-09
3.4037519940000003 4.969450321607294e-09
3.405103225 4.9645429733926305e-09
3.4064544569999997 5.4926584499426585e-09
3.407805688 5.165000441201766e-07
3.40915692 4.281389374102947e-08
3.410508151 4.951235695554932e-09
3.411859383 4.948290722313346e-09
3.413210614 4.9453298001357725e-09
3.4145618460000002 4.942356023808972e-09
3.4159130770000004 4.9444396893919734e-09
3.4172643079999996 4.9419270955238805e-09
3.41861554 4.938926492459882e-09
3.419966771 4.9359227347826524e-09
3.4213180029999997 4.936954908353748e-09
3.422669234 1.4888691220399617e-08
3.424020466 2.720028988705016e-07
3.425371697 8.913893304614563e-09
3.4267229280000002 4.941532103969067e-09
3.42807416 4.942696227850481e-09
3.429425391 4.943873119295428e-09
3.4307766230000003 4.692102191069167e-09
3.432127854 4.946416030126948e-07
3.4334790859999997 1.1618564506059064e-06
3.434830317 4.941904136012701e-09
3.436181549 4.941251455156957e-09
3.43753278 4.043076565065906e-08
3.4388840110000003 6.59360074746685e-07
3.440235243 5.693166533957753e-09
3.441586474 4.936290439758712e-09
3.4429377060000004 4.933567197659454e-09
3.4442889369999996 4.936648128831103e-09
3.445640169 4.933966101976758e-09
3.4469914 4.9313041604159565e-09
3.448342631 1.1785313766405211e-07
3.449693863 1.2288789743556303e-06
3.451045094 1.016555280845347e-07
3.452396326 4.931515973050966e-09
3.4537475570000002 4.931843608629782e-09
3.455098789 4.93219183330955e-09
3.45645002 1.8808287082796191e-06
3.4578012520000003 1.353230029148303e-06
3.459152483 1.6360065666452517e-06
3.460503714 1.7152997574077644e-06
3.461854946 1.6961894527741443e-06
3.463206177 1.4551549478989396e-06
3.464557409 5.675165685352547e-07
3.4659086400000003 4.953932070661519e-09
3.467259872 4.9586166298214775e-09
3.468611103 3.2782141404484474e-08
3.469962335 5.776048457011658e-07
3.4713135659999996 8.834984960529411e-07
3.4726647969999997 2.076745639087971e-06
3.474016029 1.679967297132875e-07
3.47536726 3.725123336223588e-08
3.476718492 2.5583115480258266e-07
3.478069723 8.66247361130667e-08
3.479420955 1.3518184605573697e-06
3.4807721860000003 1.4313549292662384e-06
3.482123417 1.3561272954758384e-06
3.483474649 7.786877995488454e-07
3.48482588 2.1347315626187076e-08
3.486177112 5.010580531120843e-09
3.487528343 7.197203616703757e-08
3.488879575 5.249337688061372e-07
3.490230806 5.024915597081718e-09
3.491582038 5.031079977200246e-09
3.492933269 5.037227559938581e-09
3.4942845 5.043353667031241e-09
3.495635732 5.049459291189754e-09
3.496986963 5.055544001628163e-09
3.4983381949999997 6.452498023204436e-07
3.4996894259999998 1.1026771043619821e-07
3.501040658 5.073030852905617e-09
3.502391889 5.0782111106742955e-09
3.50374312 5.083364181198721e-09
3.505094352 5.088487700892696e-09
3.506445583 5.093578092615414e-09
3.5077968150000003 5.1033906316504365e-09
3.509148046 5.109634188685236e-09
3.5104992779999997 5.117758678431663e-09
3.511850509 5.1263183522133505e-09
3.513201741 5.1319755603383396e-09
3.514552972 5.1375980513415334e-09
3.515904203 5.143188542095495e-09
3.517255435 1.8233424622338322e-06
3.518606666 2.641135448625094e-06
3.519957898 4.0862682780293583e-07
3.521309129 1.423855917548875e-07
3.5226603610000002 1.2879854701517735e-06
3.524011592 1.5595381884214481e-06
3.5253628239999997 1.0017868064423901e-06
3.526714055 3.7230799090921516e-07
3.528065286 5.4506297250948554e-09
3.529416518 6.123273149188152e-09
3.5307677490000002 2.1302688573866352e-07
3.532118981 2.376472047947822e-06
3.533470212 1.6280850440111132e-06
3.5348214440000003 1.1142691157659966e-06
3.536172675 2.1832421158180713e-06
3.537523906 5.510532739985813e-06
3.538875138 7.887482559097611e-06
3.540226369 9.1462973408755e-06
3.5415776009999997 9.038954653686025e-06
3.542928832 8.549523041824003e-06
3.544280064 8.321665088450072e-06
3.545631295 7.300094393296932e-06
3.546982527 7.663486063368392e-06
3.548333758 8.708417722842316e-06
3.5496849889999997 1.1519732512810607e-05
3.551036221 1.2466111381936029e-05
3.552387452 9.328691638016649e-06
3.553738684 1.0031656686384047e-05
3.555089915 9.708012364961893e-06
3.556441147 1.2666955818799307e-05
3.5577923780000003 1.3096929983321317e-05
3.5591436090000004 1.1573658239165227e-05
3.560494841 1.071572265772567e-05
3.561846072 1.0954245039825196e-05
3.563197304 1.1230607076942873e-05
3.5645485349999997 1.2733874867167997e-05
3.565899767 1.4277137100037482e-05
3.567250998 1.3191011184917255e-05
3.5686022299999998 9.782371141354946e-06
3.569953461 6.179364850724271e-06
3.571304692 6.50141864887146e-06
3.572655924 7.678647378842477e-06
3.574007155 8.240266528342083e-06
3.575358387 9.240323898780692e-06
3.5767096179999998 1.0002223786921159e-05
3.57806085 1.0393167655996527e-05
3.579412081 9.269108969692194e-06
3.580763312 9.877707400869507e-06
3.582114544 1.4633164600884445e-05
3.583465775 1.504423584565772e-05
3.5848170070000003 1.3403758422555156e-05
3.5861682380000004 1.279426544781236e-05
3.58751947 1.4135024792962647e-05
3.588870701 1.5167777666607148e-05
3.5902219329999996 1.5470357037853268e-05
3.5915731639999997 1.4779169609588649e-05
3.592924395 1.556368505213818e-05
3.594275627 1.829597560669485e-05
3.595626858 1.9997460681278395e-05
3.59697809 2.204699966024779e-05
3.598329321 2.3929368333770816e-05
3.5996805530000002 2.477484639551766e-05
3.601031784 2.5746667884166694e-05
3.602383016 2.5431816013783818e-05
3.603734247 2.5428774874697858e-05
3.605085478 2.637050139991244e-05
3.60643671 2.4402831068277623e-05
3.607787941 2.3091795903095938e-05
3.609139173 2.5991409773179072e-05
3.610490404 2.947371847121725e-05
3.6118416360000003 3.086109916472354e-05
3.6131928670000004 3.082434013939529e-05
3.6145440979999997 3.240625337660078e-05
3.61589533 3.5341692218904165e-05
3.617246561 3.668796094393516e-05
3.6185977929999997 3.7387380722859204e-05
3.619949024 3.7807556388272754e-05
3.621300256 3.8608526984721384e-05
3.622651487 4.264319366028575e-05
3.624002719 4.797333213032258e-05
3.62535395 5.128812915075566e-05
3.6267051809999997 5.383100328146373e-05
3.628056413 5.565294038357063e-05
3.629407644 5.5313015158266634e-05
3.630758876 5.2791400632616034e-05
3.632110107 5.2052156142611375e-05
3.633461339 5.657962957890906e-05
3.6348125700000002 6.171895694621852e-05
3.6361638010000004 6.326466781673134e-05
3.637515033 6.328142113101636e-05
3.638866264 6.289523552180573e-05
3.640217496 6.28935398903764e-05
3.6415687269999997 6.37771203612303e-05
3.642919959 6.421831255909304e-05
3.64427119 6.48944618453964e-05
3.6456224219999998 6.656983945393626e-05
3.646973653 6.802191746944333e-05
3.648324884 6.796028546764616e-05
3.649676116 6.599018728532116e-05
3.6510273470000003 6.477556744880224e-05
3.652378579 6.552752948915526e-05
3.6537298099999997 6.513823764704543e-05
3.655081042 6.584427274238985e-05
3.656432273 6.942849710133752e-05
3.657783504 7.180554734979547e-05
3.659134736 7.268003740774395e-05
3.660485967 7.543582815417725e-05
3.6618371990000003 8.052518911583133e-05
3.66318843 8.585458469486583e-05
3.664539662 8.862689417204512e-05
3.665890893 8.92531115967386e-05
3.667242125 9.078854851696251e-05
3.6685933559999997 9.35435072185613e-05
3.669944587 9.530240416278182e-05
3.671295819 9.644386476599792e-05
3.67264705 0.00010055978827992626
3.673998282 0.00010851399718980578
3.675349513 0.00011596451934762798
3.676700745 0.00012108348870934444
3.6780519760000003 0.00012702695533352526
3.679403208 0.00013418411284876319
3.6807544389999998 0.00014074071467807587
3.68210567 0.0001467847460591578
3.683456902 0.00015295613664659418
3.684808133 0.0001594196045422418
3.686159365 0.0001648221865285172
3.687510596 0.00016977585613053676
3.688861828 0.000179427690846581
3.690213059 0.0001941455695434956
3.6915642899999996 0.00020713562642273893
3.692915522 0.00021561804730194816
3.694266753 0.00022437077356411882
3.6956179849999997 0.0002364405962966291
3.696969216 0.00024949586541414743
3.698320448 0.0002611347059018223
3.699671679 0.0002745201954996981
3.701022911 0.00029178506272398776
3.702374142 0.00031151967206131855
3.703725373 0.00033327868792728887
3.7050766050000004 0.00035652880087121835
3.706427836 0.00038120245295682545
3.707779068 0.0004079097361498145
3.709130299 0.00043391024475765725
3.710481531 0.00045838740053731104
3.711832762 0.0004852366394746535
3.713183993 0.000514659993961269
3.714535225 0.000544944876166785
3.7158864560000002 0.0005771382508215319
3.717237688 0.0006109179173655718
3.7185889189999997 0.0006459567763394652
3.719940151 0.0006836196063620916
3.721291382 0.0007237618260422157
3.7226426139999997 0.0007666737521579086
3.723993845 0.0008128858027018158
3.725345076 0.0008620913422740457
3.726696308 0.0009166833618083248
3.7280475390000003 0.0009779866042647274
3.729398771 0.0010425820511016117
3.730750002 0.0011079104180907926
3.7321012340000004 0.0011744827960955499
3.733452465 0.0012450161082195044
3.7348036959999997 0.001322363702015212
3.736154928 0.0014066995396771237
3.737506159 0.001493667603059145
3.738857391 0.0015871208017165744
3.740208622 0.0016860323721776419
3.741559854 0.0017887976466482857
3.7429110850000002 0.0018963023691440852
3.744262317 0.0020124328577992576
3.7456135479999997 0.002135794460001186
3.746964779 0.002266266732115256
3.748316011 0.002405730086110047
3.749667242 0.002556360103545541
3.751018474 0.0027178235684545814
3.752369705 0.0028880377738588494
3.753720937 0.00306812877855738
3.7550721680000003 0.0032595703519094172
3.7564234 0.0034615431775238186
3.757774631 0.0036762705714806702
3.759125862 0.003906713036075075
3.7604770939999996 0.004151721613394934
3.7618283249999998 0.004410756194442386
3.763179557 0.004685350845268961
3.764530788 0.004976511300697112
3.76588202 0.005285806980168705
3.767233251 0.00561430032447173
3.768584482 0.005962617997764742
3.7699357140000003 0.006333617968500832
3.771286945 0.006729027868181456
3.7726381769999997 0.007148663494327452
3.773989408 0.007595516624427718
3.77534064 0.008073120863801896
3.776691871 0.008587754461029684
3.778043103 0.009129940957777784
3.779394334 0.009704043277262802
3.780745565 0.010316924413230564
3.7820967970000003 0.010970364598806598
3.7834480279999996 0.011667178312773311
3.7847992599999998 0.012411425257849534
3.786150491 0.013205532045321986
3.7875017229999997 0.014050517460617955
3.7888529539999998 0.014949714639998803
3.790204185 0.015909028511003617
3.791555417 0.016928739686413112
3.792906648 0.018014291522007096
3.79425788 0.0191751228809428
3.795609111 0.020421189589070188
3.7969603430000003 0.021752536830110285
3.798311574 0.023171858593311882
3.7996628059999997 0.024691209481967315
3.801014037 0.026323218230115002
3.802365268 0.028067373253867718
3.8037165 0.02992985697351682
3.8050677310000003 0.03192033695936731
3.806418963 0.034051015942985936
3.807770194 0.03633392302920154
3.8091214260000004 0.03877346705037489
3.8104726569999996 0.04137588808257715
3.811823889 0.044154031762093454
3.81317512 0.04712103336959629
3.814526351 0.050288069533059664
3.815877583 0.05367261708159327
3.817228814 0.05730039373108656
3.818580046 0.0612049423326259
3.8199312770000002 0.06531205069238565
3.821282509 0.06969083337149834
3.82263374 0.07435420179823504
3.823984971 0.07931778131185298
3.825336203 0.0845922354908355
3.826687434 0.0901850915327565
3.828038666 0.09611120549734532
3.829389897 0.10238040124168701
3.830741129 0.10899327827317722
3.8320923600000003 0.115964355482526
3.833443592 0.12330390144569549
3.834794823 0.1310049833311671
3.836146054 0.13907756934920956
3.8374972859999996 0.14751460704644595
3.8388485169999997 0.156449664559165
3.840199749 0.16563102742447783
3.84155098 0.1751205636788943
3.842902212 0.18491041938375996
3.844253443 0.1949952796911209
3.845604674 0.2053478171763927
3.8469559060000003 0.21592230550102282
3.848307137 0.22669177473057953
3.849658369 0.23762249308651234
3.8510096 0.24866130801141556
3.852360832 0.25977377976267135
3.853712063 0.270922170566488
3.855063295 0.28203867270432875
3.856414526 0.29307678943325116
3.857765757 0.3042729871016306
3.859116989 0.31510841614180557
3.86046822 0.3256328878796499
3.861819452 0.33589771292798787
3.863170683 0.34581081034548034
3.8645219149999996 0.35538676515306533
3.8658731459999998 0.3646219105590652
3.867224377 0.37344983532039755
3.868575609 0.3818617419657398
3.86992684 0.3898654339737296
3.871278072 0.39742076517423935
3.872629303 0.4045339652978398
3.8739805350000003 0.4112245052589535
3.875331766 0.41747758337146446
3.876682998 0.42328676531011833
3.878034229 0.4286938943951114
3.87938546 0.4336978461355344
3.880736692 0.4382905854133788
3.882087923 0.44254652003818373
3.883439155 0.4464318722745395
3.884790386 0.4499625828738775
3.886141618 0.45320711095675426
3.887492849 0.4561582826684552
3.8888440810000002 0.45881484032025766
3.890195312 0.46122886307626537
3.891546543 0.4634113844449075
3.892897775 0.4653660495602064
3.894249006 0.46712889021411313
3.895600238 0.46872558302117323
3.8969514690000002 0.4701362400284505
3.898302701 0.4719379343681035
3.899653932 0.47308911916696794
3.9010051629999998 0.47407125429365216
3.902356395 0.47494111211249684
3.903707626 0.47573859687192627
3.905058858 0.47642133364265843
3.906410089 0.4770234796973115
3.9077613209999997 0.4775755506527752
3.909112552 0.47805986586359445
3.910463784 0.47848052974684885
3.911815015 0.4788728850290671
3.913166246 0.47922125273734295
3.914517478 0.4797839270623073
3.9158687089999997 0.4803225348099055
3.917219941 0.48057780456470184
3.918571172 0.4807745360482926
3.919922404 0.480977468712619
3.921273635 0.481167472131278
3.922624866 0.48131924531542325
3.9239760980000002 0.4814661006331444
3.9253273290000004 0.4816140426599617
3.926678561 0.48173836282446164
3.928029792 0.4818519408388752
3.929381024 0.4819837868382684
3.9307322549999997 0.4820854925640934
3.932083487 0.4821633395845568
3.933434718 0.48227402097876587
3.934785949 0.4823588391874325
3.936137181 0.4824296491622703
3.937488412 0.48278199740743083
3.938839644 0.48313309581539327
3.940190875 0.48319454218201324
3.941542107 0.483329081685132
3.9428933379999997 0.4834718605141341
3.944244569 0.4835791151462079
3.945595801 0.4836985985695109
3.946947032 0.48383542806729457
3.948298264 0.48393466539435676
3.949649495 0.4840466887973429
3.9510007270000003 0.48411081230250486
3.9523519580000004 0.4841361279625549
3.95370319 0.48415212039845656
3.955054421 0.48418030293398556
3.956405652 0.484197603022002
3.9577568839999997 0.4841864777627347
3.959108115 0.4842123000612458
3.960459347 0.48423310076854487
3.961810578 0.4842320428326905
3.96316181 0.4842477190281342
3.964513041 0.4842581636744631
3.965864273 0.48424811079028346
3.967215504 0.48424016720453095
3.968566735 0.48424879822078726
3.9699179669999998 0.4847246015866615
3.971269198 0.48475462205255226
3.97262043 0.48477649338440043
3.973971661 0.48476798444069463
3.975322893 0.48475283149423454
3.976674124 0.4847560060718315
3.978025355 0.48531076818289615
3.9793765870000004 0.48529055156230977
3.9807278179999996 0.4852762455685179
3.98207905 0.4852709829112173
3.983430281 0.485221754046248
3.9847815129999997 0.4851870974279914
3.986132744 0.485165853861213
3.987483976 0.48512263545634315
3.988835207 0.48508356467472585
3.9901864380000003 0.48505597877989254
3.99153767 0.48501567213726
3.9928889009999997 0.4849493888137508
3.994240133 0.4849148008930843
3.995591364 0.4848765842491668
3.996942596 0.48480723306544343
3.998293827 0.484755845510828
3.999645058 0.48470127879617236
4.00099629 0.4846176156880549
4.002347521 0.4845229063118617
4.003698753 0.4844485840764643
4.005049984 0.48435637313678975
4.006401216 0.48425373940371447
4.007752447 0.48417901821393744
4.009103679 0.48408318638630604
4.01045491 0.48399352543382446
4.011806141 0.48395594397118347
4.013157373 0.48392262471061914
4.014508604 0.4838549903271707
4.015859836 0.48378352806150815
4.017211067 0.4837309714013309
4.018562299 0.4839583465111749
4.01991353 0.48411932588964396
4.021264761 0.48453015769120505
4.022615993 0.48439449447876465
4.023967224 0.4842382195642737
4.025318456 0.484104218708969
4.026669687 0.483983888107884
4.028020919 0.4838297224140976
4.02937215 0.48369538774491133
4.030723382 0.4835679174945027
4.032074613 0.483424281143298
4.033425844 0.48326830960496747
4.034777076 0.48314072258174584
4.036128307 0.48300936063178346
4.037479539 0.48286394460704757
4.03883077 0.4827558997085176
4.040182002 0.4826642609098738
4.041533233 0.48262294665422917
4.042884465 0.4825894339731219
4.044235696 0.4825868856436635
4.0455869269999996 0.4825678566515883
4.046938159 0.48255042740124915
4.04828939 0.48256557815208495
4.049640622 0.4825779925291706
4.050991853 0.48253937164555327
4.052343085 0.48250326959989676
4.053694316 0.4824948540307421
4.055045547 0.48245974255147644
4.056396779 0.48245001383319924
4.05774801 0.4824709817863449
4.059099241999999 0.4824875710463637
4.0604504729999995 0.48275511873062094
4.061801705 0.4831011111941209
4.063152936 0.4831528449978587
4.064504168 0.483165829509341
4.065855399 0.48321183820249297
4.06720663 0.483271035600968
4.0685578620000005 0.48331518021519193
4.069909093000001 0.48335044821929446
4.071260325 0.48347101631996164
4.072611556 0.48392066935844696
4.073962788 0.4842230877990148
4.075314019 0.4843433992138598
4.07666525 0.48446298405344357
4.078016482 0.4845643255024105
4.079367713 0.4846535990993255
4.080718945 0.4847278027928216
4.082070176 0.48472637360861415
4.083421408 0.48469736332362534
4.084772639 0.48467858803569724
4.086123871 0.4846496445861115
4.087475102 0.4845916033635369
4.088826333 0.4845202593620215
4.090177565 0.48446426545139565
4.091528796 0.4843610597627173
4.092880028 0.4842452024013426
4.094231259 0.484131292428408
4.095582491 0.4840088039331067
4.096933722 0.4838468068043499
4.098284953 0.4836814354845735
4.0996361850000005 0.48350695662585635
4.100987416 0.4832402244957527
4.102338648 0.4829405180189403
4.103689878999999 0.4830283050016302
4.105041110999999 0.48289822485515477
4.106392342 0.4825513785831897
4.107743574 0.4822230216546387
4.109094805 0.4818901514373593
4.110446036 0.48155688666719865
4.111797268 0.48125145026507404
4.113148499 0.48096899088332185
4.1144997309999995 0.48066844649337187
4.115850962000001 0.48034164516710837
4.117202194000001 0.4800357436883717
4.118553425 0.4800329119735243
4.119904657 0.4799613618206526
4.121255887999999 0.4796458098673071
4.122607119 0.4793725551868375
4.123958351000001 0.47909255961439823
4.125309582 0.4788200378038612
4.126660814 0.47857332177242395
4.128012045 0.4783581855683622
4.129363277 0.4781333173029439
4.130714508 0.47790430835563047
4.132065739 0.47768908137706073
4.133416971 0.47748371881436297
4.134768202 0.4772794724252663
4.136119434 0.4770989211412615
4.1374706649999995 0.47695948723049403
4.138821897 0.47681654460721457
4.140173128000001 0.47672139726113627
4.14152436 0.4767681576486981
4.142875591 0.47683902526937316
4.144226821999999 0.47690708441300217
4.145578054 0.47703641770896865
4.146929285000001 0.4771956168767519
4.148280517 0.4779129344585334
4.149631748 0.4781002187499714
4.15098298 0.4782879708288808
4.152334211 0.47846848967148103
4.153685442 0.4786434856320062
4.155036674 0.4788507646392647
4.156387905 0.4790819878969762
4.157739136999999 0.47931021955608644
4.159090368 0.47953422374233795
4.1604416 0.4800364140003536
4.161792831 0.480600995042739
4.163144063 0.4808618721269341
4.164495294 0.4811271788247211
4.165846525 0.48142556614419657
4.167197757 0.48168732043586254
4.1685489879999995 0.48193449032657976
4.169900220000001 0.48218362851043606
4.171251451 0.48243190105364364
4.172602683 0.4826330592090109
4.173953914 0.48282242948377163
4.1753051459999995 0.4830044711123089
4.1766563770000005 0.4831497866213154
4.178007608 0.4832539337381165
4.17935884 0.4833540080247107
4.180710071 0.4834442339345667
4.182061303 0.48348076707845467
4.183412534 0.48349213480255354
4.184763766 0.48349090548421025
4.186114997 0.48346696437548303
4.187466228 0.48337309664055783
4.18881746 0.48326931008371027
4.190168691 0.4831373748259157
4.1915199229999995 0.48295815689954336
4.1928711540000005 0.48272765335023315
4.194222386000001 0.483052624402206
4.195573617 0.4827928723734901
4.196924849 0.4824964770101196
4.198276079999999 0.48217662884598306
4.199627311 0.4818694579169974
4.200978543 0.4815164256803126
4.202329774 0.48114079832762857
4.203681006 0.48112838375145905
4.205032237 0.48093123133515925
4.206383469 0.4805299903024369
4.2077347 0.4801175082709627
4.209085931 0.479717367980309
4.210437163 0.47931564401880056
4.211788394 0.4788999439401452
4.213139626 0.4784955905184059
4.2144908569999995 0.47811652277710115
4.215842089 0.47772178338181914
4.217193320000001 0.4773194350748615
4.218544552 0.47693739906465143
4.219895783 0.4765830622406701
4.221247013999999 0.4761901948626361
4.2225982459999996 0.4758007994833603
4.223949477 0.47542717999061773
4.225300709 0.4750576096756918
4.22665194 0.47463281571756405
4.228003171999999 0.47419922339764375
4.229354403 0.47374559464974203
4.2307056339999995 0.473258777130714
4.232056866 0.47271046464501665
4.233408097000001 0.47214806823328864
4.234759329 0.47152936099440235
4.23611056 0.47083473888777494
4.237461792 0.47005125518862234
4.238813023 0.469210021706168
4.240164255 0.4682697300712456
4.241515486 0.4672136546472626
4.242866717 0.466509417014392
4.244217949 0.4653013458389874
4.24556918 0.4638166998453941
4.246920412000001 0.4621518829166348
4.248271643 0.4608200326358087
4.249622875 0.4588127236827874
4.250974105999999 0.45647981236718305
4.2523253379999995 0.45392986709089506
4.2536765690000005 0.45116709162198143
4.2550278 0.44818251115686003
4.256379032 0.444861024930367
4.257730263 0.44124249677951083
4.259081495 0.43737293074193395
4.260432726 0.43297375066451443
4.261783958 0.42770968025108963
4.263135189 0.42208484599722046
4.26448642 0.416209502000154
4.265837652 0.4100725366360498
4.267188883 0.4036688862097785
4.2685401149999995 0.3969310777787198
4.2698913460000005 0.3899441715664217
4.271242578000001 0.38240261624514965
4.272593809 0.37464149561360377
4.273945041 0.3666722508768623
4.275296271999999 0.35848624061839857
4.276647503 0.35016956898376045
4.277998735 0.3417509492349402
4.279349966 0.33324524759180185
4.280701198 0.32587099643391515
4.282052429 0.3195659259025647
4.283403661 0.3131281500482251
4.284754892 0.3065892277743404
4.286106123 0.29983404045605583
4.287457355 0.2929982524157692
4.288808586 0.28611400049868496
4.290159818 0.2790553282425274
4.2915110489999995 0.2708356623711143
4.292862281 0.26267421348432435
4.294213512000001 0.2549554917763977
4.295564744 0.2472144054147396
4.296915975 0.23929931216490177
4.298267206 0.23148215299674121
4.299618438 0.22380177622513667
4.300969669 0.21623663203177382
4.302320901 0.2087687458391628
4.303672132 0.20143343048387852
4.305023363999999 0.19426210048669096
4.306374595 0.1872518644808678
4.3077258259999995 0.18037801088805888
4.309077058 0.17365399196037906
4.310428289000001 0.16709958900767455
4.311779521 0.16070846074990436
4.313130752 0.1544595799587148
4.314481984 0.14835670837795048
4.315833215 0.14242132355576864
4.317184447 0.1366484547378431
4.318535678 0.13102054013663084
4.319886909 0.12553050801785542
4.321238141 0.12020119791644314
4.322589372 0.11502742962541411
4.323940604000001 0.10999857095488456
4.325291835 0.10510993537015426
4.326643067 0.1003752755506754
4.327994297999999 0.09579134371121277
4.329345529999999 0.09134658375514657
4.3306967610000004 0.08703391980786854
4.332047992 0.0828679630268792
4.333399224 0.07884765579680081
4.334750455 0.07496395388372344
4.336101687 0.07121344599220442
4.337452918 0.0676054313204798
4.33880415 0.0641375705400398
4.340155381 0.060801275654706013
4.341506612 0.05759537159413952
4.342857844 0.05452299322929168
4.344209075 0.05158093914351476
4.3455603069999995 0.04879058926954781
4.3469115380000005 0.046118023051565704
4.34826277 0.043549549916587174
4.349614001 0.041103453886506255
4.350965233 0.03877126540823503
4.352316464 0.036595288314268795
4.353667695 0.034487550597975876
4.355018927 0.03248752397524644
4.356370158 0.030588204245556066
4.35772139 0.0287899724975089
4.359072621 0.02708915144469232
4.360423853 0.025481434310155347
4.361775084 0.023966330663727265
4.363126315000001 0.02254025928637362
4.364477547000001 0.021196536224030928
4.365828778 0.01992806468623682
4.36718001 0.018731622234667945
4.3685312409999995 0.017606738019228695
4.369882473 0.016549690573938812
4.371233704 0.015556945913610896
4.372584936 0.014625826962383659
4.373936167 0.013751315121573
4.375287398 0.01292999815803433
4.37663863 0.012160755554690632
4.377989861 0.011442396163796161
4.379341093 0.010768062391989425
4.380692324 0.010133429696598377
4.382043555999999 0.009534734801351722
4.383394787 0.008976218231748146
4.3847460179999995 0.008454517433946256
4.38609725 0.007967034054207768
4.387448481000001 0.007508144226944313
4.388799713 0.00707811218640052
4.390150944 0.006675343753308709
4.391502176 0.006298552038517337
4.392853407 0.0059441255967461245
4.394204639 0.005611246049526789
4.39555587 0.005298893417532983
4.396907101 0.005005092111781617
4.398258332999999 0.004728794197902131
4.399609564 0.004469694612510105
4.400960796000001 0.004228596479330643
4.402312027 0.0040027695266571595
4.403663259 0.0037912344623278233
4.405014489999999 0.0035934276430342337
4.406365721999999 0.003414460822752886
4.407716953 0.0032396830549778263
4.409068184 0.003072908335396869
4.410419416 0.0029137546069230706
4.411770647 0.002768231885749495
4.413121879 0.0026330672282756785
4.41447311 0.0025088133699827063
4.415824342 0.002389465197212522
4.417175573000001 0.0022768413534039107
4.418526804 0.0021694861737319732
4.419878036 0.0020666700028348114
4.421229266999999 0.0019696176568502663
4.4225804989999995 0.0018776827518029494
4.4239317300000005 0.001790077563074163
4.425282962 0.0017053007197937217
4.426634193 0.0016265276208130691
4.427985425 0.001553023436468289
4.429336656 0.0014844890948072665
4.430687887 0.0014179036778659755
4.432039119 0.0013554585045752277
4.43339035 0.0012967389047099675
4.434741582 0.0012414292168076737
4.436092813 0.001186795981472069
4.437444045 0.0011355663586579611
4.438795276 0.0010886877779339222
4.440146507000001 0.0010476493940824426
4.441497739000001 0.0010066172026392906
4.44284897 0.0009656407386073535
4.444200202 0.0009243329237750623
4.445551432999999 0.0008850527621678402
4.446902665 0.0008483736378192277
4.448253896 0.0008147375154017253
4.449605128 0.0007863227281844795
4.450956359 0.0007593947403533623
4.45230759 0.000733406363851116
4.453658822 0.0007066961551072149
4.455010053 0.0006806361105947405
4.456361285 0.0006547069172852934
4.457712516 0.0006279927599468224
4.459063747999999 0.0006013163555857039
4.460414979 0.0005768671442328874
4.4617662110000005 0.0005549723350513543
4.463117442 0.0005351465449656595
4.464468673000001 0.0005166338185696318
4.465819905 0.0004994930109995503
4.467171136 0.00048445770165906065
4.468522368 0.000468937725519827
4.469873599 0.00045321661563064796
4.471224831000001 0.0004372101332625575
4.472576062 0.00042223761143286875
4.473927293 0.0004074674845331778
4.475278524999999 0.00039281211439897785
4.476629756 0.00037890496524450824
4.4779809880000006 0.0003662767563389927
4.479332219 0.0003546470225513934
4.480683451 0.0003441554106082575
4.482034682 0.00033428357063511316
4.483385914 0.00032454130075297447
4.484737145 0.0003148128481378179
4.486088376 0.0003052427826905129
4.487439608 0.0002963082340087128
4.488790839 0.0002881223940545541
4.490142071 0.0002779956667038855
4.491493302 0.00026772933540005785
4.492844534 0.0002579518581113741
4.494195765000001 0.00025150950301231135
4.495546996 0.000245803002999626
4.496898228 0.00024023407969865423
4.498249458999999 0.000234063037503262
4.4996006909999995 0.00022896054044030436
4.5009519220000005 0.00022398499483927684
4.502303154 0.00021874559697200162
4.503654385 0.00021154723874889286
4.505005617 0.0002038606612037039
4.506356848 0.00019586734019431056
4.507708079 0.00018816807214915176
4.509059311 0.00018160189384116348
4.510410542 0.00017595032086434052
4.511761774 0.00017100754106975897
4.513113005 0.0001660038084242692
4.514464237 0.0001612053156649952
4.5158154679999996 0.00015703894816756513
4.517166699000001 0.00015153339378628258
4.518517931 0.0001452989966011189
4.519869162 0.00013826202401735386
4.521220394 0.00013403748730431514
4.522571624999999 0.00013057183273674827
4.523922857 0.0001274185543071759
4.525274088 0.00012304527194206474
4.52662532 0.00011922878930129497
4.527976551 0.00011611390268676814
4.529327782 0.00011037863489038395
4.530679014 0.00010433151795920711
4.532030245 9.857643052562905e-05
4.533381477 9.824833179595344e-05
4.534732708 9.74054489898898e-05
4.53608394 9.571078913614843e-05
4.537435171 9.053753979909479e-05
4.5387864030000005 8.758665735294005e-05
4.540137634 8.575132476929381e-05
4.541488865 8.410205961204721e-05
4.542840097 8.067085437654725e-05
4.544191328 7.753702804057577e-05
4.5455425599999995 7.683928025545342e-05
4.5468937910000005 7.68309631425658e-05
4.548245023000001 7.628080189599731e-05
4.549596254 7.399513142538017e-05
4.550947485 7.204780042267624e-05
4.552298716999999 7.014917272772764e-05
4.553649948 6.824488955244468e-05
4.5550011800000005 6.58216638449032e-05
4.556352411 6.318931285878087e-05
4.557703643 6.034815483377638e-05
4.559054874 5.617941116694074e-05
4.560406106 5.300972273041448e-05
4.561757337 5.11158625727742e-05
4.563108568 5.063467336918558e-05
4.5644598 4.873010994579308e-05
4.565811031 4.51993941966473e-05
4.567162263 4.2307027591972815e-05
4.568513493999999 4.097084102522633e-05
4.569864726 4.1124398660211316e-05
4.571215957000001 3.997671625881168e-05
4.572567188 3.932729510901318e-05
4.57391842 3.912951468397608e-05
4.575269650999999 3.935995597536774e-05
4.5766208829999995 3.79696071123722e-05
4.5779721140000005 3.527675112253027e-05
4.579323346 3.3008993620910505e-05
4.580674577 3.1558310945830186e-05
4.582025809 3.07141114451498e-05
4.58337704 2.683393085147307e-05
4.584728271 2.417158203212328e-05
4.586079503 2.2215198290134732e-05
4.587430734 2.0205617692976982e-05
4.588781966 1.9166996365006182e-05
4.590133197 1.900488697318756e-05
4.591484429 1.9467572279683066e-05
4.5928356599999995 1.9299197870653872e-05
4.5941868910000005 2.000049561794527e-05
4.595538123 1.7546283035596053e-05
4.596889354 1.6826066674924958e-05
4.598240586 1.6178528322014646e-05
4.599591817 1.4433887337015333e-05
4.6009430490000005 1.3221634141208185e-05
4.60229428 1.2497392452981073e-05
4.603645512 1.2693645857702198e-05
4.604996743 1.2269883744774726e-05
4.606347974 1.1175884449954322e-05
4.607699206 1.1275917013311624e-05
4.609050437 1.254568207661563e-05
4.610401669 1.5845977748112744e-05
4.611752900000001 1.862011454108215e-05
4.613104132 2.093493164182706e-05
4.614455363 2.2212372351827096e-05
4.6158065950000005 2.1748269314007367e-05
4.617157826 2.0085540345537068e-05
4.618509057 1.70951469534576e-05
4.619860289 1.5056169123042347e-05
4.62121152 1.407998557395315e-05
4.622562751999999 1.5294896422934983e-05
4.6239139830000004 1.6781721954140883e-05
4.625265215000001 1.8069899470070687e-05
4.626616446 1.798111029858987e-05
4.627967677 1.581933727614413e-05
4.629318908999999 1.2810170914239614e-05
4.63067014 9.242769414981256e-06
4.6320213720000005 7.525587163319381e-06
4.633372603 7.391394396442713e-06
4.634723835 7.893695008693069e-06
4.636075066 8.553606454950007e-06
4.637426298 1.0520448702589576e-05
4.638777529 1.2941264806930109e-05
4.64012876 1.5157012139599612e-05
4.641479992 1.6987619804135287e-05
4.642831223 1.702731913589576e-05
4.644182455 1.6408918310998945e-05
4.645533685999999 1.4921171332381184e-05
4.646884918 1.130638100484554e-05
4.648236149000001 8.642967264659349e-06
4.64958738 6.94407406929611e-06
4.650938612 7.959554871158445e-06
4.652289842999999 9.640973217536283e-06
4.6536410749999995 1.0583349612447748e-05
4.6549923060000005 1.0314858567901547e-05
4.656343538 9.798889219474978e-06
4.657694769 9.554193795898898e-06
4.659046001 9.361311629156632e-06
4.660397232 9.612714667384898e-06
4.661748463 1.0883230194666284e-05
4.663099695 1.2384498026230343e-05
4.664450926000001 1.4376890273948882e-05
4.665802158 1.3847484801827756e-05
4.667153389 1.296830687751965e-05
4.668504621 1.1693697317383958e-05
4.6698558519999995 1.0964617527827996e-05
4.6712070830000005 1.0160965507947689e-05
4.672558315 9.111474123975377e-06
4.673909546 7.945227098986364e-06
4.675260778 6.759223548980029e-06
4.676612009 6.8527553453810166e-06
4.6779632410000005 6.729332553728831e-06
4.679314472 6.29525708377478e-06
4.680665704 6.5250952872695995e-06
4.682016935 6.91762756242368e-06
4.683368166 7.481600536786682e-06
4.684719398 5.954031635130223e-06
4.686070629 4.464395751413188e-06
4.687421861 3.1113961861530596e-06
4.688773092 3.857140570805892e-06
4.690124324 6.7529471708452414e-06
4.691475555 9.516055223900263e-06
4.6928267869999996 1.1309064807220718e-05
4.694178018 1.2552640231504848e-05
4.695529249 1.2000697569283614e-05
4.696880481 1.1032516387552214e-05
4.698231712 1.0271130117196474e-05
4.699582943999999 9.595937089914487e-06
4.700934175 8.350667510485704e-06
4.702285407000001 6.559995890179117e-06
4.703636638 4.227111532835339e-06
4.704987869 3.2326359660810577e-06
4.706339100999999 3.3986771106104384e-06
4.707690332 5.217144375766453e-06
4.7090415640000005 7.875501881735903e-06
4.710392795 9.426725353513867e-06
4.711744027 9.500851340260145e-06
4.713095258 8.009755348196597e-06
4.71444649 4.6829339213147475e-06
4.7157977209999995 4.156202410022994e-06
4.717148952 5.123377726710921e-06
4.718500184000001 6.702546642157309e-06
4.719851415 8.65224120495757e-06
4.721202647 9.273592388548711e-06
4.722553877999999 9.808661628163889e-06
4.72390511 8.914371342005048e-06
4.725256341000001 8.412815279316148e-06
4.726607572 8.11979843967391e-06
4.727958804 8.280584528655957e-06
4.729310035 8.695951749716407e-06
4.730661267 9.307406904365516e-06
4.7320124980000005 8.708819418385986e-06
4.73336373 7.251797765264067e-06
4.734714961 5.660455937513232e-06
4.736066193 6.457022822189432e-06
4.737417424 8.084961638085912e-06
4.738768654999999 1.1138879261016015e-05
4.740119887 1.2591037529034209e-05
4.741471118000001 1.3316856647708853e-05
4.74282235 1.241255598445567e-05
4.744173581 1.1427205224694524e-05
4.745524813 1.0242468275227355e-05
4.7468760439999995 8.908891563235694e-06
4.748227276 7.894242830394306e-06
4.749578507 7.231640799891022e-06
4.750929738 7.040486883934642e-06
4.75228097 7.064450042347251e-06
4.753632201 7.6160752045015495e-06
4.7549834330000005 8.41812344939433e-06
4.756334664 9.431524281666505e-06
4.757685896 9.779931216355224e-06
4.759037127 9.940955899037323e-06
4.760388358 9.370593203088333e-06
4.76173959 7.889095982292095e-06
4.763090821 6.249242801342989e-06
4.764442053 4.432657414774245e-06
4.765793284 4.048563539873288e-06
4.767144516 5.076152405371405e-06
4.768495747 6.456914139994875e-06
4.7698469789999995 7.709371788121677e-06
4.77119821 6.8538795787611395e-06
4.772549441 5.126334438875917e-06
4.773900673 5.090816473009681e-06
4.775251904 5.593022430903723e-06
4.776603135999999 5.780628474899782e-06
4.777954367 5.1819698593137805e-06
4.779305599000001 3.877056831638443e-06
4.78065683 3.170318238830873e-06
4.782008061000001 2.2933944853676095e-06
4.783359293 1.3171884725624627e-06
4.784710524 1.5587544656856339e-06
4.7860617560000005 2.637938586361123e-06
4.787412987 4.337492679598221e-06
4.788764219 4.769021534557512e-06
4.79011545 5.48088451361087e-06
4.791466682 4.945016429165892e-06
4.7928179129999995 4.084947714998929e-06
4.7941691440000005 3.950270631728008e-06
4.795520376000001 4.36190020493118e-06
4.796871607 4.211727069876439e-06
4.798222839 3.660475215256122e-06
4.799574069999999 3.1521102642202098e-06
4.800925302 2.8976978687353967e-06
4.802276533000001 3.07307200280347e-06
4.803627764 3.3390138946179875e-06
4.804978996 3.6670093794354457e-06
4.806330227 3.813196755532471e-06
4.807681459 3.802701554651251e-06
4.80903269 3.6740582613535293e-06
4.810383922 3.130302629279992e-06
4.811735153 2.6622999801346145e-06
4.813086384999999 2.228433638343414e-06
4.814437616 1.962358940538484e-06
4.815788846999999 2.2914152848311974e-06
4.817140079 3.7908737846879167e-06
4.818491310000001 4.86548867300756e-06
4.819842542 5.172491601054353e-06
4.821193773 6.332113680344463e-06
4.822545005 7.370124222384576e-06
4.8238962359999995 7.82188265994589e-06
4.825247468 7.95633886615683e-06
4.826598699 7.2427930907067385e-06
4.82794993 6.3091203279623845e-06
4.829301162 5.227001160151361e-06
4.830652393 4.6971328826922656e-06
4.8320036250000005 4.34493846664126e-06
4.833354856 4.252837911228879e-06
4.834706088 4.0144655325202e-06
4.836057318999999 3.6382756545924483e-06
4.83740855 3.6615509132715295e-06
4.838759782 4.942828363682467e-06
4.840111013 6.698843719459618e-06
4.841462245 9.210432046346243e-06
4.842813476 1.0105202181898604e-05
4.844164708 9.75335795400492e-06
4.845515939 8.957975218047346e-06
4.8468671709999995 7.603301398700466e-06
4.8482184020000005 6.875726463237183e-06
4.849569633 7.16167601349481e-06
4.850920865 6.740423592292438e-06
4.852272096 6.6536640832572394e-06
4.853623327999999 5.297760588951382e-06
4.854974559 4.857862121848897e-06
4.856325791000001 4.952251583643668e-06
4.857677022 6.1374229746147795e-06
4.859028253 1.0213305740056292e-05
4.860379485 9.292765184182725e-06
4.861730716 7.311674525349922e-06
4.863081948 5.263559137672846e-06
4.864433179 4.401641304965589e-06
4.865784411 4.953742155160506e-06
4.867135642 4.876795308296604e-06
4.868486874 5.827212299889669e-06
4.8698381049999995 6.708807903241413e-06
4.8711893360000005 7.602352768256676e-06
4.872540568000001 8.959953615560376e-06
4.873891799 7.69356945014872e-06
4.875243031 6.755633370977913e-06
4.876594261999999 5.971048835286022e-06
4.8779454939999995 6.168358597617208e-06
4.879296725000001 8.197701133576644e-06
4.880647956 9.991518588652879e-06
4.881999188 1.0417136571610922e-05
4.883350419 8.445310325635075e-06
4.884701651 6.8768876212132525e-06
4.8860528819999995 5.232961407062608e-06
4.887404114 3.984867314717145e-06
4.888755345 4.266804780005974e-06
4.890106576999999 5.05713136920967e-06
4.891457808 6.032827435958235e-06
4.892809038999999 6.4347951112729415e-06
4.894160271 5.663743390298509e-06
4.895511502000001 4.99387428703952e-06
4.896862734 5.1814473469330446e-06
4.898213965 5.885821164713806e-06
4.899565197 5.813067437972295e-06
4.900916428 5.029224932638266e-06
4.902267660000001 4.751679534089016e-06
4.903618891 5.3499203374606705e-06
4.904970122 6.234873511540408e-06
4.906321354 6.754126610733004e-06
4.907672585 7.408397222109462e-06
4.9090238170000005 7.278651519152565e-06
4.910375048 7.69782442380451e-06
4.91172628 8.945076764864657e-06
4.913077511 1.0350975823978131e-05
4.914428742 1.2838407392621057e-05
4.915779974 1.181349258970869e-05
4.917131205 9.29116983680825e-06
4.918482437 8.727224630116694e-06
4.919833668 8.211590466942652e-06
4.9211849 7.723219106417504e-06
4.922536131 7.110495334500603e-06
4.9238873629999995 7.405907029995918e-06
4.9252385940000005 8.124506215110066e-06
4.926589825 8.67286000785745e-06
4.927941057 8.36012224916262e-06
4.929292288 7.73572241273835e-06
4.930643519999999 7.150810398861605e-06
4.931994751 7.898437541398596e-06
4.933345983000001 1.030285529774218e-05
4.934697214 1.1943535307440802e-05
4.936048445 1.3260264472606914e-05
4.937399677 1.3917977825756269e-05
4.938750908 1.336077548230149e-05
4.94010214 1.2972504523312216e-05
4.941453371 1.1595536114515967e-05
4.942804603 1.0792884004333457e-05
4.944155834 1.0420275320591158e-05
4.945507066 9.535741809657273e-06
4.9468582969999995 8.259173098654546e-06
4.9482095280000005 6.955738683727442e-06
4.949560760000001 6.624655247899769e-06
4.950911991 7.774174141377527e-06
4.952263223 9.04731268831222e-06
4.953614453999999 1.0329699611836483e-05
4.9549656859999995 1.0608447166968587e-05
4.9563169170000005 1.0731966031722651e-05
4.957668148 1.0600040277132827e-05
4.95901938 1.0125039424003291e-05
4.960370611 9.938297477204647e-06
4.961721843 9.339914270888855e-06
4.9630730739999995 8.764534447164453e-06
4.964424306 9.272008392354703e-06
4.965775537000001 1.0815446110384577e-05
4.967126769 1.2447607250059329e-05
4.968478 1.473552835134829e-05
4.969829230999999 1.339583809463693e-05
4.971180463 1.2174228808451963e-05
4.972531694000001 1.0203125175797643e-05
4.973882926 8.816142232974024e-06
4.975234157 8.679803698719978e-06
4.976585389 8.91315235661446e-06
4.97793662 9.214655091583249e-06
4.979287852000001 8.528939003870072e-06
4.980639083 8.545099243170687e-06
4.981990314 7.2452528067474625e-06
4.983341545999999 6.19834798118099e-06
4.984692777 4.901517301273579e-06
4.986044009 3.3592827648732066e-06
4.98739524 2.872011447106384e-06
4.988746472 2.5158945125416893e-06
4.990097703 2.717464783164614e-06
4.991448934 2.366336733369653e-06
4.992800166 2.1394349137333536e-06
4.9941513969999995 2.1983647708967033e-06
4.995502629 2.9939410842981478e-06
4.99685386 3.7889487784970008e-06
4.998205092 3.7917438319952094e-06
4.999556323 4.0545493785215886e-06
5.0009075549999995 3.0540598257239777e-06
5.0022587860000005 2.933352652942816e-06
5.003610017 2.2775997778075446e-06
5.004961249 1.828533537664632e-06
5.006312479999999 1.7545349177222288e-06
5.007663711999999 1.9546519161508885e-06
5.009014943 2.3304983931728163e-06
5.010366175 2.162934929633746e-06
5.011717406 1.9374655820085406e-06
5.013068637 1.945020096153709e-06
5.014419869 2.164830004646275e-06
5.0157711 2.9847137730181094e-06
5.017122332 3.848394733625355e-06
5.018473563 4.504540124316367e-06
5.019824795000001 4.773654207724052e-06
5.021176026 4.752038142831599e-06
5.022527258 4.276576893088828e-06
5.0238784889999994 3.81455935470139e-06
5.0252297200000005 3.404663221778621e-06
5.026580952000001 3.2828712943872213e-06
5.027932183 3.911754907362527e-06
5.029283415 4.663647144654235e-06
5.030634646 5.670598215696301e-06
5.031985878 6.324874749667876e-06
5.033337109 6.554694422665973e-06
5.034688341 5.8431790057201646e-06
5.036039572 5.309871249633481e-06
5.037390803 4.609973641618365e-06
5.038742035 4.419406713415366e-06
5.0400932659999995 4.436253277818061e-06
5.041444498 4.467137968832485e-06
5.042795729000001 4.273365382103428e-06
5.044146961 4.353343589848147e-06
5.045498192 4.627111258892651e-06
5.046849422999999 4.73286406990118e-06
5.048200655 4.881558993220999e-06
5.049551886000001 3.61463716789962e-06
5.050903118 3.466901627772521e-06
5.052254349 4.114338526378059e-06
5.053605581 4.9452547743446394e-06
5.054956812 5.662592958320031e-06
5.056308044000001 5.946252760251989e-06
5.057659275 5.7604462249044846e-06
5.059010506 5.721254262800368e-06
5.060361737999999 5.807310521710919e-06
5.061712969 6.2808721833736075e-06
5.063064201 6.952114476962352e-06
5.064415432 6.572675378634946e-06
5.065766664 6.127169960276003e-06
5.067117895 5.443564192507232e-06
5.068469126 5.704490195818407e-06
5.069820358 5.940426285920568e-06
5.0711715889999995 5.436491359310192e-06
5.072522821 4.5084546543101065e-06
5.073874052 2.744300978953895e-06
5.075225284 1.8186347725481167e-06
5.076576515 1.4149887678422358e-06
5.0779277469999995 1.8671399737181975e-06
5.0792789780000005 1.4599501039885818e-06
5.080630209 7.958425460307305e-07
5.081981441 1.381652914852928e-07
5.083332671999999 8.864686629982575e-08
5.084683904 3.644105010311913e-07
5.086035135 9.351557823926943e-07
5.087386367 1.1667280971558915e-06
5.088737598 6.840736446926505e-07
5.090088829 5.286750294667542e-07
5.091440061 5.596165703062844e-08
5.092791292 5.792828209540003e-07
5.094142524 1.2097009872756306e-06
5.095493755000001 2.0388121416715304e-06
5.096844987000001 2.2744458471065662e-06
5.098196218 2.8070928439311325e-06
5.09954745 2.3173031654896958e-06
