Wavelength_microns Throughput
2.0004663860000003 1.8442963657084636e-10
2.002610509 1.6188429055347342e-10
2.004754632 1.4101795605540523e-10
2.006898754 1.2430427971083298e-10
2.009042877 1.1110226759322663e-10
2.011186999 1.0213950881372477e-10
2.013331122 9.587788187608117e-11
2.015475245 9.118505459417289e-11
2.017619367 8.706407963925288e-11
2.01976349 8.275691716300565e-11
2.021907612 7.803131752326588e-11
2.024051735 7.20938644208766e-11
2.026195858 6.788777137352558e-11
2.02833998 6.4308318312923e-11
2.030484103 6.150068347462408e-11
2.032628225 5.977527882081351e-11
2.034772348 5.7764458555429775e-11
2.036916471 5.6727364480544565e-11
2.039060593 5.624853427004257e-11
2.0412047159999998 5.680883538288066e-11
2.043348838 5.7179545128989374e-11
2.045492961 5.7389233123561085e-11
2.0476370839999998 5.770224491172907e-11
2.049781206 5.930370413890413e-11
2.0519253290000004 6.09974599806441e-11
2.0540694509999997 6.38932443070595e-11
2.056213574 6.74331190979564e-11
2.058357697 7.204047024175521e-11
2.060501819 7.770580370245387e-11
2.062645942 8.435325552579865e-11
2.064790064 9.201503727730687e-11
2.0669341869999998 1.0098050268605436e-10
2.06907831 1.1157943433704387e-10
2.071222432 1.2409867602790796e-10
2.073366555 1.3978007602165194e-10
2.075510677 1.5823464401621806e-10
2.0776548 1.799437950344333e-10
2.079798923 2.0856563055560919e-10
2.081943045 2.422366175229631e-10
2.084087168 2.876845401107884e-10
2.08623129 3.4648699617062297e-10
2.088375413 4.15857062514406e-10
2.090519536 4.804230956745429e-10
2.0926636579999998 5.592915811603395e-10
2.094807781 6.190713109927941e-10
2.0969519030000003 6.804886251312149e-10
2.0990960260000002 7.274696709632691e-10
2.101240149 7.633657746893921e-10
2.103384271 7.82553041122945e-10
2.105528394 7.441484383692027e-10
2.107672516 6.96024727343179e-10
2.109816639 6.069903187024927e-10
2.1119607620000003 5.113073635489685e-10
2.114104884 3.9866892825338184e-10
2.116249007 2.9415302364400437e-10
2.118393129 2.165199818689263e-10
2.120537252 1.7734741497005045e-10
2.122681375 1.4740454638574374e-10
2.124825497 1.2330278301770687e-10
2.1269696199999997 1.0635771317647763e-10
2.129113742 9.788575130745849e-11
2.1312578650000003 9.727495640306386e-11
2.133401988 9.967549742654674e-11
2.1355461100000004 9.365730981776591e-11
2.137690233 9.189871730948795e-11
2.139834355 5.746362372742392e-11
2.141978478 3.251418882772638e-11
2.144122601 1.0362701617618683e-11
2.146266723 9.88482315926832e-13
2.1484108460000004 1.310446497772741e-13
2.150554968 8.419057949677645e-13
2.152699091 9.902005791952007e-12
2.154843214 3.789071635642212e-11
2.1569873360000003 5.199538422378244e-11
2.159131459 8.579362636347726e-11
2.161275581 8.090290875866246e-11
2.163419704 7.691910212245704e-11
2.165563827 5.954992779264651e-11
2.167707949 6.228692320241284e-11
2.1698520720000003 6.614466008471944e-11
2.1719961939999997 5.1044866313752304e-11
2.174140317 4.077169011978824e-11
2.17628444 4.595768703804778e-11
2.178428562 5.6759481122144815e-11
2.180572685 4.524572867437441e-11
2.182716807 4.4133178294126097e-11
2.1848609299999997 6.32185156104568e-11
2.187005053 4.675578494737601e-11
2.189149175 3.210833967388737e-11
2.191293298 1.0008566358978473e-11
2.1934374200000004 1.2181553644718882e-12
2.195581543 3.075451871947922e-13
2.1977256659999997 3.25653969925207e-13
2.199869788 3.6094053293633297e-13
2.202013911 5.73434899565204e-13
2.204158033 2.273995159623163e-12
2.206302156 1.3210963632273619e-11
2.208446279 4.118446020994587e-12
2.210590401 7.673445592283713e-12
2.212734524 9.586575216515362e-12
2.2148786460000003 2.6485862802366506e-12
2.217022769 1.2682981168009636e-12
2.219166892 3.622719497743839e-12
2.221311014 1.882129833499345e-11
2.2234551369999997 2.934113838573274e-11
2.225599259 1.2517762087426669e-11
2.2277433820000003 2.2247265380939583e-11
2.229887505 7.004773375224201e-11
2.232031627 2.2631795584108437e-10
2.23417575 2.0790593612542756e-10
2.236319872 2.429652967192994e-11
2.238463995 5.385353193000093e-12
2.240608118 5.176593359065136e-12
2.2427522399999997 5.9452164679750305e-12
2.2448963629999996 6.948414687852548e-12
2.247040485 8.216999971870387e-12
2.249184608 9.807700207405168e-12
2.251328731 3.013578972836223e-11
2.2534728530000003 3.280783844246938e-10
2.2556169759999998 3.345154581025657e-09
2.257761098 4.190203190513398e-09
2.259905221 6.6710835227431895e-09
2.2620493440000002 6.749737391288912e-09
2.264193466 4.1005933951219224e-09
2.2663375890000004 2.9475657453815395e-09
2.2684817109999997 4.440909009969527e-10
2.270625834 8.141471003682364e-11
2.272769957 9.835746718739366e-11
2.274914079 1.1564910315380756e-09
2.277058202 1.4428060241061014e-08
2.279202324 3.338364897610192e-08
2.2813464469999998 4.4120328657814495e-08
2.28349057 5.389304844207286e-08
2.285634692 2.898351938649176e-08
2.2877788150000002 2.0493160052997328e-08
2.2899229369999996 5.969606503374989e-09
2.29206706 8.361785515615684e-10
2.294211183 8.395632673047633e-10
2.296355305 2.243946274599986e-09
2.298499428 6.075524971322511e-09
2.3006435499999998 1.4966362383890002e-08
2.3027876729999996 1.926920868986733e-08
2.304931796 2.6138107545482008e-08
2.307075918 1.1305724162822047e-08
2.309220041 4.5152599016829175e-09
2.3113641630000004 3.7328553794521936e-08
2.3135082860000002 3.756132386521822e-08
2.3156524089999997 2.6132866174602564e-08
2.317796531 1.7903277937048784e-08
2.319940654 2.4132130187625433e-08
2.322084776 1.175568488598105e-07
2.3242288990000004 3.239190636260138e-07
2.3263730220000003 4.0997961023165423e-07
2.328517144 5.216526432548676e-07
2.330661267 6.096604244545005e-07
2.3328053890000002 7.002353686843673e-07
2.334949512 7.542497458899462e-07
2.337093635 5.659666307588849e-07
2.339237757 5.708583210288752e-07
2.3413818799999997 6.603281704360496e-07
2.343526002 7.740993621468885e-07
2.3456701250000003 1.0032378180009099e-06
2.347814248 2.590527486785081e-07
2.34995837 2.664789698422965e-08
2.352102493 3.5995291711114298e-09
2.354246615 4.666604793725887e-09
2.356390738 9.361173528188898e-09
2.358534861 2.272227313884076e-08
2.3606789829999997 7.316720644812859e-08
2.362823106 3.8518998986241415e-07
2.364967228 1.2253895874583382e-06
2.367111351 1.083193905730505e-06
2.369255474 1.0066913440124785e-06
2.3713995960000003 1.1285564963647062e-06
2.3735437189999997 1.4010234963242778e-06
2.375687841 1.7090045002557397e-06
2.377831964 2.542649890783839e-07
2.379976087 2.7193337434950468e-08
2.382120209 4.722781868125351e-09
2.3842643320000003 1.3448832587450249e-08
2.3864084539999997 4.5889470838606775e-08
2.388552577 1.5599361390324913e-07
2.3906967 4.4122277725900266e-07
2.392840822 1.2603885340386808e-06
2.394984945 2.1046546891490467e-06
2.397129067 1.7823092303905852e-06
2.3992731899999997 1.5213641463924119e-06
2.401417313 8.84077982800716e-07
2.403561435 6.313491295899337e-07
2.405705558 1.0165004267404427e-06
2.40784968 1.1835230714824985e-06
2.409993803 1.3223566563863473e-06
2.4121379259999998 1.5644538412342768e-06
2.414282048 1.6855831269602188e-06
2.416426171 1.8985752616178848e-06
2.418570293 2.651658655233272e-06
2.4207144159999996 1.6448689317861675e-06
2.422858539 1.0474113169718044e-06
2.425002661 6.007145402719232e-07
2.427146784 3.7113333140117977e-07
2.4292909060000003 4.811850676202518e-07
2.431435029 8.629713033537571e-07
2.4335791519999996 6.519133033424141e-07
2.435723274 5.526328356105408e-07
2.4378673969999998 4.823737589315849e-07
2.440011519 4.2436947374019163e-07
2.4421556420000003 3.7345952766384226e-07
2.4442997650000002 4.059487238572351e-07
2.446443887 5.164260153513285e-07
2.44858801 6.562416960790469e-07
2.450732132 1.7861614079026162e-07
2.452876255 2.476300209659604e-08
2.455020378 5.815744416380506e-09
2.4571644999999998 1.8087277304390694e-08
2.459308623 1.659218534975308e-07
2.461452745 1.7555584015734207e-06
2.463596868 2.6847144722815502e-06
2.465740991 2.704415360912875e-06
2.467885113 2.8187394385943244e-06
2.470029236 2.3487272326692773e-06
2.472173358 2.00788955640067e-06
2.474317481 2.121177816230256e-06
2.4764616040000003 1.649073581425118e-06
2.4786057259999996 1.546876857028092e-06
2.480749849 1.5176070737217477e-06
2.4828939709999998 1.2491717549050234e-06
2.485038094 1.059323767486673e-06
2.487182217 1.0592032101847361e-06
2.489326339 7.229498538957912e-07
2.491470462 1.142382661997605e-06
2.493614584 2.048873514891678e-06
2.495758707 1.8427650714367583e-06
2.49790283 1.1657430134330348e-06
2.500046952 1.9411505194193363e-07
2.5021910750000003 1.5748413694220369e-06
2.5038318559999997 4.56194559854366e-06
2.505183087 6.980940608208198e-06
2.506534319 3.297075330839719e-06
2.50788555 1.099938646955106e-06
2.509236782 2.7522434303708546e-06
2.510588013 1.2861107889321333e-06
2.511939244 5.544329755315715e-09
2.5132904760000003 1.8357182860455912e-06
2.514641707 3.829600705121963e-06
2.515992939 3.15321413953695e-07
2.51734417 5.234843746964671e-06
2.5186954019999996 3.6870369193934915e-06
2.5200466329999998 2.493417728117282e-06
2.521397865 1.6464509186271172e-08
2.522749096 1.1897678252798056e-06
2.524100327 2.8749396207719794e-06
2.525451559 1.7424783158057905e-06
2.52680279 8.685643748044486e-07
2.5281540220000003 8.061598865470798e-07
2.529505253 1.5136144519143206e-06
2.5308564849999997 2.3070417379933153e-06
2.532207716 1.978018734332712e-06
2.533558948 3.159972928278077e-06
2.534910179 2.566414837902077e-06
2.5362614100000003 4.476673748370943e-06
2.537612642 2.2627892712677127e-06
2.538963873 7.567819796835076e-07
2.5403151050000004 1.1544818224370699e-06
2.5416663359999996 6.979170773948155e-08
2.5430175680000002 6.903854905609427e-07
2.544368799 3.924336810197045e-06
2.54572003 3.606579701687038e-06
2.547071262 3.1370975454105e-06
2.548422493 4.7310951427222574e-08
2.549773725 2.956676727101435e-07
2.551124956 1.3672932001656959e-06
2.552476188 1.4930814810496855e-06
2.553827419 1.1561454423640765e-06
2.5551786510000003 2.1295184835990064e-06
2.556529882 3.32824743847395e-06
2.557881113 3.925418816317352e-06
2.559232345 2.405303116173507e-06
2.560583576 7.012465394342702e-07
2.561934808 4.249598000025223e-06
2.5632860390000003 1.6009294460646897e-06
2.564637271 2.9861900054715343e-06
2.565988502 6.352024408058896e-06
2.567339733 2.6516443416426947e-06
2.5686909649999996 2.4725856831086583e-06
2.5700421959999997 5.10032665122576e-06
2.571393428 1.2477811076590123e-06
2.572744659 1.3252453403417553e-06
2.574095891 3.6326033492278785e-06
2.575447122 5.279189919354145e-06
2.576798354 3.580427212628318e-06
2.5781495850000002 6.297218450316281e-06
2.5795008160000004 5.228249568680519e-06
2.580852048 1.4204968223509968e-06
2.582203279 2.5950589201578937e-06
2.583554511 1.936696420491957e-06
2.584905742 2.3251909526520476e-06
2.586256974 3.0174990626013317e-06
2.587608205 4.1234770654300595e-06
2.588959437 6.441791341381048e-09
2.590310668 3.3692998988446608e-06
2.591661899 3.580237361386733e-06
2.593013131 2.8991876117685204e-06
2.594364362 2.106828891532091e-06
2.5957155939999996 1.6421531545675547e-06
2.5970668249999997 7.189429584262423e-08
2.598418057 2.5213334972683373e-06
2.599769288 2.6192459002845505e-06
2.601120519 1.3142594605964496e-06
2.602471751 1.7348496501837397e-06
2.603822982 5.083137424925639e-06
2.6051742140000003 3.833493269912036e-06
2.6065254450000004 2.519318213880582e-06
2.607876677 2.9680834565376823e-06
2.609227908 2.293027694008022e-06
2.61057914 6.483388533766767e-07
2.611930371 1.3556849527580714e-06
2.613281602 3.0372539023212965e-06
2.614632834 3.044711590833724e-06
2.615984065 2.8603854497150434e-06
2.617335297 5.739107351971759e-07
2.618686528 1.9259171110145105e-06
2.62003776 1.4763323418323128e-06
2.621388991 3.770336625485035e-06
2.622740222 4.3920001084861796e-06
2.6240914539999998 1.7524536195691894e-06
2.625442685 2.841531467889964e-06
2.626793917 2.504334036890611e-08
2.628145148 2.060515540829355e-06
2.62949638 3.6834251988904543e-06
2.630847611 1.9398681765884812e-06
2.6321988430000003 1.7686557887639983e-06
2.6335500740000004 2.831863385254188e-06
2.634901305 4.382353036181902e-07
2.636252537 4.140717513345641e-06
2.637603768 4.354312529687261e-06
2.6389549999999997 5.288715336444478e-06
2.640306231 4.332406410398094e-06
2.641657463 6.915753842775464e-06
2.643008694 6.270193522007829e-06
2.6443599250000003 3.3626426954293345e-06
2.645711157 2.803110920946822e-06
2.6470623879999997 3.3241546021411044e-06
2.64841362 1.5676801893152715e-08
2.649764851 2.6750381187702015e-08
2.651116083 3.2348954105085027e-07
2.652467314 1.8687628902243458e-06
2.653818546 3.370295241684773e-06
2.6551697770000002 5.451631265850293e-06
2.6565210080000004 4.401534237935629e-06
2.65787224 2.7342175319783436e-06
2.659223471 3.2528394741778594e-06
2.6605747030000004 5.027648909002255e-06
2.6619259339999997 4.870900025409753e-06
2.663277166 2.288096031197178e-06
2.664628397 1.500311425738863e-06
2.6659796289999997 3.219585039342094e-06
2.66733086 1.9690909194643592e-06
2.668682091 4.059528979520525e-06
2.670033323 2.864906084766763e-06
2.6713845540000003 9.469253102683002e-07
2.672735786 2.264058607450681e-06
2.6740870169999997 3.207737241790403e-06
2.675438249 2.8380352139608178e-06
2.67678948 4.701677127013194e-09
2.678140711 1.5171361390498629e-06
2.679491943 1.8555245324819813e-06
2.680843174 1.559237966793897e-06
2.6821944060000003 2.256484999823444e-06
2.6835456370000004 3.8514727459423654e-07
2.684896869 2.3687117227295734e-06
2.6862481 1.016157513446072e-07
2.6875993319999996 7.307044826114841e-07
2.6889505629999997 7.537189792311209e-07
2.690301794 2.09594392341774e-06
2.691653026 4.311052215373174e-06
2.693004257 1.6979572697419475e-06
2.694355489 5.5045482873157696e-08
2.69570672 6.871769671594457e-08
2.697057952 1.7599529845958093e-06
2.6984091830000003 2.5819062863529235e-07
2.699760414 8.311913957335263e-07
2.7011116459999998 3.07230806399923e-06
2.702462877 1.0145155965923208e-06
2.703814109 3.8103448825331875e-06
2.70516534 2.6511457649670066e-06
2.706516572 5.461644030077141e-07
2.707867803 3.0211548489910367e-06
2.7092190350000003 4.88194522474265e-07
2.7105702660000004 2.5634241355972885e-06
2.7119214969999996 1.6062392798660978e-06
2.713272729 2.2115109251662396e-06
2.71462396 1.2380666266453255e-06
2.7159751919999997 8.198522038773141e-09
2.717326423 2.575735640807327e-06
2.718677655 4.524204797896559e-07
2.720028886 1.8558559537259111e-06
2.7213801170000003 1.72126306399363e-06
2.722731349 3.464800161709207e-06
2.7240825799999997 4.586385287949902e-06
2.7254338120000003 4.3519007008926205e-06
2.726785043 1.156591290417861e-06
2.7281362749999998 2.5325639925908457e-06
2.729487506 4.844194296126538e-06
2.730838738 5.432107387816987e-09
2.732189969 8.903992121886121e-07
2.7335412000000003 7.546780572408725e-08
2.734892432 1.8517228231718809e-06
2.736243663 2.4218085778700743e-06
2.737594895 3.333698121345201e-06
2.7389461259999996 7.557438222543764e-07
2.740297358 4.220084684699954e-07
2.741648589 8.063921300242671e-08
2.7429998209999997 1.0391165321463505e-06
2.744351052 4.0358810723024705e-07
2.745702283 9.702792510758074e-09
2.747053515 5.539192857917566e-07
2.7484047460000003 1.349561447818219e-06
2.749755978 1.1897739259814526e-06
2.7511072089999997 3.714213245004091e-07
2.7524584410000004 1.1211235049315176e-06
2.753809672 1.677802170349827e-08
2.755160903 1.961939211279723e-06
2.756512135 7.563396928430451e-08
2.757863366 4.826108932917864e-07
2.7592145980000002 3.0912283699252328e-06
2.760565829 1.1422217739066977e-06
2.761917061 1.002423662214972e-06
2.7632682920000002 1.5159985384950052e-06
2.764619524 9.509486910826494e-07
2.7659707549999997 2.9137249443681103e-08
2.767321986 4.817282672590908e-09
2.768673218 5.3355457145825876e-09
2.770024449 1.486289957487148e-06
2.771375681 1.0855532182393151e-06
2.772726912 2.1973633575738545e-06
2.774078144 1.7064520511227858e-06
2.7754293750000003 2.1544025970514154e-06
2.776780606 9.544420128524813e-09
2.7781318379999997 9.392735522779672e-09
2.779483069 1.62359818376355e-07
2.780834301 2.968501150552376e-07
2.782185532 5.2650117696662306e-09
2.783536764 1.1370251425810166e-06
2.784887995 4.724717637850712e-09
2.786239227 4.721690811786902e-09
2.787590458 4.006822933752081e-07
2.788941689 1.5839513611413667e-06
2.7902929210000003 9.842522860262898e-07
2.791644152 1.6007530562584947e-06
2.7929953839999997 2.618998976062928e-07
2.794346615 3.282403815526096e-07
2.795697847 4.731293336155145e-09
2.797049078 6.076689285178063e-08
2.7984003090000003 4.739588945284665e-09
2.799751541 4.741560483955534e-09
2.801102772 4.742386370310764e-09
2.8024540040000003 4.744343911977833e-09
2.803805235 4.7461862424024765e-09
2.8051564669999998 1.8779367274234927e-08
2.806507698 4.535006453654614e-08
2.80785893 6.549657539205497e-07
2.8092101609999998 1.5924630687331516e-07
2.810561392 6.536489756629207e-08
2.811912624 3.7370943897181625e-07
2.813263855 4.743669492620905e-09
2.814615087 4.740802038130479e-09
2.8159663179999996 4.6771742981739575e-08
2.8173175500000003 1.650937619640475e-06
2.818668781 1.6581090934801488e-07
2.8200200129999997 5.170103690631247e-09
2.821371244 1.2409790014270757e-06
2.822722475 3.3460878965325366e-06
2.824073707 6.06171579721895e-08
2.8254249380000003 4.733532981325187e-09
2.82677617 5.390901579071137e-08
2.828127401 1.5932274380704923e-06
2.8294786330000004 1.4877886885922908e-08
2.830829864 9.62859223832148e-07
2.8321810949999997 1.695685967289983e-07
2.833532327 7.460647683588641e-08
2.834883558 1.3922017961868932e-07
2.83623479 5.894756394630277e-09
2.837586021 4.719433522701331e-07
2.838937253 9.350741116188536e-07
2.8402884840000002 1.4717378002706934e-08
2.841639716 1.488476048591064e-06
2.8429909469999997 4.698414494321587e-09
2.8443421779999998 2.6251134061396294e-08
2.84569341 1.5726801538138977e-07
2.847044641 4.689707743829752e-09
2.848395873 1.5168658021659334e-06
2.849747104 2.274104134450708e-06
2.851098336 4.678971902373625e-09
2.8524495670000003 2.029549727090845e-07
2.8538007980000004 1.7079936355234031e-06
2.85515203 1.482026747762442e-06
2.856503261 1.0777399464506195e-06
2.8578544929999996 4.651021366144113e-09
2.8592057239999997 4.115130847361856e-08
2.860556956 6.0931883649990775e-09
2.861908187 4.0322387682968625e-07
2.863259419 4.628905962153944e-09
2.86461065 4.628839692005614e-09
2.865961881 4.627728818739973e-09
2.8673131130000002 7.813376973467264e-08
2.868664344 2.890829664325307e-08
2.8700155759999997 2.6727051658820782e-08
2.871366807 1.1291183953599468e-07
2.872718039 3.444326726187961e-08
2.87406927 1.2743498929211777e-06
2.8754205010000002 1.4827206878023852e-06
2.876771733 2.3792356074899456e-06
2.878122964 2.840039998385881e-07
2.8794741960000003 4.605731326921039e-09
2.8808254270000004 4.60393708885643e-09
2.882176659 4.602112877184573e-09
2.88352789 4.60026946821666e-09
2.8848791219999996 5.54010634691838e-09
2.8862303529999997 6.356647534815826e-07
2.887581584 2.678172136060029e-06
2.888932816 2.95960288391807e-06
2.890284047 1.0115222208510965e-06
2.891635279 1.2494559996969214e-06
2.89298651 8.66557602147393e-09
2.8943377420000003 4.587434447651678e-09
2.895688973 1.490719380918773e-07
2.8970402049999997 8.869624358474981e-09
2.898391436 1.201695758193075e-06
2.899742667 5.220745981946939e-07
2.901093899 4.57892684562761e-09
2.9024451300000003 3.1306279101761693e-08
2.903796362 8.739687391006074e-07
2.905147593 1.998741609064532e-06
2.9064988250000003 3.3922182804790794e-06
2.907850056 3.6499380013739723e-06
2.9092012869999997 3.06712009395667e-07
2.910552519 4.549894155637519e-09
2.91190375 1.0314839739036317e-07
2.9132549819999998 1.1901540091617735e-06
2.914606213 3.6456792588152626e-08
2.915957445 1.8317407526539285e-06
2.917308676 1.5291484775891467e-06
2.918659908 2.4414165004028105e-06
2.920011139 1.7877336352266433e-06
2.9213623699999998 2.5966960300957083e-08
2.922713602 9.636150589132268e-07
2.924064833 3.0406207635653554e-07
2.925416065 1.0186302822696597e-06
2.926767296 9.755342043618732e-07
2.928118528 8.286412968515891e-09
2.9294697590000003 4.474450579989611e-09
2.93082099 4.466573128237349e-09
2.932172222 4.458195274840792e-09
2.933523453 4.449842299785558e-09
2.934874685 4.441526872430715e-09
2.9362259159999997 7.322482758323112e-07
2.937577148 1.5409830200620273e-06
2.938928379 8.296852910626845e-07
2.940279611 4.403868002465183e-09
2.941630842 6.671145281012404e-07
2.942982073 1.1399258220237113e-07
2.9443333050000002 4.388224061307448e-09
2.9456845360000004 4.381533633869477e-09
2.947035768 4.3749951592385565e-09
2.948386999 1.2324699211413516e-07
2.949738231 1.4370943033509524e-07
2.951089462 1.1680993418698716e-06
2.952440694 1.5874258566604174e-06
2.953791925 6.028870215890188e-08
2.955143156 1.0278717665827624e-07
2.956494388 1.7965310435188582e-07
2.957845619 8.026460946303335e-07
2.959196851 9.787738603397971e-07
2.960548082 2.622706523261318e-07
2.9618993139999996 9.75933013896869e-07
2.9632505449999997 1.2328306453237e-06
2.964601776 4.3489566664796026e-07
2.965953008 5.939816094297294e-07
2.967304239 8.595725022666917e-07
2.968655471 2.656793823387045e-07
2.970006702 8.151352095860323e-09
2.9713579340000003 4.993363221099401e-08
2.9727091650000004 3.4438668376553706e-07
2.974060397 3.693703775952577e-08
2.975411628 3.761113926319305e-07
2.976762859 2.930436249204489e-07
2.978114091 4.2570208332185424e-09
2.979465322 4.253465956682562e-09
2.980816554 7.574351032031656e-09
2.982167785 4.367168910723655e-09
2.983519017 4.2370697968135084e-09
2.984870248 3.004822472133149e-07
2.9862214789999997 9.197339295432668e-09
2.987572711 1.1356544480314508e-08
2.988923942 1.5520509245783257e-06
2.9902751739999998 5.384981848138252e-07
2.991626405 4.525733082719056e-09
2.992977637 4.206980592106617e-09
2.994328868 4.203401711397528e-09
2.9956801 8.475085815985892e-08
2.997031331 4.854392052567659e-07
2.9983825619999998 1.1147719479945864e-06
2.9997337940000004 2.043686218923808e-06
3.001085025 1.8710341721788525e-06
3.002436257 1.8137648382987532e-06
3.003787488 2.689318129519105e-06
3.0051387199999997 1.489246356173239e-06
3.006489951 9.723169560284195e-07
3.007841182 5.504123901185369e-07
3.009192414 1.9355727123963496e-07
3.0105436450000003 2.2736112232020544e-07
3.011894877 2.8810503465081176e-06
3.0132461079999997 9.525666987855558e-09
3.01459734 1.7124758963306297e-08
3.015948571 5.301572957970685e-07
3.017299803 2.3997302362432496e-07
3.018651034 1.6117055088259431e-06
3.020002265 7.704250515460361e-07
3.021353497 5.853422567064724e-07
3.0227047280000003 2.7335052402832335e-06
3.02405596 2.8288474050066867e-06
3.0254071909999998 1.6749453242979897e-06
3.0267584230000004 8.561842442994376e-07
3.0281096539999997 2.3064099686561978e-07
3.029460886 1.2528630334864208e-07
3.030812117 3.629950847668483e-06
3.032163348 3.165961387692699e-06
3.03351458 2.4393786811849403e-06
3.034865811 3.039363740560779e-06
3.036217043 4.785583865390468e-06
3.0375682740000003 3.931849689817302e-06
3.038919506 4.070914729302236e-06
3.0402707369999997 4.355636158284309e-06
3.041621968 2.0603030400028905e-06
3.0429732 1.0025077318355028e-06
3.044324431 4.3700494056812085e-06
3.045675663 1.5002118122442438e-06
3.047026894 1.5526950034030117e-06
3.0483781260000002 1.3860404366255676e-06
3.0497293570000004 4.338284425435542e-06
3.051080589 2.9205298205376952e-06
3.05243182 3.3713554117360765e-06
3.053783051 2.080581784239747e-06
3.0551342829999997 1.0410894287371305e-06
3.056485514 9.796322777934094e-07
3.057836746 2.329667467680575e-06
3.059187977 1.0053881842486368e-06
3.060539209 3.312884056493374e-06
3.06189044 3.5653823274494363e-06
3.063241671 2.9578214141440526e-06
3.0645929030000003 6.0211465635245e-07
3.065944134 5.850536882190056e-07
3.0672953659999997 1.6421524783077026e-06
3.068646597 2.090316270005509e-06
3.069997829 1.6249521415407404e-06
3.07134906 4.109748155361843e-06
3.072700292 5.800087092141017e-06
3.074051523 3.194772946759804e-06
3.075402754 2.76280949242491e-06
3.0767539860000004 3.2741586029055687e-06
3.0781052169999996 3.348085040850367e-06
3.079456449 4.675678159654353e-06
3.08080768 5.868661086924263e-06
3.0821589119999997 4.642096558225767e-06
3.083510143 1.98759635283153e-06
3.084861374 4.199374975583051e-06
3.086212606 6.051396275400533e-06
3.0875638370000003 8.024227731181943e-06
3.088915069 6.350032538751912e-06
3.0902662999999997 8.056007719026123e-06
3.0916175320000003 1.0512879523414279e-05
3.092968763 1.146096746000421e-05
3.0943199949999998 1.1494646361090595e-05
3.095671226 1.1344766884786097e-05
3.097022457 1.3529301273564568e-05
3.098373689 1.4950609750475987e-05
3.0997249200000003 1.3862767029445271e-05
3.101076152 1.541221933317716e-05
3.102427383 1.9426235625412892e-05
3.103778615 2.1669423113641046e-05
3.1051298459999996 2.196274687898097e-05
3.106481078 2.300158974160192e-05
3.107832309 2.6620555468409275e-05
3.10918354 2.906483223891836e-05
3.110534772 2.8614168932355332e-05
3.111886003 2.9995220149181413e-05
3.113237235 3.046182401166169e-05
3.1145884660000003 2.9575424104647987e-05
3.115939698 3.253935746582915e-05
3.1172909289999997 3.484600963918943e-05
3.11864216 3.495113112036562e-05
3.119993392 3.511678715171282e-05
3.121344623 3.268161117021785e-05
3.122695855 3.441482724812811e-05
3.124047086 3.895991784305734e-05
3.1253983180000002 3.69660375677134e-05
3.126749549 3.402552431804612e-05
3.128100781 3.561099240987856e-05
3.1294520120000002 3.694239011336398e-05
3.130803243 3.329536454868314e-05
3.1321544749999997 2.6218849659427223e-05
3.133505706 2.4567577888464465e-05
3.134856938 2.7158525272323684e-05
3.136208169 2.603526430526671e-05
3.137559401 2.4698903670370822e-05
3.138910632 2.477279696584163e-05
3.140261863 2.267562492576537e-05
3.1416130950000003 2.0434501001035408e-05
3.142964326 2.1698006191954292e-05
3.1443155579999997 2.2522248785020646e-05
3.145666789 1.9994218109877017e-05
3.147018021 1.6569636040511143e-05
3.148369252 1.682400249979847e-05
3.149720484 1.6110377564729312e-05
3.151071715 1.2962988372857867e-05
3.152422946 9.895599354930941e-06
3.153774178 1.0430954506891693e-05
3.155125409 1.1467157100535997e-05
3.1564766410000002 1.360846040635054e-05
3.157827872 1.1291576340161841e-05
3.1591791039999997 9.37569816311416e-06
3.160530335 1.0033715965500264e-05
3.161881566 7.970488229823273e-06
3.163232798 7.023280580177345e-06
3.1645840290000002 7.562106362753931e-06
3.165935261 8.209661552278418e-06
3.167286492 6.9631798300105705e-06
3.1686377240000003 6.921687815759472e-06
3.169988955 7.26438282702539e-06
3.1713401869999998 4.0440549097165346e-06
3.172691418 3.2083934775606532e-06
3.174042649 6.4957318851827735e-06
3.1753938809999998 8.130701598060775e-06
3.176745112 5.63532240453437e-06
3.178096344 4.077758902092061e-06
3.179447575 8.881568970934375e-07
3.180798807 6.15008092827305e-06
3.182150038 6.283091588585999e-06
3.1835012700000003 1.9557619874508064e-06
3.184852501 2.1051494335744853e-06
3.186203732 3.5464507903692537e-06
3.187554964 3.4786804022008214e-06
3.188906195 3.0656025337494684e-06
3.190257427 5.158047869357791e-06
3.1916086580000003 5.578616914378018e-06
3.19295989 5.216592594610211e-06
3.194311121 4.17672516794007e-06
3.195662352 1.4045839476826789e-06
3.197013584 7.761790785000165e-07
3.1983648149999997 2.2164816144711484e-06
3.199716047 2.4073251234626096e-06
3.201067278 1.513286316769138e-06
3.2024185099999998 3.0242024503854854e-07
3.203769741 7.163318179700042e-07
3.205120973 1.8522876681272567e-06
3.206472204 1.4235619907833653e-06
3.207823435 1.5445824192372517e-06
3.209174667 1.6264007159663822e-06
3.2105258979999998 4.7737691765717844e-06
3.21187713 3.699908356729793e-06
3.213228361 2.1552600858286615e-06
3.214579593 2.7018851148905746e-06
3.215930824 1.8415764630636706e-06
3.217282055 1.0730250708468356e-06
3.2186332870000003 5.471554655164123e-07
3.2199845180000004 1.1933719862274384e-06
3.22133575 3.87269623749416e-06
3.222686981 4.316532949175067e-06
3.2240382129999996 4.030386456619252e-06
3.2253894439999997 3.22431129984118e-06
3.226740676 3.5117871164934084e-06
3.228091907 2.054488247553167e-06
3.229443138 1.297481183039775e-06
3.23079437 3.3909339456419013e-06
3.232145601 5.752789431664142e-06
3.2334968330000002 2.4462541471555864e-06
3.234848064 1.827652368732618e-06
3.2361992959999997 3.926208387958214e-06
3.237550527 4.566997588627381e-06
3.238901759 1.9690415993397457e-06
3.24025299 5.681956473232369e-07
3.2416042210000002 4.72261006428326e-09
3.242955453 9.134845172695402e-08
3.244306684 2.7521394655907786e-06
3.2456579160000003 1.8505691404832755e-06
3.2470091470000004 9.887978913273277e-07
3.248360379 2.0965216429982975e-06
3.24971161 3.9212244008017085e-06
3.251062841 3.3868088755996926e-06
3.2524140729999997 4.661855650448264e-06
3.253765304 6.864388696683101e-06
3.255116536 6.18297327128575e-06
3.256467767 8.087737889571999e-06
3.257818999 1.1666065184636995e-05
3.25917023 1.0658617476884628e-05
3.2605214620000003 1.0681405059804703e-05
3.261872693 1.008466847933268e-05
3.263223924 9.60423205979374e-06
3.264575156 1.0638937098746703e-05
3.265926387 8.610288680433466e-06
3.267277619 7.098078860155626e-06
3.2686288500000003 7.4194550122844325e-06
3.269980082 6.7006452090561175e-06
3.271331313 4.982687729515449e-06
3.272682544 2.7653087856171952e-06
3.274033776 2.0034742856710243e-06
3.2753850069999997 2.2567464146493856e-07
3.276736239 4.0722714459100673e-08
3.27808747 9.440391745543385e-07
3.2794387019999998 1.8579500096610182e-06
3.280789933 3.405679855907294e-06
3.282141165 1.6418664628934872e-06
3.283492396 5.436514418175173e-09
3.2848436270000003 5.923856198662074e-07
3.286194859 1.3835114090915142e-06
3.2875460899999998 3.0124632899745708e-06
3.288897322 4.03887116955775e-06
3.290248553 3.5575732177183235e-06
3.291599785 4.73319973455655e-06
3.292951016 7.654539787618424e-06
3.294302247 6.442993498342577e-06
3.2956534790000003 4.28630696001499e-06
3.29700471 3.664812438267563e-06
3.298355942 6.85669275635338e-06
3.299707173 6.483568668424494e-06
3.301058405 4.030491086633845e-06
3.3024096359999997 4.345845607267882e-06
3.303760868 6.775677080974456e-06
3.305112099 5.218001393741738e-06
3.30646333 5.112362434388111e-06
3.307814562 5.837953186650904e-06
3.309165793 5.590040962661188e-06
3.3105170250000002 3.7975858379608624e-06
3.3118682560000003 4.872712234053665e-06
3.313219488 4.884432386505456e-06
3.3145707189999998 4.334549510164399e-06
3.315921951 3.8292007584428535e-06
3.317273182 1.3198507156920398e-06
3.318624413 6.079622647023109e-08
3.319975645 1.6559862480267874e-06
3.321326876 2.6655713540049492e-06
3.322678108 3.879735048064549e-06
3.324029339 4.286559851434802e-06
3.325380571 2.702362160334778e-06
3.326731802 3.0209135976635283e-07
3.328083033 3.1984474547137024e-08
3.3294342649999997 1.50904360998182e-06
3.330785496 5.1652622424647665e-06
3.332136728 5.986077107063087e-06
3.333487959 4.1091234802935094e-06
3.334839191 3.217518849538273e-06
3.336190422 4.103542344405328e-06
3.3375416540000002 4.645684059591629e-06
3.3388928850000004 3.512457170680412e-06
3.340244116 1.8930528352460648e-06
3.341595348 6.559776324398428e-08
3.342946579 6.880866329969308e-07
3.344297811 2.194684491373251e-06
3.345649042 4.229934767735018e-06
3.347000274 4.960119051657916e-06
3.348351505 4.827394649237272e-06
3.3497027360000002 3.112754877684629e-06
3.351053968 2.392081691381527e-06
3.3524051989999997 4.041211793339407e-06
3.353756431 6.755840722551829e-06
3.355107662 5.1934170129589315e-06
3.3564588939999997 3.4428350783617033e-06
3.357810125 5.266184510055996e-06
3.359161357 5.7278801655444344e-06
3.360512588 3.8726881934920804e-06
3.3618638190000003 5.200815954082303e-07
3.363215051 5.377431715845645e-09
3.3645662819999997 1.0803420204695902e-06
3.3659175140000004 1.841997760166459e-06
3.367268745 2.068532836823426e-06
3.368619977 7.452317372892071e-07
3.369971208 4.58852680669104e-09
3.371322439 4.630878219187365e-09
3.372673671 1.195971960614754e-07
3.374024902 2.363333341119086e-06
3.375376134 2.8086345167585633e-06
3.3767273650000003 1.791105586801252e-07
3.378078597 6.390437660249552e-08
3.3794298279999997 2.622014746850461e-06
3.38078106 5.441058720844982e-06
3.382132291 5.666166147972933e-06
3.383483522 6.321445988138015e-06
3.384834754 7.78156741192652e-06
3.386185985 8.587406382588528e-06
3.387537217 8.952637870415767e-06
3.3888884480000003 8.800402568791953e-06
3.39023968 8.613144898856088e-06
3.3915909109999998 7.912557027979684e-06
3.3929421430000004 9.007840192197507e-06
3.3942933739999996 9.723826508718724e-06
3.3956446049999998 8.647133081095957e-06
3.396995837 9.04708106901577e-06
3.398347068 5.705423735251187e-06
3.3996983 2.7987725125851223e-06
3.401049531 3.5990482586162572e-06
3.402400763 6.120801710884926e-06
3.4037519940000003 9.453378260591351e-06
3.405103225 8.165994919483087e-06
3.4064544569999997 8.59314236866456e-06
3.407805688 6.759701736124651e-06
3.40915692 3.1391602987479933e-06
3.410508151 4.549147456984855e-06
3.411859383 6.678446407998094e-06
3.413210614 5.896591196243132e-06
3.4145618460000002 6.038822698301128e-06
3.4159130770000004 6.929259047751543e-06
3.4172643079999996 6.408235967251123e-06
3.41861554 4.478680654369976e-06
3.419966771 4.227977471256336e-06
3.4213180029999997 3.865080612949479e-06
3.422669234 2.8571355776331693e-06
3.424020466 2.4389157768228583e-06
3.425371697 2.8844639203708633e-06
3.4267229280000002 7.072773166201853e-06
3.42807416 3.6799387915822e-06
3.429425391 2.147305472850925e-06
3.4307766230000003 4.090667302430707e-06
3.432127854 7.872790132722597e-06
3.4334790859999997 1.1485862494626201e-05
3.434830317 1.2881707816692969e-05
3.436181549 9.742129770068356e-06
3.43753278 4.718423431261085e-06
3.4388840110000003 3.3470343163805154e-06
3.440235243 4.432427492926791e-06
3.441586474 2.4431200263647074e-06
3.4429377060000004 2.4114108164140587e-06
3.4442889369999996 2.2983733678274364e-06
3.445640169 1.0273123194146358e-06
3.4469914 1.1608449362343756e-06
3.448342631 5.2098675149726705e-09
3.449693863 1.0369217343109338e-06
3.451045094 4.773125233097369e-06
3.452396326 4.203693740419638e-06
3.4537475570000002 1.6142646759435661e-06
3.455098789 6.375370110162625e-09
3.45645002 6.036295699425683e-09
3.4578012520000003 1.4094443688125632e-06
3.459152483 1.9442740828550687e-06
3.460503714 3.5556198482946536e-07
3.461854946 1.919257898595405e-07
3.463206177 2.3532328552331236e-07
3.464557409 4.215785918353938e-07
3.4659086400000003 1.1655952308169897e-06
3.467259872 1.3223494328966348e-06
3.468611103 8.43996673838539e-07
3.469962335 1.227776427239353e-06
3.4713135659999996 6.425503133509466e-07
3.4726647969999997 4.970636753406581e-09
3.474016029 4.971903865162563e-09
3.47536726 4.973173247188014e-09
3.476718492 4.97862778815688e-09
3.478069723 4.9815369251126475e-09
3.479420955 4.985154276726668e-09
3.4807721860000003 4.991645375466257e-09
3.482123417 9.58921100759223e-09
3.483474649 1.6048966953572402e-06
3.48482588 1.1948467756182768e-06
3.486177112 1.650965975269831e-08
3.487528343 1.1283229512154207e-07
3.488879575 5.373463410476334e-09
3.490230806 8.882380275184874e-07
3.491582038 1.4843620548223092e-06
3.492933269 1.8913856534428432e-06
3.4942845 2.182221450559915e-06
3.495635732 2.687002376621235e-06
3.496986963 3.0869320425984106e-06
3.4983381949999997 2.4383954741037096e-06
3.4996894259999998 1.7336847624206923e-07
3.501040658 5.073030852905617e-09
3.502391889 5.0782111106742955e-09
3.50374312 5.083364181198721e-09
3.505094352 5.088487700892696e-09
3.506445583 5.287369192769153e-07
3.5077968150000003 4.08198911838135e-06
3.509148046 2.680234110899138e-06
3.5104992779999997 1.6743006420035984e-06
3.511850509 2.134716237101411e-06
3.513201741 1.6681149741809028e-06
3.514552972 2.1032598713451352e-07
3.515904203 2.8342744432222016e-06
3.517255435 3.68183899473348e-06
3.518606666 2.4713205610804257e-06
3.519957898 2.579001809042466e-06
3.521309129 4.813105009427622e-06
3.5226603610000002 4.583176793830853e-06
3.524011592 3.1682870749378515e-06
3.5253628239999997 6.42981499438109e-07
3.526714055 8.861776343395951e-09
3.528065286 2.276453878503633e-06
3.529416518 4.271282950553231e-06
3.5307677490000002 4.680922848779389e-06
3.532118981 6.113791958282805e-06
3.533470212 5.701028423371656e-06
3.5348214440000003 7.351165493495365e-06
3.536172675 8.62833960044735e-06
3.537523906 4.410644617990711e-06
3.538875138 2.5601617032181196e-06
3.540226369 2.9959470533291747e-06
3.5415776009999997 3.1565206798963895e-06
3.542928832 2.5071030785491396e-07
3.544280064 5.2394908261161995e-09
3.545631295 3.8387623473965136e-08
3.546982527 1.6475335680920669e-06
3.548333758 4.360394871964115e-06
3.5496849889999997 5.505141748367329e-06
3.551036221 5.665570287023523e-06
3.552387452 2.611079510675327e-06
3.553738684 3.6294965151104987e-07
3.555089915 1.5093820123976873e-06
3.556441147 1.1898297997386016e-07
3.5577923780000003 1.587294488227468e-06
3.5591436090000004 2.422146000527403e-06
3.560494841 2.668113816403376e-06
3.561846072 4.2705893635688714e-06
3.563197304 4.42841115341457e-06
3.5645485349999997 3.0875015810347192e-06
3.565899767 3.470573714006311e-06
3.567250998 4.694362105038164e-06
3.5686022299999998 3.3997028930819903e-06
3.569953461 3.708513356597388e-06
3.571304692 3.3621224267874685e-06
3.572655924 4.425297880576442e-06
3.574007155 6.8657549750234546e-06
3.575358387 3.9646528994989454e-06
3.5767096179999998 3.5722612184390767e-06
3.57806085 4.4862200457359184e-06
3.579412081 5.187140462618187e-06
3.580763312 3.6773085058391765e-06
3.582114544 4.596691922636956e-06
3.583465775 6.90331391050377e-06
3.5848170070000003 7.409894848232848e-06
3.5861682380000004 7.634394965151774e-06
3.58751947 8.296140182473253e-06
3.588870701 6.8236016837423164e-06
3.5902219329999996 3.5635318375441992e-06
3.5915731639999997 2.418315364934714e-06
3.592924395 2.752210845242385e-06
3.594275627 6.047168721918277e-06
3.595626858 1.018925945347933e-05
3.59697809 1.0859089151715834e-05
3.598329321 9.050076719406957e-06
3.5996805530000002 6.487382878318997e-06
3.601031784 5.944338531415189e-06
3.602383016 3.7366488323912306e-06
3.603734247 1.1043190513167794e-06
3.605085478 1.358983134218864e-06
3.60643671 3.7434631100748155e-06
3.607787941 5.408306498447874e-06
3.609139173 5.478083616373506e-06
3.610490404 5.434437033911256e-06
3.6118416360000003 4.595741488959491e-06
3.6131928670000004 4.824317828223564e-06
3.6145440979999997 6.460425273603679e-06
3.61589533 7.457387241514755e-06
3.617246561 6.706458771772729e-06
3.6185977929999997 5.157740593125227e-06
3.619949024 4.680304562629296e-06
3.621300256 5.456494575673939e-06
3.622651487 4.341499764566412e-06
3.624002719 3.1000488998909897e-06
3.62535395 2.7345711831049014e-06
3.6267051809999997 2.1058517793147715e-06
3.628056413 2.233419780651815e-06
3.629407644 3.8980462108385155e-06
3.630758876 4.6385285863436835e-06
3.632110107 3.6377349606813576e-06
3.633461339 3.167740829973943e-06
3.6348125700000002 5.1003591982381864e-06
3.6361638010000004 8.251848967659303e-06
3.637515033 9.285125586756472e-06
3.638866264 7.3409518521551205e-06
3.640217496 4.05487809757984e-06
3.6415687269999997 2.4303411220924267e-06
3.642919959 3.300992658617438e-06
3.64427119 4.0433415965e-06
3.6456224219999998 4.939316996319771e-06
3.646973653 4.657845414336025e-06
3.648324884 2.9032605131428144e-06
3.649676116 3.3904082940684386e-06
3.6510273470000003 5.888702581543774e-06
3.652378579 6.6391016007525265e-06
3.6537298099999997 8.282116464175856e-06
3.655081042 9.653108403374668e-06
3.656432273 8.691620086433025e-06
3.657783504 5.6155991279335506e-06
3.659134736 5.089460742560918e-06
3.660485967 4.165524496467841e-06
3.6618371990000003 3.032165785891028e-06
3.66318843 2.4646746926640416e-06
3.664539662 2.4509825902429664e-06
3.665890893 2.9173295310543538e-06
3.667242125 3.2437723148048155e-06
3.6685933559999997 3.9187077596947484e-06
3.669944587 5.43776433035557e-06
3.671295819 6.0748579098613145e-06
3.67264705 4.877348239428542e-06
3.673998282 2.3737611832026293e-06
3.675349513 2.134304451626268e-06
3.676700745 3.366201117980834e-06
3.6780519760000003 6.969274314052349e-06
3.679403208 8.974910564272396e-06
3.6807544389999998 7.1168062219401284e-06
3.68210567 4.041294851936175e-06
3.683456902 4.076146701137063e-06
3.684808133 3.5990995449915334e-06
3.686159365 1.7574135761815736e-06
3.687510596 2.4987262851898555e-06
3.688861828 4.868241162721587e-06
3.690213059 5.147848300060895e-06
3.6915642899999996 3.397884815497296e-06
3.692915522 6.306028370068791e-07
3.694266753 5.400918564334847e-09
3.6956179849999997 5.400873118434602e-09
3.696969216 5.400827520908803e-09
3.698320448 1.3218515195333082e-08
3.699671679 7.304470064705274e-07
3.701022911 2.7431889217936015e-06
3.702374142 2.8907782635391085e-06
3.703725373 2.2975200411343117e-06
3.7050766050000004 2.1644748829004425e-06
3.706427836 2.5794893461860734e-06
3.707779068 2.717795300772283e-06
3.709130299 1.598836480971789e-06
3.710481531 5.326787936606494e-08
3.711832762 5.4017468563832474e-09
3.713183993 3.357994212879128e-08
3.714535225 6.409217926432343e-07
3.7158864560000002 1.0278464074979535e-06
3.717237688 1.680184375912052e-06
3.7185889189999997 2.225389862604066e-06
3.719940151 2.197813979898063e-06
3.721291382 2.0680952614058853e-06
3.7226426139999997 1.4205388880949603e-06
3.723993845 1.603224885246257e-07
3.725345076 2.829495134233666e-06
3.726696308 2.828878919520053e-06
3.7280475390000003 2.3667169135718853e-06
3.729398771 1.960071617662242e-06
3.730750002 2.037045859130905e-06
3.7321012340000004 2.9093083684585854e-06
3.733452465 3.4938327565985467e-06
3.7348036959999997 3.216036993850416e-06
3.736154928 2.6033662104367877e-06
3.737506159 2.384508888163835e-06
3.738857391 2.3226522614945344e-06
3.740208622 9.925417475518199e-07
3.741559854 1.59512346317835e-08
3.7429110850000002 5.43194979613961e-09
3.744262317 1.9841204340611457e-07
3.7456135479999997 3.253967071172071e-06
3.746964779 5.140093842362279e-06
3.748316011 4.077472862785467e-06
3.749667242 2.2873923148160986e-06
3.751018474 1.685698579514938e-07
3.752369705 1.0400222075997901e-06
3.753720937 6.811898239878597e-08
3.7550721680000003 1.7709442371741683e-06
3.7564234 5.951403091413786e-06
3.757774631 5.510849331283688e-06
3.759125862 3.3682014995718318e-06
3.7604770939999996 4.622668244569994e-06
3.7618283249999998 6.933237089256539e-06
3.763179557 5.73551366883764e-06
3.764530788 6.225085615122314e-06
3.76588202 7.422578466431645e-06
3.767233251 8.164415889136673e-06
3.768584482 8.779426708884546e-06
3.7699357140000003 7.5687938448591146e-06
3.771286945 7.348169870409615e-06
3.7726381769999997 8.792987839640179e-06
3.773989408 1.0132883626233128e-05
3.77534064 1.0520463927310138e-05
3.776691871 1.226882737567076e-05
3.778043103 1.2443828603857899e-05
3.779394334 9.711399575381265e-06
3.780745565 8.060000384546698e-06
3.7820967970000003 9.682277446729853e-06
3.7834480279999996 1.2236682428440549e-05
3.7847992599999998 1.340945823934879e-05
3.786150491 1.2403439530238717e-05
3.7875017229999997 9.813570724239282e-06
3.7888529539999998 8.30148989123236e-06
3.790204185 9.205950610690045e-06
3.791555417 1.1547030189634256e-05
3.792906648 1.2932933856010156e-05
3.79425788 1.2999042205713463e-05
3.795609111 1.1038720114941483e-05
3.7969603430000003 8.744773175987816e-06
3.798311574 8.043840254095161e-06
3.7996628059999997 6.513505072712324e-06
3.801014037 3.5470320367186505e-06
3.802365268 3.098261619658609e-06
3.8037165 5.324461477610172e-06
3.8050677310000003 9.20224827560627e-06
3.806418963 1.2818182387952118e-05
3.807770194 1.4812283630133878e-05
3.8091214260000004 1.5771321815022224e-05
3.8104726569999996 1.6417423953775063e-05
3.811823889 1.5545932456305875e-05
3.81317512 1.3483178099833919e-05
3.814526351 1.2254136043097499e-05
3.815877583 1.2403546174784256e-05
3.817228814 1.341785370512695e-05
3.818580046 1.4736350097430666e-05
3.8199312770000002 1.574018463382528e-05
3.821282509 1.6566426188001306e-05
3.82263374 1.7425378136188848e-05
3.823984971 1.7575194572189558e-05
3.825336203 1.7305790905154206e-05
3.826687434 1.832355540255571e-05
3.828038666 2.052349471602827e-05
3.829389897 2.212848301990482e-05
3.830741129 2.284156091997304e-05
3.8320923600000003 2.303631708107797e-05
3.833443592 2.2594725592231604e-05
3.834794823 2.471124130513327e-05
3.836146054 2.5696146607078392e-05
3.8374972859999996 2.4859450910606085e-05
3.8388485169999997 2.5458012125115615e-05
3.840199749 2.8610596597343243e-05
3.84155098 2.978096614588689e-05
3.842902212 2.6441310284896548e-05
3.844253443 2.2189759562189476e-05
3.845604674 2.205291146550639e-05
3.8469559060000003 2.3855175757481432e-05
3.848307137 2.5032882998203584e-05
3.849658369 2.400954708603362e-05
3.8510096 2.2056347326024553e-05
3.852360832 2.0951448395661658e-05
3.853712063 2.0842606519097012e-05
3.855063295 2.1769842577376937e-05
3.856414526 2.4502769149640602e-05
3.857765757 2.853339556412404e-05
3.859116989 3.203416132057492e-05
3.86046822 3.170275123780327e-05
3.861819452 2.9145134486997632e-05
3.863170683 2.7909960061597987e-05
3.8645219149999996 2.8658126076612924e-05
3.8658731459999998 2.9679529754867003e-05
3.867224377 3.0797542515375875e-05
3.868575609 3.314437479393262e-05
3.86992684 3.5600238801802203e-05
3.871278072 3.624281967405565e-05
3.872629303 3.580388371719434e-05
3.8739805350000003 3.560299594667657e-05
3.875331766 3.493911865533774e-05
3.876682998 3.3120856779101274e-05
3.878034229 3.0543656361025645e-05
3.87938546 2.826611058287196e-05
3.880736692 2.6989338715601718e-05
3.882087923 2.773316179904517e-05
3.883439155 2.9161935670542393e-05
3.884790386 2.890576318874995e-05
3.886141618 2.8067251369259176e-05
3.887492849 2.740993848303417e-05
3.8888440810000002 2.645275110858711e-05
3.890195312 2.5851019255674658e-05
3.891546543 2.68569863238394e-05
3.892897775 3.0079588809337626e-05
3.894249006 3.4055499598448384e-05
3.895600238 3.589271853700685e-05
3.8969514690000002 3.4499752688979045e-05
3.898302701 3.3259424834163096e-05
3.899653932 3.6686171363111846e-05
3.9010051629999998 4.112852368552925e-05
3.902356395 4.150999216847587e-05
3.903707626 4.193705115956175e-05
3.905058858 4.408182103207305e-05
3.906410089 4.440944211275531e-05
3.9077613209999997 4.2327821363190376e-05
3.909112552 4.091687929047791e-05
3.910463784 4.202131699381136e-05
3.911815015 4.3950125656865864e-05
3.913166246 4.5391065898632084e-05
3.914517478 4.5290940973466424e-05
3.9158687089999997 4.297326663091973e-05
3.917219941 4.0222018333927525e-05
3.918571172 3.921723558627379e-05
3.919922404 3.879916009894092e-05
3.921273635 3.7787112144478575e-05
3.922624866 3.735948930766224e-05
3.9239760980000002 3.7890185139380346e-05
3.9253273290000004 3.8862415734798266e-05
3.926678561 3.9501525305868655e-05
3.928029792 3.944986800909676e-05
3.929381024 3.8992312022960375e-05
3.9307322549999997 3.8644338243484055e-05
3.932083487 3.8715165659874196e-05
3.933434718 4.009122538030293e-05
3.934785949 4.223959649288181e-05
3.936137181 4.3498052764667685e-05
3.937488412 4.401326882013284e-05
3.938839644 4.461008686707539e-05
3.940190875 4.469519002829326e-05
3.941542107 4.3229061259774016e-05
3.9428933379999997 4.10709864259618e-05
3.944244569 4.044228957121005e-05
3.945595801 4.177753013721024e-05
3.946947032 4.345797350523139e-05
3.948298264 4.3022545179453335e-05
3.949649495 3.989600470985908e-05
3.9510007270000003 3.716867543446848e-05
3.9523519580000004 3.722013275882918e-05
3.95370319 3.907612606436499e-05
3.955054421 3.9893911926615966e-05
3.956405652 3.91463902401422e-05
3.9577568839999997 3.824264106799771e-05
3.959108115 3.537754749792445e-05
3.960459347 2.91677372399607e-05
3.961810578 2.461116653938695e-05
3.96316181 2.311473750821632e-05
3.964513041 2.3833451542086013e-05
3.965864273 2.3833990743741137e-05
3.967215504 2.161277080548472e-05
3.968566735 1.763018787550482e-05
3.9699179669999998 1.5827252170315597e-05
3.971269198 1.2068915342504626e-05
3.97262043 6.142680129719968e-06
3.973971661 5.0948773228098285e-06
3.975322893 5.229833617360151e-06
3.976674124 5.859278914126848e-06
3.978025355 5.972137400988904e-06
3.9793765870000004 4.8710815314953955e-06
3.9807278179999996 3.3743811789318247e-06
3.98207905 2.795360062857989e-06
3.983430281 3.683722709689941e-06
3.9847815129999997 4.112060679952365e-06
3.986132744 3.935998049096153e-06
3.987483976 4.337251645348119e-06
3.988835207 6.022522492539874e-06
3.9901864380000003 9.187641180301687e-06
3.99153767 1.245287182140577e-05
3.9928889009999997 1.3421255885231118e-05
3.994240133 1.241365225419027e-05
3.995591364 1.3122016832079144e-05
3.996942596 1.572656040196453e-05
3.998293827 2.0365627435960703e-05
3.999645058 2.2738844214651468e-05
4.00099629 2.4356092371639423e-05
4.002347521 2.5576026668741356e-05
4.003698753 2.4722271258905327e-05
4.005049984 2.2896916949366855e-05
4.006401216 2.224040327482142e-05
4.007752447 2.199910202025297e-05
4.009103679 2.1877277798129536e-05
4.01045491 2.2392173436030442e-05
4.011806141 2.3292156310203564e-05
4.013157373 2.4158091931104142e-05
4.014508604 2.3041596485308512e-05
4.015859836 2.1107123859714934e-05
4.017211067 1.9092424358955673e-05
4.018562299 1.7229349625544367e-05
4.01991353 1.7244108187139104e-05
4.021264761 1.9336712454614255e-05
4.022615993 2.2050943666038012e-05
4.023967224 2.4418469593919735e-05
4.025318456 2.6175554095811598e-05
4.026669687 2.658638860213967e-05
4.028020919 2.5557065291197266e-05
4.02937215 2.355216263851971e-05
4.030723382 2.3147466606235553e-05
4.032074613 2.483113727188279e-05
4.033425844 2.9039308402283272e-05
4.034777076 3.1598151290563524e-05
4.036128307 2.8914241095913946e-05
4.037479539 2.6742856964250575e-05
4.03883077 2.8670362184668282e-05
4.040182002 3.2792148243471e-05
4.041533233 3.6730579696845576e-05
4.042884465 3.92290874530111e-05
4.044235696 4.105053757792603e-05
4.0455869269999996 4.351341696458904e-05
4.046938159 4.853896403296642e-05
4.04828939 5.332095149413722e-05
4.049640622 5.517059184998087e-05
4.050991853 5.572985086012744e-05
4.052343085 5.894607308657804e-05
4.053694316 6.767312484239777e-05
4.055045547 7.786176190166419e-05
4.056396779 8.710921288558059e-05
4.05774801 9.629409751731166e-05
4.059099241999999 0.00010470452039293837
4.0604504729999995 0.00011220412580583737
4.061801705 0.00011940649092528124
4.063152936 0.00012807087164486204
4.064504168 0.00013902776833864735
4.065855399 0.00015073999767970236
4.06720663 0.0001618559016854792
4.0685578620000005 0.00017231422035343224
4.069909093000001 0.00018291743732926557
4.071260325 0.0001946859147518684
4.072611556 0.0002074330972739389
4.073962788 0.00022248081867200348
4.075314019 0.00024121076033755708
4.07666525 0.00026219508233035115
4.078016482 0.00028409304055338814
4.079367713 0.000306695573493334
4.080718945 0.000331496407222439
4.082070176 0.0003582470325158039
4.083421408 0.00038786428942606295
4.084772639 0.0004214002247964899
4.086123871 0.0004580812294275436
4.087475102 0.0004970169382686165
4.088826333 0.0005391692872530247
4.090177565 0.0005889260470553174
4.091528796 0.0006443230515184465
4.092880028 0.0007039657864765016
4.094231259 0.000768374051111133
4.095582491 0.0008383658724178936
4.096933722 0.000914349360044943
4.098284953 0.0009981624430795393
4.0996361850000005 0.0010922485218172885
4.100987416 0.0011954485186545887
4.102338648 0.0013087559999986403
4.103689878999999 0.0014356773359964006
4.105041110999999 0.0015778414366287485
4.106392342 0.0017344076080115097
4.107743574 0.0019045549031646283
4.109094805 0.0020917462827215994
4.110446036 0.0022990512250724783
4.111797268 0.002529669005820323
4.113148499 0.002786777608977063
4.1144997309999995 0.003076204760783399
4.115850962000001 0.0033983744621472476
4.117202194000001 0.003753911757364882
4.118553425 0.004149550279961089
4.119904657 0.004589423778211358
4.121255887999999 0.005080173664785896
4.122607119 0.005630075377855695
4.123958351000001 0.0062433965368574795
4.125309582 0.006929291665267322
4.126660814 0.007696598489506102
4.128012045 0.008553935124487396
4.129363277 0.009510388697808564
4.130714508 0.010580657568044986
4.132065739 0.011777325438106813
4.133416971 0.01311593141154661
4.134768202 0.014614626268101557
4.136119434 0.016295693529139413
4.1374706649999995 0.018181975756700212
4.138821897 0.020292744088312942
4.140173128000001 0.022658895861584174
4.14152436 0.025317211962387582
4.142875591 0.02829700558253418
4.144226821999999 0.03163386805383104
4.145578054 0.03537453541558768
4.146929285000001 0.03956047202803883
4.148280517 0.04429133232428412
4.149631748 0.04952712416651958
4.15098298 0.05537124866463626
4.152334211 0.061869734311122415
4.153685442 0.06908335896817565
4.155036674 0.07708516530887727
4.156387905 0.08594137116953107
4.157739136999999 0.09571233976876402
4.159090368 0.10642556479642544
4.1604416 0.11819074857642581
4.161792831 0.1310242468298585
4.163144063 0.14484740712883443
4.164495294 0.15974449185776093
4.165846525 0.17565343313502763
4.167197757 0.19241370490600002
4.1685489879999995 0.21004333595572144
4.169900220000001 0.22844586697862307
4.171251451 0.2474878871984693
4.172602683 0.2669054632827855
4.173953914 0.28624342036926703
4.1753051459999995 0.30555845046073427
4.1766563770000005 0.32461390363082254
4.178007608 0.34317900533294077
4.17935884 0.360995202673558
4.180710071 0.37740015231276164
4.182061303 0.39269360641564793
4.183412534 0.4067817076116225
4.184763766 0.4195907060810587
4.186114997 0.4310120917931747
4.187466228 0.4406057469068378
4.18881746 0.44897544854110133
4.190168691 0.45615878938938
4.1915199229999995 0.46220745180137257
4.1928711540000005 0.4671563693697128
4.194222386000001 0.471524728938147
4.195573617 0.47460286909734195
4.196924849 0.4770054234165786
4.198276079999999 0.478826075253648
4.199627311 0.48015554388635606
4.200978543 0.4809836544651738
4.202329774 0.4815097826977137
4.203681006 0.4821720033997076
4.205032237 0.482471227130273
4.206383469 0.4824163591882662
4.2077347 0.4822502918245447
4.209085931 0.482053774605951
4.210437163 0.4818309854460793
4.211788394 0.4815868617289537
4.213139626 0.48136090776569035
4.2144908569999995 0.4811959769641387
4.215842089 0.4810619024301449
4.217193320000001 0.4809693311878199
4.218544552 0.48094268006446056
4.219895783 0.48099941352051356
4.221247013999999 0.48106754668252477
4.2225982459999996 0.4811902017792507
4.223949477 0.48137619294689915
4.225300709 0.4816130075307005
4.22665194 0.48184907388789217
4.228003171999999 0.4821251533103384
4.229354403 0.4824298347994121
4.2307056339999995 0.48274635691904083
4.232056866 0.48304458939870465
4.233408097000001 0.4833717108357579
4.234759329 0.4836907254046868
4.23611056 0.4839849501918789
4.237461792 0.4842458521152462
4.238813023 0.48452250318472945
4.240164255 0.4847670054188884
4.241515486 0.48497174582283137
4.242866717 0.4856289682751152
4.244217949 0.48587144928733556
4.24556918 0.4859534413177027
4.246920412000001 0.4859730652525365
4.248271643 0.4864785126229823
4.249622875 0.4864145888416751
4.250974105999999 0.48622861960475505
4.2523253379999995 0.4859834545057784
4.2536765690000005 0.4856897130785058
4.2550278 0.4853419317098708
4.256379032 0.48487339913303995
4.257730263 0.484326746371371
4.259081495 0.4837100981563368
4.260432726 0.4827151781901657
4.261783958 0.4809732468196885
4.263135189 0.4790932108930796
4.26448642 0.47707863017511226
4.265837652 0.47488633949004455
4.267188883 0.47248198973513655
4.2685401149999995 0.46978343950514506
4.2698913460000005 0.46679938435667184
4.271242578000001 0.46318152947230534
4.272593809 0.45940327390477675
4.273945041 0.4557962087924115
4.275296271999999 0.45302125476118654
4.276647503 0.45131477716970664
4.277998735 0.45074050388903586
4.279349966 0.4513341338357886
4.280701198 0.45398927510899684
4.282052429 0.45779705437240287
4.283403661 0.460943731833192
4.284754892 0.4633561654067692
4.286106123 0.4650795383986804
4.287457355 0.4666299309782289
4.288808586 0.4680992764817569
4.290159818 0.46931111726602814
4.2915110489999995 0.468654383711431
4.292862281 0.46801582382075424
4.294213512000001 0.46803863890252484
4.295564744 0.46788452470435526
4.296915975 0.46731061102125393
4.298267206 0.4667718500321957
4.299618438 0.4662697982360504
4.300969669 0.46574724291027114
4.302320901 0.46521361605948947
4.303672132 0.46474857079792814
4.305023363999999 0.4643351148630537
4.306374595 0.4639639373642748
4.3077258259999995 0.4636162751350488
4.309077058 0.46336000036628555
4.310428289000001 0.46316290881557787
4.311779521 0.46300889524318045
4.313130752 0.46288724813876636
4.314481984 0.46286223085441636
4.315833215 0.46288506014617276
4.317184447 0.4629454431070786
4.318535678 0.4630337467976709
4.319886909 0.46320928052542065
4.321238141 0.46343144271317904
4.322589372 0.46367877256873424
4.323940604000001 0.4639454686353478
4.325291835 0.46427217487624184
4.326643067 0.4645961920949916
4.327994297999999 0.46490962183967444
4.329345529999999 0.46521133856806685
4.3306967610000004 0.46552866027061185
4.332047992 0.46580857908827605
4.333399224 0.46604688642383196
4.334750455 0.4662395541164718
4.336101687 0.4663875541101758
4.337452918 0.4664556967748072
4.33880415 0.466439638527086
4.340155381 0.4663351870032923
4.341506612 0.4661323880018764
4.342857844 0.4658154318911952
4.344209075 0.46538197084852656
4.3455603069999995 0.4651195424857554
4.3469115380000005 0.46468318964909683
4.34826277 0.4639058686915176
4.349614001 0.4630016583683182
4.350965233 0.46198277743959326
4.352316464 0.461379866981698
4.353667695 0.46014970569270536
4.355018927 0.4588195131140939
4.356370158 0.4574174173239705
4.35772139 0.4559529438968643
4.359072621 0.4544287652937442
4.360423853 0.4528462687660749
4.361775084 0.45124976979406684
4.363126315000001 0.44961546433912836
4.364477547000001 0.4479385848211861
4.365828778 0.44620980020472223
4.36718001 0.444435818967905
4.3685312409999995 0.44257442482286435
4.369882473 0.4406068921109069
4.371233704 0.4384710669412016
4.372584936 0.4361119288300344
4.373936167 0.43348630972847746
4.375287398 0.43054685620076355
4.37663863 0.4270481877826312
4.377989861 0.42296699679606015
4.379341093 0.41829636351783744
4.380692324 0.41298408231925016
4.382043555999999 0.4064380754614792
4.383394787 0.3990135443668344
4.3847460179999995 0.39068396892521146
4.38609725 0.38119888117915995
4.387448481000001 0.3701724615499092
4.388799713 0.3581204887560438
4.390150944 0.34509221771694365
4.391502176 0.3305337607084541
4.392853407 0.3147366322160115
4.394204639 0.2981866491076696
4.39555587 0.2810396723022034
4.396907101 0.26253488623484966
4.398258332999999 0.2438341523559708
4.399609564 0.2251696434053658
4.400960796000001 0.20647708489052796
4.402312027 0.18780874500022232
4.403663259 0.16990952976970963
4.405014489999999 0.15291853420988127
4.406365721999999 0.13679521961314814
4.407716953 0.12163529796389592
4.409068184 0.10775116225675063
4.410419416 0.09510518056055571
4.411770647 0.08360672940512894
4.413121879 0.07336913860001791
4.41447311 0.06433692334994505
4.415824342 0.056279450472620854
4.417175573000001 0.049195412663103975
4.418526804 0.04299358133703617
4.419878036 0.03757262049521341
4.421229266999999 0.032862300507893745
4.4225804989999995 0.02876208046522431
4.4239317300000005 0.02519283390203845
4.425282962 0.022094021221681234
4.426634193 0.01940860145447319
4.427985425 0.017070339524459948
4.429336656 0.015031582081814166
4.430687887 0.013265867961152882
4.432039119 0.011725955741311455
4.43339035 0.01037998861763291
4.434741582 0.009203611214142567
4.436092813 0.008174965788222306
4.437444045 0.007271650356907623
4.438795276 0.006477912091164298
4.440146507000001 0.005781112883708687
4.441497739000001 0.005166589753046044
4.44284897 0.004623894062174523
4.444200202 0.004146089368146866
4.445551432999999 0.0037213582287482618
4.446902665 0.003344341377214012
4.448253896 0.0030107195822350464
4.449605128 0.002716026529894826
4.450956359 0.0024508295461320513
4.45230759 0.002212403237512216
4.453658822 0.002001680751489054
4.455010053 0.0018150214387023752
4.456361285 0.001647426925140901
4.457712516 0.001495417451696426
4.459063747999999 0.001358644234083512
4.460414979 0.0012354744345057847
4.4617662110000005 0.0011245670807570624
4.463117442 0.0010255438614862223
4.464468673000001 0.0009382536431816507
4.465819905 0.0008603192208237661
4.467171136 0.0007891144914596799
4.468522368 0.0007207313472264385
4.469873599 0.0006573575145262259
4.471224831000001 0.0005995548631469552
4.472576062 0.0005482660345078435
4.473927293 0.000501921078927859
4.475278524999999 0.0004599210523687866
4.476629756 0.00042217441766332367
4.4779809880000006 0.00038675088927654953
4.479332219 0.0003540766587967467
4.480683451 0.00032539020208038113
4.482034682 0.00030077273930041455
4.483385914 0.00027762675911937527
4.484737145 0.0002546062928274483
4.486088376 0.00023296757757143124
4.487439608 0.00021499318944359692
4.488790839 0.00020066924275217445
4.490142071 0.0001866854981121981
4.491493302 0.00017160211376209932
4.492844534 0.00015631579731600732
4.494195765000001 0.00014208832286925432
4.495546996 0.00013092337184570084
4.496898228 0.00012222602492697137
4.498249458999999 0.00011649675727787371
4.4996006909999995 0.00011027115248893797
4.5009519220000005 0.00010294737365010791
4.502303154 9.401229020770163e-05
4.503654385 8.624029848744392e-05
4.505005617 7.894251623687625e-05
4.506356848 7.235006693077068e-05
4.507708079 6.354109667231964e-05
4.509059311 5.6934785667785964e-05
4.510410542 5.2343620929788343e-05
4.511761774 4.9226129917015926e-05
4.513113005 4.47482838163056e-05
4.514464237 4.016901384411853e-05
4.5158154679999996 3.6947782600890726e-05
4.517166699000001 3.569732668124726e-05
4.518517931 3.47497789160682e-05
4.519869162 3.321345043830179e-05
4.521220394 3.1403418077263446e-05
4.522571624999999 2.9957471823546387e-05
4.523922857 2.902892735558163e-05
4.525274088 2.8411679347397204e-05
4.52662532 2.7896633471279588e-05
4.527976551 2.7465295381739574e-05
4.529327782 2.6873558895604322e-05
4.530679014 2.6680486491716935e-05
4.532030245 2.6823433378384195e-05
4.533381477 2.6890849582226932e-05
4.534732708 2.5397011244015875e-05
4.53608394 2.3055376955719533e-05
4.537435171 2.1003088489179656e-05
4.5387864030000005 2.1032619884437903e-05
4.540137634 2.1928802354175024e-05
4.541488865 2.2127500906647696e-05
4.542840097 2.068728197129773e-05
4.544191328 1.891279415618024e-05
4.5455425599999995 1.764156407920281e-05
4.5468937910000005 1.7295413520464713e-05
4.548245023000001 1.75859764896919e-05
4.549596254 1.8164874325417948e-05
4.550947485 1.8260436499417738e-05
4.552298716999999 1.7893082875638684e-05
4.553649948 1.6732405271046877e-05
4.5550011800000005 1.5640325245877698e-05
4.556352411 1.4820808753179687e-05
4.557703643 1.422465947857303e-05
4.559054874 1.3646594393485003e-05
4.560406106 1.3108996849750492e-05
4.561757337 1.2985301621923838e-05
4.563108568 1.1749754159207611e-05
4.5644598 1.023880633207584e-05
4.565811031 8.893236013867105e-06
4.567162263 9.467701507887518e-06
4.568513493999999 1.026930413607904e-05
4.569864726 1.115382953511237e-05
4.571215957000001 1.0189913313334356e-05
4.572567188 9.690815447038794e-06
4.57391842 8.866693539039616e-06
4.575269650999999 7.19969640277979e-06
4.5766208829999995 7.116048943034201e-06
4.5779721140000005 7.272052004947849e-06
4.579323346 6.838282322852453e-06
4.580674577 6.119046934077066e-06
4.582025809 5.229837878333264e-06
4.58337704 4.874892669116958e-06
4.584728271 4.692829766089033e-06
4.586079503 4.6495009411444115e-06
4.587430734 4.181886468509271e-06
4.588781966 3.899651792895476e-06
4.590133197 3.7621797415244123e-06
4.591484429 3.5476849403917476e-06
4.5928356599999995 2.8430262182341302e-06
4.5941868910000005 1.943895514226054e-06
4.595538123 1.6953300327346365e-06
4.596889354 1.8493090867583953e-06
4.598240586 2.5391629238607448e-06
4.599591817 2.401430823162394e-06
4.6009430490000005 2.0501240928721604e-06
4.60229428 1.5731878305477662e-06
4.603645512 1.6394686836434752e-06
4.604996743 1.8225005587601657e-06
4.606347974 2.160912794040011e-06
4.607699206 2.1194708136248097e-06
4.609050437 1.4009246096521953e-06
4.610401669 5.502196379323204e-07
4.611752900000001 1.9518730607869665e-08
4.613104132 4.833022447808451e-09
4.614455363 4.829970987573771e-09
4.6158065950000005 8.028110384156574e-08
4.617157826 1.59154801579692e-06
4.618509057 2.273687397480968e-06
4.619860289 2.2274562754697612e-06
4.62121152 5.022457524483074e-07
4.622562751999999 7.745910252876111e-09
4.6239139830000004 4.805543009839933e-09
4.625265215000001 4.8014899484598825e-09
4.626616446 4.7974063147284235e-09
4.627967677 4.79329342259649e-09
4.629318908999999 4.789147727946776e-09
4.63067014 4.7849898059081975e-09
4.6320213720000005 4.780820316680809e-09
4.633372603 4.776619010343544e-09
4.634723835 4.772390053157462e-09
4.636075066 4.7681329756371126e-09
4.637426298 4.7638460281223436e-09
4.638777529 4.759532637637313e-09
4.64012876 4.755194399656488e-09
4.641479992 4.750852137728033e-09
4.642831223 4.746484738436679e-09
4.644182455 4.742090936793358e-09
4.645533685999999 4.737671425362411e-09
4.646884918 4.733228269046939e-09
4.648236149000001 4.728759953903328e-09
4.64958738 4.7242681262623335e-09
4.650938612 3.6068712176234414e-08
4.652289842999999 5.844455721892444e-07
4.6536410749999995 1.5501413915895558e-06
4.6549923060000005 2.9064723580947075e-06
4.656343538 4.5355374914740324e-06
4.657694769 5.455081338771624e-06
4.659046001 4.5640345380667136e-06
4.660397232 2.1766078863394443e-06
4.661748463 4.256047746213251e-08
4.663099695 7.041670859989599e-09
4.664450926000001 4.6807647145049e-09
4.665802158 4.673457633540107e-09
4.667153389 4.6687156186999015e-09
4.668504621 4.663959041301478e-09
4.6698558519999995 4.659189221675452e-09
4.6712070830000005 4.654421912186631e-09
4.672558315 4.6496442334316445e-09
4.673909546 4.6448552740310234e-09
4.675260778 4.640055367211571e-09
4.676612009 4.635245475070526e-09
4.6779632410000005 4.630426296825236e-09
4.679314472 4.625598503180027e-09
4.680665704 4.620713434773733e-09
4.682016935 4.615770424928536e-09
4.683368166 4.61082140545183e-09
4.684719398 4.605866681553627e-09
4.686070629 4.60090700767183e-09
4.687421861 4.595943546394722e-09
4.688773092 4.590976316959056e-09
4.690124324 4.58601102885492e-09
4.691475555 4.581090617413375e-09
4.6928267869999996 4.576168188392734e-09
4.694178018 4.571245092282965e-09
4.695529249 4.5663219714355015e-09
4.696880481 4.561398623600822e-09
4.698231712 4.561648789778341e-09
4.699582943999999 4.5567230344411265e-09
4.700934175 4.551826737912294e-09
4.702285407000001 4.546946679501027e-09
4.703636638 4.542069545026544e-09
4.704987869 4.537195375309522e-09
4.706339100999999 4.532327173715968e-09
4.707690332 4.5274630775879625e-09
4.7090415640000005 4.52260375684124e-09
4.710392795 4.517925528874624e-09
4.711744027 4.513675490884315e-09
4.713095258 4.50943081229656e-09
4.71444649 4.505193403224549e-09
4.7157977209999995 4.5009613646233804e-09
4.717148952 4.496736494930849e-09
4.718500184000001 4.492519729090511e-09
4.719851415 4.488309445405237e-09
4.721202647 4.483560642381024e-09
4.722553877999999 4.478754165347705e-09
4.72390511 4.473956436561474e-09
4.725256341000001 4.469170555734924e-09
4.726607572 4.464395043362889e-09
4.727958804 4.459629083684184e-09
4.729310035 4.454876460448057e-09
4.730661267 4.450138803301836e-09
4.7320124980000005 4.445416142824962e-09
4.73336373 4.440707859847905e-09
4.734714961 4.439480098512999e-09
4.736066193 4.436172074805268e-09
4.737417424 4.431494923899198e-09
4.738768654999999 4.4268286703660756e-09
4.740119887 4.422178263486572e-09
4.741471118000001 4.4175764710767805e-09
4.74282235 4.4129856883562285e-09
4.744173581 4.408408142041161e-09
4.745524813 4.403843903776273e-09
4.7468760439999995 4.3992907238698685e-09
4.748227276 4.394751459317055e-09
4.749578507 4.390224771105988e-09
4.750929738 4.385708536250599e-09
4.75228097 4.381206512573568e-09
4.753632201 4.37671615622471e-09
4.7549834330000005 4.372236459038786e-09
4.756334664 4.367771535558493e-09
4.757685896 4.3633172042958005e-09
4.759037127 4.358873584781754e-09
4.760388358 4.3544577218539356e-09
4.76173959 4.350085842013445e-09
4.763090821 4.345556882498314e-09
4.764442053 4.341000845644864e-09
4.765793284 4.336454408391235e-09
4.767144516 4.331919054972314e-09
4.768495747 4.327395247614867e-09
4.7698469789999995 4.322880226809909e-09
4.77119821 4.318357634381241e-09
4.772549441 4.313842686961803e-09
4.773900673 4.309335639728093e-09
4.775251904 4.3048389976516685e-09
4.776603135999999 4.300350666170982e-09
4.777954367 4.2958692042213985e-09
4.779305599000001 4.291397501590139e-09
4.78065683 4.2868929577508606e-09
4.782008061000001 4.282352645408061e-09
4.783359293 4.277821297079187e-09
4.784710524 4.273295001678333e-09
4.7860617560000005 4.268773960375861e-09
4.787412987 4.264259888669916e-09
4.788764219 4.259749572515692e-09
4.79011545 4.255245816713825e-09
4.791466682 4.250770270084004e-09
4.7928179129999995 4.246297069036138e-09
4.7941691440000005 4.24182716326663e-09
4.795520376000001 4.237360117868442e-09
4.796871607 4.232893995277073e-09
4.798222839 4.22842998418708e-09
4.799574069999999 4.223966838407874e-09
4.800925302 4.219534552333446e-09
4.802276533000001 4.2151174616069796e-09
4.803627764 4.210699153191557e-09
4.804978996 4.206278659742474e-09
4.806330227 4.201857426993103e-09
4.807681459 4.197433056892351e-09
4.80903269 4.197587644789369e-09
4.810383922 4.193126563639668e-09
4.811735153 4.188596134789262e-09
4.813086384999999 4.184060974024276e-09
4.814437616 4.179521288977107e-09
4.815788846999999 4.174975399242018e-09
4.817140079 4.170423317459485e-09
4.818491310000001 4.1658647186235295e-09
4.819842542 4.161298340983399e-09
4.821193773 4.156798649132993e-09
4.822545005 4.152300191206836e-09
4.8238962359999995 4.147792215806888e-09
4.825247468 4.143274692884753e-09
4.826598699 4.13874678109949e-09
4.82794993 4.1342078011604435e-09
4.829301162 4.129657597081738e-09
4.830652393 4.125074141834419e-09
4.8320036250000005 4.120455490474553e-09
4.833354856 4.115823979886187e-09
4.834706088 4.111178960934702e-09
4.836057318999999 4.10651997903934e-09
4.83740855 4.101846424920859e-09
4.838759782 4.0971579219186436e-09
4.840111013 4.092452845102369e-09
4.841462245 4.087719462092608e-09
4.842813476 4.082969794894104e-09
4.844164708 4.078203116004637e-09
4.845515939 4.073418906768897e-09
4.8468671709999995 4.068617090818762e-09
4.8482184020000005 1.1969405374454675e-08
4.849569633 7.635195494363143e-07
4.850920865 2.5216577795755222e-06
4.852272096 2.579840566337248e-06
4.853623327999999 4.635226031655417e-07
4.854974559 5.529434709533959e-08
4.856325791000001 5.726224102686514e-09
4.857677022 2.582445182425445e-08
4.859028253 1.1109171257930312e-06
4.860379485 1.3901196613516566e-06
4.861730716 1.4050750367667757e-06
4.863081948 9.457947488617718e-07
4.864433179 5.991413328214878e-07
4.865784411 3.680312209067871e-07
4.867135642 1.7242497815183065e-08
4.868486874 3.990239184294626e-09
4.8698381049999995 3.9851504318160354e-09
4.8711893360000005 1.573166068423284e-08
4.872540568000001 6.552742350434262e-07
4.873891799 1.2262273055811727e-06
4.875243031 1.4944562683664381e-06
4.876594261999999 1.6191511301213754e-06
4.8779454939999995 1.5093024877340954e-06
4.879296725000001 1.2088755385847631e-06
4.880647956 5.011143043845453e-08
4.881999188 3.937195312385585e-09
4.883350419 3.930193765674847e-09
4.884701651 3.923171644296924e-09
4.8860528819999995 3.916128538710089e-09
4.887404114 3.9090627371661065e-09
4.888755345 3.901976145731984e-09
4.890106576999999 3.894866466586779e-09
4.891457808 3.887716537690928e-09
4.892809038999999 3.88054576131289e-09
4.894160271 3.8733530219791395e-09
4.895511502000001 3.8661381128748634e-09
4.896862734 3.8589023216599835e-09
4.898213965 3.851644211304706e-09
4.899565197 3.844364318066893e-09
4.900916428 3.837057473092157e-09
4.902267660000001 3.82972505377628e-09
4.903618891 3.822371292621505e-09
4.904970122 3.814996817581437e-09
4.906321354 3.807599514527185e-09
4.907672585 3.800181460692894e-09
4.9090238170000005 3.792742773450454e-09
4.910375048 3.785286554554684e-09
4.91172628 3.777823075638839e-09
4.913077511 3.770338884440701e-09
4.914428742 3.762832826306436e-09
4.915779974 3.755306822031308e-09
4.917131205 3.747760179983469e-09
4.918482437 3.740192489859186e-09
4.919833668 3.732605311252933e-09
4.9211849 3.72496450330366e-09
4.922536131 3.7172990236452846e-09
4.9238873629999995 3.7096147052471328e-09
4.9252385940000005 3.70191034091543e-09
4.926589825 3.694186869436386e-09
4.927941057 3.6864451265840007e-09
4.929292288 3.6786836833238067e-09
4.930643519999999 3.7862532298071444e-09
4.931994751 7.760396197362194e-08
4.933345983000001 1.2615882867937387e-06
4.934697214 1.0441375724514523e-06
4.936048445 1.1883208160994789e-07
4.937399677 4.933174145791017e-09
4.938750908 3.6237924352787526e-09
4.94010214 3.615883028983213e-09
4.941453371 3.609765728123002e-09
4.942804603 3.6039907547032194e-09
4.944155834 3.596048612880146e-09
4.945507066 1.3776851741388985e-08
4.9468582969999995 5.477311782409715e-07
4.9482095280000005 1.0686542938799107e-06
4.949560760000001 3.359070475092044e-06
4.950911991 4.19144408222687e-06
4.952263223 4.892435089888035e-06
4.953614453999999 4.777291283522411e-06
4.9549656859999995 4.191275230145902e-06
4.9563169170000005 3.588896074818254e-06
4.957668148 3.363544360796206e-06
4.95901938 3.288080232562825e-06
4.960370611 3.2760956580002837e-06
4.961721843 3.622862332244134e-06
4.9630730739999995 4.182578452693458e-06
4.964424306 5.448272166326036e-06
4.965775537000001 7.525873632146485e-06
4.967126769 8.529451447084337e-06
4.968478 9.161470525257822e-06
4.969829230999999 8.250364452421005e-06
4.971180463 7.4966204341213e-06
4.972531694000001 6.918831641062477e-06
4.973882926 6.342834537666404e-06
4.975234157 5.900193595764337e-06
4.976585389 4.974563072499265e-06
4.97793662 5.110306013097133e-06
4.979287852000001 4.58735704519334e-06
4.980639083 3.87949024500981e-06
4.981990314 2.625372703622962e-06
4.983341545999999 1.6974562344017063e-06
4.984692777 9.55153884435822e-07
4.986044009 8.330067589155499e-07
4.98739524 8.807986824867333e-07
4.988746472 8.227585843802354e-07
4.990097703 7.694884188199376e-07
4.991448934 8.848834451470103e-07
4.992800166 2.3141959636421984e-06
4.9941513969999995 3.6514060306811648e-06
4.995502629 4.894157715403628e-06
4.99685386 5.899566409791604e-06
4.998205092 6.247490568673889e-06
4.999556323 7.044624879218411e-06
5.0009075549999995 5.170503525322915e-06
5.0022587860000005 4.422751619199146e-06
5.003610017 2.481103730350586e-06
5.004961249 1.3557040568527124e-06
5.006312479999999 7.153454391410105e-07
5.007663711999999 8.377601231056932e-07
5.009014943 2.605079026174144e-06
5.010366175 4.4544876614056275e-06
5.011717406 5.5635145704458615e-06
5.013068637 5.585207182413962e-06
5.014419869 5.624904294927208e-06
5.0157711 4.890275216038806e-06
5.017122332 4.106466687956377e-06
5.018473563 3.3067377049698205e-06
5.019824795000001 2.5821670627940334e-06
5.021176026 3.5422613145346464e-06
5.022527258 3.954742048227187e-06
5.0238784889999994 4.060955190105688e-06
5.0252297200000005 2.4892157605363622e-06
5.026580952000001 1.4990699782448979e-06
5.027932183 6.738770991553423e-07
5.029283415 5.973572882535962e-07
5.030634646 1.5626678437331538e-06
5.031985878 2.3674154147562727e-06
5.033337109 2.6124459131718106e-06
5.034688341 1.9902669220023517e-06
5.036039572 1.3775470663977419e-06
5.037390803 4.748220389744805e-07
5.038742035 1.7798952104328736e-07
5.0400932659999995 8.685104327076162e-08
5.041444498 1.0417616019062812e-07
5.042795729000001 4.3383902762009995e-07
5.044146961 9.400894251994118e-07
5.045498192 1.5329102054129112e-06
5.046849422999999 2.5188428474270304e-06
5.048200655 3.932885226524694e-06
5.049551886000001 4.391753120484435e-06
5.050903118 4.49710822427559e-06
5.052254349 2.9759143344509035e-06
5.053605581 1.4347150426147119e-06
5.054956812 9.214374458013866e-07
5.056308044000001 9.294305819869066e-07
5.057659275 1.1842203505637154e-06
5.059010506 1.2657561598395428e-06
5.060361737999999 1.2914867116274043e-06
5.061712969 1.1892143717116425e-06
5.063064201 1.1245643652975487e-06
5.064415432 1.2099017382633254e-06
5.065766664 1.2380671490521728e-06
5.067117895 1.0328239143896472e-06
5.068469126 7.555165471701931e-07
5.069820358 4.39804317337802e-07
5.0711715889999995 2.801479874020018e-07
5.072522821 1.9324564193109327e-07
5.073874052 2.9289598286932846e-07
5.075225284 6.288601759280623e-07
5.076576515 1.0405838624869982e-06
5.0779277469999995 1.993442698563221e-06
5.0792789780000005 1.4956449636771434e-06
5.080630209 1.2282631857286503e-06
5.081981441 5.868974515717756e-07
5.083332671999999 2.0684589988220848e-07
5.084683904 4.523322085110361e-07
5.086035135 9.159496575124866e-07
5.087386367 7.204582975370925e-07
5.088737598 7.380415642053548e-07
5.090088829 8.760610683305194e-07
5.091440061 1.4536202563790559e-06
5.092791292 3.65998983607925e-06
5.094142524 4.650868265319732e-06
5.095493755000001 5.80380946749229e-06
5.096844987000001 5.151178470948026e-06
5.098196218 4.521360356100416e-06
5.09954745 3.6221713289694123e-06
