Wavelength_microns Throughput
2.0004663860000003 2.1543734819630446e-10
2.002074478 1.9436662592860824e-10
2.00368257 1.764693604631061e-10
2.005290662 1.6139705877185278e-10
2.006898754 1.4835600999015278e-10
2.008506846 1.3785615189963963e-10
2.010114938 1.287562226831686e-10
2.01172303 1.2050523107933484e-10
2.013331122 1.1411535839508163e-10
2.014939214 1.0893591639018452e-10
2.016547306 1.0286482132297424e-10
2.018155398 9.839131548313493e-11
2.01976349 9.313890756075525e-11
2.021371582 8.928440152611856e-11
2.022979674 8.561547711542917e-11
2.0245877660000002 8.110282953598112e-11
2.026195858 7.811906044218952e-11
2.027803949 7.556277441127977e-11
2.029412041 7.332436877383681e-11
2.031020133 7.145874150245572e-11
2.032628225 7.003874466100482e-11
2.034236317 6.807662108293682e-11
2.035844409 6.730845675724477e-11
2.037452501 6.683928093295798e-11
2.039060593 6.675171169119118e-11
2.040668685 6.748834872642817e-11
2.042276777 6.762922040681224e-11
2.0438848689999998 6.794199777314956e-11
2.045492961 6.845164359437353e-11
2.047101053 6.925184212106107e-11
2.0487091449999997 7.097023901642286e-11
2.0503172370000002 7.280804879211735e-11
2.0519253290000004 7.468296139015556e-11
2.053533421 7.769939878619513e-11
2.055141513 8.031381971938978e-11
2.056749605 8.394702160483846e-11
2.058357697 8.765042576414864e-11
2.059965788 9.237741069813123e-11
2.06157388 9.741928540630523e-11
2.0631819719999998 1.0293085545368487e-10
2.064790064 1.0944359193209741e-10
2.066398156 1.1711380219722486e-10
2.068006248 1.2589738785639704e-10
2.06961434 1.3569455299915218e-10
2.071222432 1.469429965467467e-10
2.072830524 1.6127192415179938e-10
2.074438616 1.7637876160549809e-10
2.076046708 1.9494008441286714e-10
2.0776548 2.1476667242906302e-10
2.079262892 2.3883705660632177e-10
2.080870984 2.664666387603059e-10
2.0824790760000003 2.967603294995825e-10
2.084087168 3.3413146033461307e-10
2.08569526 3.7815972139325635e-10
2.0873033519999997 4.2985820675646253e-10
2.088911444 4.907582151787292e-10
2.090519536 5.635402000718782e-10
2.092127627 6.492105614086936e-10
2.0937357189999997 7.515492245992484e-10
2.0953438110000002 8.768084757131827e-10
2.0969519030000003 1.0176933383330704e-09
2.098559995 1.184867661764962e-09
2.100168087 1.3863390847308536e-09
2.101776179 1.612574274402294e-09
2.103384271 1.8825534089387256e-09
2.104992363 2.189594535367081e-09
2.1066004549999997 2.5172743868079806e-09
2.1082085470000003 2.8787611638424346e-09
2.109816639 3.2452419573085085e-09
2.111424731 3.599617138988046e-09
2.113032823 3.911861721515563e-09
2.114640915 4.147409132705833e-09
2.116249007 4.3296046989546185e-09
2.1178570989999996 4.412423647505045e-09
2.1194651909999997 4.436055451376447e-09
2.1210732830000003 4.406821224664188e-09
2.122681375 4.3309320738863025e-09
2.124289466 4.2081798292787e-09
2.125897558 4.080734324615337e-09
2.1275056500000002 3.945251409915994e-09
2.129113742 3.800182117530074e-09
2.130721834 3.661585528987884e-09
2.1323299259999997 3.519053496264846e-09
2.133938018 3.379333788974921e-09
2.1355461100000004 3.248901994798692e-09
2.137154202 3.141940885562965e-09
2.138762294 3.04092300254852e-09
2.140370386 2.959644956861838e-09
2.141978478 2.8820063851073883e-09
2.14358657 2.8297800950030906e-09
2.1451946619999998 2.786025323673801e-09
2.146802754 2.747488064450705e-09
2.1484108460000004 2.715638148631479e-09
2.150018938 2.6894020559498445e-09
2.15162703 2.6714504787675782e-09
2.153235122 2.6684722546950013e-09
2.154843214 2.673164549055335e-09
2.156451305 2.6887844913875734e-09
2.158059397 2.702038228384918e-09
2.159667489 2.729388625979236e-09
2.161275581 2.7661821532744423e-09
2.1628836729999996 2.8010668696329134e-09
2.164491765 2.852687289640344e-09
2.1660998570000003 2.909078939822631e-09
2.167707949 2.9660749153933785e-09
2.169316041 3.027075344462592e-09
2.170924133 3.088730563978651e-09
2.172532225 3.170179995453217e-09
2.174140317 3.2581027616550214e-09
2.1757484089999997 3.3563282474901003e-09
2.177356501 3.4620096796081173e-09
2.1789645930000003 3.572285934740603e-09
2.180572685 3.693325637646992e-09
2.182180777 3.824490616789369e-09
2.183788869 3.9700430091751e-09
2.185396961 4.13470066535378e-09
2.187005053 4.304963499719309e-09
2.1886131449999997 4.495260502000025e-09
2.1902212359999997 4.7036233684377295e-09
2.191829328 4.938703562160233e-09
2.1934374200000004 5.203331692207412e-09
2.195045512 5.499583408203646e-09
2.196653604 5.847228573284115e-09
2.198261696 6.2443548927223105e-09
2.199869788 6.697354471179845e-09
2.20147788 7.234111899827997e-09
2.203085972 7.840109536739149e-09
2.204694064 8.542068878045214e-09
2.206302156 9.354434599510789e-09
2.207910248 1.0299122733865336e-08
2.2095183400000002 1.1421448173080005e-08
2.211126432 1.2727814325844292e-08
2.212734524 1.4306065243373004e-08
2.2143426159999997 1.6278118494825742e-08
2.215950708 1.872208430016439e-08
2.2175588 2.189289667851298e-08
2.219166892 2.5861634038241214e-08
2.220774984 3.079652860682924e-08
2.222383075 3.675629229866556e-08
2.2239911670000003 4.335652284524815e-08
2.225599259 4.9615534511752315e-08
2.227207351 5.485801527479598e-08
2.228815443 5.8403513490037443e-08
2.230423535 6.060450189073178e-08
2.232031627 6.221924420942262e-08
2.2336397189999997 6.40177297213293e-08
2.2352478110000003 6.656256287079094e-08
2.236855903 7.025683767037377e-08
2.238463995 7.529768053086811e-08
2.240072087 8.169138392890668e-08
2.241680179 9.004891630149696e-08
2.243288271 1.0025170056160119e-07
2.2448963629999996 1.127800986940582e-07
2.2465044549999997 1.2776184453847377e-07
2.2481125470000003 1.4527515923700623e-07
2.249720639 1.6590463905905642e-07
2.251328731 1.8994040206844375e-07
2.252936823 2.1705221642109787e-07
2.2545449140000002 2.4789420704309645e-07
2.256153006 2.817999661533491e-07
2.257761098 3.186284759277519e-07
2.2593691899999997 3.572461706735769e-07
2.260977282 3.9781279873501175e-07
2.262585374 4.38915974065613e-07
2.264193466 4.79929075470699e-07
2.265801558 5.206489816185127e-07
2.2674096500000003 5.598669350940289e-07
2.269017742 5.97855434682609e-07
2.270625834 6.345766320533226e-07
2.2722339259999997 6.700852915308984e-07
2.273842018 7.049810099403195e-07
2.2754501100000004 7.376749140813367e-07
2.277058202 7.692851017598786e-07
2.278666294 7.980500627765129e-07
2.280274386 8.243989385065935e-07
2.281882478 8.511354542703543e-07
2.28349057 8.794434951168242e-07
2.285098662 9.102967643405895e-07
2.286706753 9.479480709496451e-07
2.288314845 9.937778635777832e-07
2.2899229369999996 1.0508591682606724e-06
2.291531029 1.1209003995837832e-06
2.2931391210000003 1.2060477795273877e-06
2.294747213 1.3080722036638912e-06
2.296355305 1.4278755823008448e-06
2.297963397 1.5669091544557583e-06
2.299571489 1.729268064114548e-06
2.301179581 1.9112379565654797e-06
2.3027876729999996 2.1214321629142612e-06
2.304395765 2.3647711950755e-06
2.3060038570000003 2.648639569944896e-06
2.307611949 2.986160987109229e-06
2.309220041 3.3827771686345994e-06
2.310828133 3.86460681504159e-06
2.312436225 4.455579698079753e-06
2.314044317 5.1728373853783995e-06
2.3156524089999997 6.082121880055837e-06
2.3172605010000003 7.213568151600326e-06
2.318868592 8.584394429550676e-06
2.3204766840000004 1.0222064918632388e-05
2.322084776 1.2093945232033183e-05
2.323692868 1.4164495893471192e-05
2.32530096 1.631781800247213e-05
2.326909052 1.8539283227304958e-05
2.328517144 2.078306886449145e-05
2.3301252359999998 2.303814472128228e-05
2.331733328 2.534861448857582e-05
2.33334142 2.7659209904497965e-05
2.334949512 2.997107482834075e-05
2.3365576040000002 3.2097563666825645e-05
2.338165696 3.4041012566244e-05
2.339773788 3.560990054934218e-05
2.3413818799999997 3.67661388505385e-05
2.342989972 3.754738910245539e-05
2.344598064 3.7958436273575254e-05
2.346206156 3.8151427294767556e-05
2.347814248 3.8228447928865854e-05
2.3494223400000003 3.835416238738595e-05
2.3510304310000003 3.858653384991268e-05
2.352638523 3.893336829611195e-05
2.354246615 3.9489197499912143e-05
2.3558547069999998 4.019396868702191e-05
2.357462799 4.115136285297504e-05
2.359070891 4.2245162125928655e-05
2.3606789829999997 4.359784907086641e-05
2.3622870750000002 4.5009942867727025e-05
2.363895167 4.6529804369370374e-05
2.365503259 4.797030473475664e-05
2.367111351 4.923585259636501e-05
2.368719443 5.028695196988901e-05
2.370327535 5.0991986710403644e-05
2.371935627 5.132340809625456e-05
2.3735437189999997 5.1299862246108414e-05
2.3751518110000003 5.0648345855098474e-05
2.376759903 4.9832449954926535e-05
2.378367995 4.91042550135017e-05
2.379976087 4.857375781453159e-05
2.381584179 4.829736270112221e-05
2.383192271 4.813800078945997e-05
2.384800362 4.810704641193487e-05
2.3864084539999997 4.8184438931054383e-05
2.388016546 4.830726425169954e-05
2.389624638 4.8365846228363846e-05
2.39123273 4.841442524084983e-05
2.392840822 4.8461536883895444e-05
2.3944489140000003 4.852975747068073e-05
2.396057006 4.861267716302933e-05
2.397665098 4.865783464888806e-05
2.3992731899999997 4.8696426087194955e-05
2.400881282 4.8666161278621146e-05
2.4024893740000004 4.853302684491554e-05
2.404097466 4.82933754577513e-05
2.405705558 4.7870779228954935e-05
2.40731365 4.726168471202208e-05
2.408921742 4.649950302476713e-05
2.410529834 4.57062430842737e-05
2.4121379259999998 4.4885558129794044e-05
2.413746018 4.412400514803789e-05
2.41535411 4.354587289973226e-05
2.416962201 4.315086578039941e-05
2.418570293 4.299616565212644e-05
2.4201783850000003 4.310926986157535e-05
2.421786477 4.353025542548729e-05
2.423394569 4.400262602823728e-05
2.425002661 4.448125194734167e-05
2.426610753 4.494602118079383e-05
2.428218845 4.521088170696742e-05
2.4298269369999996 4.525685781170349e-05
2.431435029 4.508062318069162e-05
2.4330431210000003 4.478353994147338e-05
2.434651213 4.436706688458045e-05
2.436259305 4.393582103460534e-05
2.4378673969999998 4.3598087332037955e-05
2.439475489 4.3357917597894666e-05
2.441083581 4.331843233336764e-05
2.4426916729999997 4.350542366504612e-05
2.4442997650000002 4.391278807120972e-05
2.4459078570000004 4.4387048370368936e-05
2.447515949 4.485320586610457e-05
2.44912404 4.53286413316821e-05
2.450732132 4.56996473314307e-05
2.452340224 4.597860007001707e-05
2.453948316 4.615976040102083e-05
2.455556408 4.6228076101525755e-05
2.4571644999999998 4.617565037044364e-05
2.458772592 4.60238073610885e-05
2.460380684 4.581506835722613e-05
2.461988776 4.554700328491761e-05
2.463596868 4.525245228802767e-05
2.46520496 4.5080512451203076e-05
2.466813052 4.5074881509282855e-05
2.468421144 4.525669235900121e-05
2.470029236 4.562668512958053e-05
2.471637328 4.6200984307155766e-05
2.47324542 4.6980537184704536e-05
2.474853512 4.790454470277001e-05
2.4764616040000003 4.889384514516233e-05
2.478069696 4.9877251726388124e-05
2.479677788 5.07592346784284e-05
2.481285879 5.145721188828789e-05
2.4828939709999998 5.20184334598382e-05
2.484502063 5.235936889910443e-05
2.486110155 5.244687103219412e-05
2.4877182469999997 5.236931730698513e-05
2.489326339 5.197147480315283e-05
2.4909344310000003 5.130410546202138e-05
2.492542523 5.042466303351945e-05
2.494150615 0.0018953219471048225
2.495758707 0.0019362986618006609
2.497366799 0.001975542847953241
2.498974891 0.0020127494413127124
2.499778162 0.0020487936710872298
2.5011293930000003 0.0020834135419860607
2.502480624 0.0021162230738988957
2.5038318559999997 0.002147439458224158
2.505183087 0.00032925565825890927
2.506534319 0.0003144418136937573
2.50788555 0.0003003325890036655
2.509236782 0.00028700351521120896
2.510588013 0.00027258015328379865
2.511939244 0.0002582803788470419
2.5132904760000003 0.0002444860015259674
2.514641707 0.00023111780795167003
2.515992939 0.0002181636437742002
2.51734417 0.0002060462599355701
2.5186954019999996 0.00019342165802814076
2.5200466329999998 0.00018012536678360373
2.521397865 0.0001680625532090447
2.522749096 0.00015662627468630844
2.524100327 0.00014481684859714834
2.525451559 0.00013342798593587486
2.52680279 0.00012194233584802045
2.5281540220000003 0.00011047206864291214
2.529505253 0.00010044329185765183
2.5308564849999997 9.161119162120496e-05
2.532207716 8.301487615757091e-05
2.533558948 7.449169468400905e-05
2.534910179 6.675329296259101e-05
2.5362614100000003 5.945134973489303e-05
2.537612642 5.338132676772517e-05
2.538963873 4.776020739737879e-05
2.5403151050000004 4.2075962219546025e-05
2.5416663359999996 3.720124594967422e-05
2.5430175680000002 3.2482950952027435e-05
2.544368799 2.854608886880482e-05
2.54572003 2.5183525801398114e-05
2.547071262 2.2138256027470475e-05
2.548422493 1.8859737669214327e-05
2.549773725 1.7167111573308498e-05
2.551124956 1.4759342747100301e-05
2.552476188 1.2842129445940408e-05
2.553827419 1.1750163578957914e-05
2.5551786510000003 1.0225081826939723e-05
2.556529882 9.522856536171342e-06
2.557881113 8.370291676742788e-06
2.559232345 7.779345520125989e-06
2.560583576 6.621175148392896e-06
2.561934808 6.5097576864398786e-06
2.5632860390000003 5.385889048053144e-06
2.564637271 4.140516065516282e-06
2.565988502 3.5645405645124233e-06
2.567339733 2.7512427259573284e-06
2.5686909649999996 2.3111846665155585e-06
2.5700421959999997 1.967084071787654e-06
2.571393428 1.7949655200240338e-06
2.572744659 1.7290055508012473e-06
2.574095891 2.1139671379168485e-06
2.575447122 2.665705294182215e-06
2.576798354 2.6786787379399602e-06
2.5781495850000002 2.459829393000718e-06
2.5795008160000004 2.6267316076772704e-06
2.580852048 2.5440896995579532e-06
2.582203279 2.695686117623292e-06
2.583554511 2.8381822122776642e-06
2.584905742 2.8755252430126424e-06
2.586256974 2.6377205282518463e-06
2.587608205 2.643527967327791e-06
2.588959437 2.682623608304161e-06
2.590310668 2.546093513771361e-06
2.591661899 2.847339528717742e-06
2.593013131 2.984611769469979e-06
2.594364362 2.5712080585195872e-06
2.5957155939999996 2.2496706793407756e-06
2.5970668249999997 1.8875400113256945e-06
2.598418057 1.7370874558993266e-06
2.599769288 1.6246791481144801e-06
2.601120519 1.943881587700248e-06
2.602471751 2.2738158531863993e-06
2.603822982 1.8711200185300126e-06
2.6051742140000003 2.1536901565809262e-06
2.6065254450000004 2.366316432584517e-06
2.607876677 2.5418404091906022e-06
2.609227908 2.4310493615187377e-06
2.61057914 2.4110699670985604e-06
2.611930371 2.5751372291594687e-06
2.613281602 2.051486579438953e-06
2.614632834 1.8707846648034878e-06
2.615984065 1.3787184019438852e-06
2.617335297 1.4275522665066159e-06
2.618686528 1.4434290891989593e-06
2.62003776 1.6641711266078192e-06
2.621388991 2.13149058175212e-06
2.622740222 1.8477908071021436e-06
2.6240914539999998 1.7133500825101253e-06
2.625442685 2.053653704214224e-06
2.626793917 2.2745083978805046e-06
2.628145148 1.9461838443060207e-06
2.62949638 1.6810121953057856e-06
2.630847611 1.5632195037194726e-06
2.6321988430000003 1.165597046256616e-06
2.6335500740000004 1.143402407186847e-06
2.634901305 1.068310433233992e-06
2.636252537 7.113236603204926e-07
2.637603768 7.139906622035546e-07
2.6389549999999997 1.1294598450218402e-06
2.640306231 1.1305993808662059e-06
2.641657463 1.0950929241666625e-06
2.643008694 1.5022721793608208e-06
2.6443599250000003 1.4897976347173514e-06
2.645711157 1.780989652230648e-06
2.6470623879999997 2.090303166248992e-06
2.64841362 2.0955514468339642e-06
2.649764851 2.2604333871744194e-06
2.651116083 2.4223223565109403e-06
2.652467314 2.414166459798853e-06
2.653818546 2.3229491854950465e-06
2.6551697770000002 2.5389515366933944e-06
2.6565210080000004 2.6265140032154164e-06
2.65787224 2.764941847363798e-06
2.659223471 2.781826995799051e-06
2.6605747030000004 2.64389710653668e-06
2.6619259339999997 3.356839624680479e-06
2.663277166 3.996185456003355e-06
2.664628397 4.160489724877789e-06
2.6659796289999997 3.801943171833387e-06
2.66733086 3.6476284747133375e-06
2.668682091 3.21123421485367e-06
2.670033323 2.9950306752691647e-06
2.6713845540000003 2.836629193079734e-06
2.672735786 2.6398051100479567e-06
2.6740870169999997 2.0931471072058576e-06
2.675438249 1.566385992916992e-06
2.67678948 1.4963087460422957e-06
2.678140711 1.4937034697888384e-06
2.679491943 1.8978251275664523e-06
2.680843174 2.0921973138827095e-06
2.6821944060000003 2.1271980608624264e-06
2.6835456370000004 1.5528211970449083e-06
2.684896869 1.4958297856318024e-06
2.6862481 1.5718777860019965e-06
2.6875993319999996 1.7957445642939788e-06
2.6889505629999997 1.841841513986383e-06
2.690301794 1.549210974215211e-06
2.691653026 1.4412074856494759e-06
2.693004257 1.0928078448934796e-06
2.694355489 1.084506517175832e-06
2.69570672 1.4256632150127007e-06
2.697057952 1.3977278712793527e-06
2.6984091830000003 1.3620014145056207e-06
2.699760414 1.1780324441664377e-06
2.7011116459999998 1.3494708574720057e-06
2.702462877 1.473508883865351e-06
2.703814109 1.6006704374852908e-06
2.70516534 1.8192661173443802e-06
2.706516572 1.6044682376268592e-06
2.707867803 1.6758373148441856e-06
2.7092190350000003 1.5238835810259613e-06
2.7105702660000004 1.7945988553309643e-06
2.7119214969999996 1.789739391761787e-06
2.713272729 1.592314072908034e-06
2.71462396 1.5810590947665627e-06
2.7159751919999997 1.350691431794762e-06
2.717326423 1.129128739170148e-06
2.718677655 1.012724000410012e-06
2.720028886 1.33291260549453e-06
2.7213801170000003 1.2243933285655273e-06
2.722731349 1.0961863419251507e-06
2.7240825799999997 1.3903482152992992e-06
2.7254338120000003 1.5443732170990098e-06
2.726785043 1.7472480476203774e-06
2.7281362749999998 2.085207176552248e-06
2.729487506 2.3465920554753005e-06
2.730838738 2.203631391537685e-06
2.732189969 2.0564021855297358e-06
2.7335412000000003 1.9026541915802199e-06
2.734892432 1.9774142252996855e-06
2.736243663 1.8714822803358141e-06
2.737594895 1.7384333191545803e-06
2.7389461259999996 1.6237199877872038e-06
2.740297358 1.576790243318519e-06
2.741648589 1.6335714713286194e-06
2.7429998209999997 2.053866190919111e-06
2.744351052 2.7875055625908136e-06
2.745702283 2.5109217895756124e-06
2.747053515 2.527287742154918e-06
2.7484047460000003 2.5464592505080668e-06
2.749755978 2.4364084313279155e-06
2.7511072089999997 2.4078813405465335e-06
2.7524584410000004 2.1136524880848844e-06
2.753809672 1.5697706536137903e-06
2.755160903 9.495121128103966e-07
2.756512135 8.046162615069989e-07
2.757863366 8.063584644975405e-07
2.7592145980000002 6.319391208567418e-07
2.760565829 5.220792932533423e-07
2.761917061 5.506871704685151e-07
2.7632682920000002 8.905513687957034e-07
2.764619524 1.3450412896659026e-06
2.7659707549999997 1.5755291738389658e-06
2.767321986 1.989103809542011e-06
2.768673218 1.8925004369677156e-06
2.770024449 2.16399373693553e-06
2.771375681 2.6905146558650737e-06
2.772726912 2.8193598729286054e-06
2.774078144 2.7464133592950274e-06
2.7754293750000003 2.385224293213306e-06
2.776780606 2.039425731911363e-06
2.7781318379999997 1.825948816644302e-06
2.779483069 2.0324597635401528e-06
2.780834301 1.978855866532654e-06
2.782185532 1.6431164631102819e-06
2.783536764 1.3495834668400414e-06
2.784887995 1.3487100224187132e-06
2.786239227 1.4900869254661667e-06
2.787590458 1.7814576838236673e-06
2.788941689 1.6908795508706835e-06
2.7902929210000003 1.4424809767981293e-06
2.791644152 1.2200585285014108e-06
2.7929953839999997 1.0612238980198803e-06
2.794346615 9.92101332142942e-07
2.795697847 7.303934090650007e-07
2.797049078 5.428777514589444e-07
2.7984003090000003 8.558907704412484e-07
2.799751541 1.0514410376324817e-06
2.801102772 1.2652291643135135e-06
2.8024540040000003 1.5897505730391829e-06
2.803805235 1.7507494508801511e-06
2.8051564669999998 1.8042338431604304e-06
2.806507698 1.8937685300672412e-06
2.80785893 1.9927890839615447e-06
2.8092101609999998 1.7272679735515503e-06
2.810561392 1.8200936980367953e-06
2.811912624 2.018095568755346e-06
2.813263855 2.1370231068023276e-06
2.814615087 2.1570649277315976e-06
2.8159663179999996 2.307126095339437e-06
2.8173175500000003 2.6444976573027077e-06
2.818668781 2.50244220459837e-06
2.8200200129999997 2.274424810667313e-06
2.821371244 2.190808453646154e-06
2.822722475 1.735140725746759e-06
2.824073707 1.2993929982942593e-06
2.8254249380000003 1.350437514017597e-06
2.82677617 1.2748293171136231e-06
2.828127401 8.454787161354089e-07
2.8294786330000004 8.658063385597695e-07
2.830829864 7.944728740225439e-07
2.8321810949999997 4.79550561620204e-07
2.833532327 7.646106717666129e-07
2.834883558 8.03834356168882e-07
2.83623479 5.364465145091149e-07
2.837586021 4.028858398454941e-07
2.838937253 4.774678985174e-07
2.8402884840000002 5.660389803465344e-07
2.841639716 7.059967107522322e-07
2.8429909469999997 1.0015453565537525e-06
2.8443421779999998 8.524207373075003e-07
2.84569341 1.0006859897380153e-06
2.847044641 1.1532772964278675e-06
2.848395873 1.326994416726517e-06
2.849747104 1.5397652792823622e-06
2.851098336 1.5787631029330083e-06
2.8524495670000003 1.3966843920439394e-06
2.8538007980000004 1.1024827469780248e-06
2.85515203 9.68687578174891e-07
2.856503261 7.723736643983999e-07
2.8578544929999996 7.709067913104472e-07
2.8592057239999997 6.629976172709656e-07
2.860556956 3.7666550760563454e-07
2.861908187 2.2524499695543452e-07
2.863259419 2.3144529808593765e-07
2.86461065 2.3838524412068328e-07
2.865961881 4.4638300913791884e-07
2.8673131130000002 7.285846676375082e-07
2.868664344 9.320624136936258e-07
2.8700155759999997 9.871158479960144e-07
2.871366807 1.0940144497215808e-06
2.872718039 1.1791077831491047e-06
2.87406927 1.1736165007771388e-06
2.8754205010000002 1.1644956505791208e-06
2.876771733 9.556575105585448e-07
2.878122964 6.751898515966442e-07
2.8794741960000003 4.6057313258578483e-07
2.8808254270000004 3.548868172795135e-07
2.882176659 3.3557073067111154e-07
2.88352789 3.365863827688304e-07
2.8848791219999996 3.517772672851791e-07
2.8862303529999997 4.6751558695831123e-07
2.887581584 5.103358136662849e-07
2.888932816 5.173706042529692e-07
2.890284047 4.833469746944085e-07
2.891635279 5.117196605159308e-07
2.89298651 5.280529790189703e-07
2.8943377420000003 5.239232426021194e-07
2.895688973 5.071609979990051e-07
2.8970402049999997 3.908624475549445e-07
2.898391436 3.466190821300002e-07
2.899742667 3.3771241538293565e-07
2.901093899 2.3333448054349285e-07
2.9024451300000003 1.897007031142862e-07
2.903796362 1.2402364025352447e-07
2.905147593 2.651763621910116e-07
2.9064988250000003 4.7456565194449086e-07
2.907850056 7.700535776931051e-07
2.9092012869999997 9.379637880828004e-07
2.910552519 9.387948276717755e-07
2.91190375 9.375186328718666e-07
2.9132549819999998 9.367075295689451e-07
2.914606213 8.997669856030175e-07
2.915957445 9.79548950848285e-07
2.917308676 1.1298778377832958e-06
2.918659908 1.2457687859806358e-06
2.920011139 1.2753573794060127e-06
2.9213623699999998 1.2824873725279297e-06
2.922713602 1.6084364539114465e-06
2.924064833 1.6636984614948918e-06
2.925416065 1.8263401384888243e-06
2.926767296 1.8417084296194499e-06
2.928118528 1.7845837329247528e-06
2.9294697590000003 1.623479819183834e-06
2.93082099 1.5646033458381541e-06
2.932172222 1.5765293045491163e-06
2.933523453 1.2504056867090873e-06
2.934874685 1.6246735178524131e-06
2.9362259159999997 1.8338959246499362e-06
2.937577148 1.7631002287692885e-06
2.938928379 1.5529163232543026e-06
2.940279611 1.5677770093180124e-06
2.941630842 1.7598091696394595e-06
2.942982073 1.9240120803320745e-06
2.9443333050000002 2.039244290151014e-06
2.9456845360000004 1.7564472956143085e-06
2.947035768 1.8398677556696875e-06
2.948386999 2.080930681451568e-06
2.949738231 2.337187510365363e-06
2.951089462 2.2591453236085685e-06
2.952440694 2.075143599825186e-06
2.953791925 2.12301593268929e-06
2.955143156 2.246718084510549e-06
2.956494388 2.3502681322338783e-06
2.957845619 2.300458565498711e-06
2.959196851 2.259541902572565e-06
2.960548082 2.1304769014745245e-06
2.9618993139999996 2.1713485479296257e-06
2.9632505449999997 2.187492462306668e-06
2.964601776 2.090113108108425e-06
2.965953008 1.9678894230817777e-06
2.967304239 1.983438028882662e-06
2.968655471 1.8874844671302284e-06
2.970006702 1.8153238609831867e-06
2.9713579340000003 1.9928354689379134e-06
2.9727091650000004 1.9766371884294826e-06
2.974060397 1.999043582572323e-06
2.975411628 1.9275937451591664e-06
2.976762859 1.900451604993444e-06
2.978114091 1.9942368837783385e-06
2.979465322 1.930364632870208e-06
2.980816554 1.7948344174001002e-06
2.982167785 1.6228584467898847e-06
2.983519017 1.7149540001949333e-06
2.984870248 1.6694771928780355e-06
2.9862214789999997 1.707598469692663e-06
2.987572711 1.7051856225732915e-06
2.988923942 1.3941554581578672e-06
2.9902751739999998 1.1509719603872323e-06
2.991626405 1.2782488238155594e-06
2.992977637 1.48909583858121e-06
2.994328868 1.6694510469793759e-06
2.9956801 1.8841304838454526e-06
2.997031331 1.8728737146082732e-06
2.9983825619999998 1.7814253383024183e-06
2.9997337940000004 1.8225743936646302e-06
3.001085025 2.0057260397931996e-06
3.002436257 1.9169630490173135e-06
3.003787488 1.6845206851567459e-06
3.0051387199999997 1.206065374738669e-06
3.006489951 8.485932248434568e-07
3.007841182 7.478422315504664e-07
3.009192414 9.221676837298645e-07
3.0105436450000003 1.1742818481406764e-06
3.011894877 1.2483705364518532e-06
3.0132461079999997 1.2432351453311409e-06
3.01459734 1.4334897895352078e-06
3.015948571 1.6158192374191278e-06
3.017299803 1.638848639130844e-06
3.018651034 1.6802334931097544e-06
3.020002265 1.707241248966353e-06
3.021353497 1.5377107988497794e-06
3.0227047280000003 1.4852457043988292e-06
3.02405596 1.4444778351219925e-06
3.0254071909999998 1.2623893762833842e-06
3.0267584230000004 1.1935323852961205e-06
3.0281096539999997 1.2233450582148495e-06
3.029460886 1.1773313843371365e-06
3.030812117 9.76094116085753e-07
3.032163348 8.597841916080669e-07
3.03351458 6.54678507898597e-07
3.034865811 4.648416410738287e-07
3.036217043 3.79319467337388e-07
3.0375682740000003 2.650792828619188e-07
3.038919506 3.119611871835435e-07
3.0402707369999997 5.570538232650098e-07
3.041621968 7.795978943024192e-07
3.0429732 9.546526555749294e-07
3.044324431 1.251036001993622e-06
3.045675663 1.536944621320843e-06
3.047026894 1.7009404702046181e-06
3.0483781260000002 1.7782119803228354e-06
3.0497293570000004 1.6905400320228344e-06
3.051080589 1.6720116068219784e-06
3.05243182 1.6611813260669187e-06
3.053783051 1.5822342139443098e-06
3.0551342829999997 1.3855333476899887e-06
3.056485514 1.0847097474673429e-06
3.057836746 9.130006739190666e-07
3.059187977 9.998135861138864e-07
3.060539209 1.3304049588544987e-06
3.06189044 1.3031605276223e-06
3.063241671 1.26787791173691e-06
3.0645929030000003 1.3946717960177186e-06
3.065944134 1.3273703321390495e-06
3.0672953659999997 1.3134652766936641e-06
3.068646597 1.2056233696401614e-06
3.069997829 1.040823555827068e-06
3.07134906 7.009128148884468e-07
3.072700292 5.426689658913397e-07
3.074051523 3.8243874420304235e-07
3.075402754 1.3044783876139696e-07
3.0767539860000004 1.3072801406571266e-07
3.0781052169999996 2.340434533717155e-07
3.079456449 2.527261207207737e-07
3.08080768 3.630841378396447e-07
3.0821589119999997 3.7884905952829107e-07
3.083510143 4.488851198778964e-07
3.084861374 6.540056351541459e-07
3.086212606 7.789080784061621e-07
3.0875638370000003 7.481948505470836e-07
3.088915069 6.474692186886132e-07
3.0902662999999997 6.9795678157082e-07
3.0916175320000003 5.897500657223813e-07
3.092968763 5.664415126833433e-07
3.0943199949999998 4.5585482922627944e-07
3.095671226 2.3248146298406444e-07
3.097022457 7.960115414806965e-08
3.098373689 7.97102458974207e-08
3.0997249200000003 7.73104993256556e-08
3.101076152 6.365071383605823e-09
3.102427383 4.3588825383744556e-09
3.103778615 4.194964435858378e-08
3.1051298459999996 4.198737636848701e-08
3.106481078 4.2025477528821076e-08
3.107832309 4.2063844998058454e-08
3.10918354 4.210243845161676e-08
3.110534772 4.214700964779331e-08
3.111886003 4.2200565953471325e-08
3.113237235 5.6113531141231595e-08
3.1145884660000003 1.8107713736322942e-08
3.115939698 1.8130613641023438e-08
3.1172909289999997 1.8153445969154637e-08
3.11864216 1.8176195716134007e-08
3.119993392 1.819884569236304e-08
3.121344623 1.825826207913507e-08
3.122695855 1.8295989001769793e-08
3.124047086 4.112202399717018e-09
3.1253983180000002 4.120587846329916e-09
3.126749549 5.109555007880768e-08
3.128100781 2.3375364321309437e-07
3.1294520120000002 4.314751270486175e-07
3.130803243 4.893331078203352e-07
3.1321544749999997 4.904567503631724e-07
3.133505706 4.971285653719691e-07
3.134856938 5.003349306879664e-07
3.136208169 5.011031518334406e-07
3.137559401 4.5669923802607077e-07
3.138910632 2.7261438776902697e-07
3.140261863 1.3695598614980127e-07
3.1416130950000003 1.0110865818955164e-07
3.142964326 5.157626683522111e-07
3.1443155579999997 8.212808967039491e-07
3.145666789 9.740707445080214e-07
3.147018021 1.2655943677335966e-06
3.148369252 1.6740692434404562e-06
3.149720484 1.8514152806488646e-06
3.151071715 2.1060110633136574e-06
3.152422946 2.5716757278299784e-06
3.153774178 2.4324557998698777e-06
3.155125409 2.1217544323507145e-06
3.1564766410000002 2.042225703949936e-06
3.157827872 1.8025161019833055e-06
3.1591791039999997 1.3927210230622982e-06
3.160530335 1.2179159473754492e-06
3.161881566 8.994839116868671e-07
3.163232798 4.1047713462327785e-07
3.1645840290000002 1.3004201478354898e-07
3.165935261 1.2967994962653784e-07
3.167286492 5.588597533708039e-08
3.1686377240000003 4.346585445455352e-09
3.169988955 4.352490637441982e-09
3.1713401869999998 4.361113604116471e-09
3.172691418 4.37332838465704e-09
3.174042649 4.383551375233739e-09
3.1753938809999998 4.392162084133924e-09
3.176745112 4.400762960583465e-09
3.178096344 4.409355287097441e-09
3.179447575 4.417940277936911e-09
3.180798807 4.425651320582019e-09
3.182150038 4.432757065216947e-09
3.1835012700000003 4.439859887169025e-09
3.184852501 4.4469611798249376e-09
3.186203732 4.454061728283493e-09
3.187554964 4.461162353112934e-09
3.188906195 4.468263551581551e-09
3.190257427 1.6596219399656342e-08
3.1916086580000003 1.8117132425980127e-08
3.19295989 1.908162985812915e-08
3.194311121 1.9112259651889387e-08
3.195662352 2.026894482474879e-08
3.197013584 8.703417062015968e-08
3.1983648149999997 1.4476731543656975e-07
3.199716047 1.8011490487432725e-07
3.201067278 1.6847086944191432e-07
3.2024185099999998 2.0185377729087767e-07
3.203769741 2.0119918977422686e-07
3.205120973 2.0149108103326398e-07
3.206472204 2.0064148279120795e-07
3.207823435 1.3331908370039118e-07
3.209174667 7.533821168551412e-08
3.2105258979999998 3.991924190286663e-08
3.21187713 3.9592757573869945e-08
3.213228361 1.3201187075754845e-07
3.214579593 4.1497920069881117e-07
3.215930824 6.653469431180643e-07
3.217282055 9.008390668778836e-07
3.2186332870000003 1.210844620304081e-06
3.2199845180000004 1.287818126194915e-06
3.22133575 1.2904358715444194e-06
3.222686981 1.2935526410675727e-06
3.2240382129999996 1.1665668303898994e-06
3.2253894439999997 8.819133150001544e-07
3.226740676 6.301672215782808e-07
3.228091907 4.171433647464873e-07
3.229443138 1.2580843691095437e-07
3.23079437 4.960458523726266e-08
3.232145601 4.965423585631328e-08
3.2334968330000002 5.0486176097333704e-08
3.234848064 2.2310164990893581e-07
3.2361992959999997 3.893859777569512e-07
3.237550527 4.140963186565273e-07
3.238901759 3.905254430420109e-07
3.24025299 3.6964796985134934e-07
3.2416042210000002 4.5966737942324236e-07
3.242955453 6.447427426707624e-07
3.244306684 7.990519124275118e-07
3.2456579160000003 6.496504904467248e-07
3.2470091470000004 4.827633006287473e-07
3.248360379 4.878693870519676e-07
3.24971161 8.114080823779659e-07
3.251062841 1.2093606339203844e-06
3.2524140729999997 1.5782172208657939e-06
3.253765304 1.9204156648432915e-06
3.255116536 1.968233590661543e-06
3.256467767 1.9471228802099388e-06
3.257818999 1.949255621328993e-06
3.25917023 2.0352846057073595e-06
3.2605214620000003 1.9270607530828097e-06
3.261872693 1.7150385878555734e-06
3.263223924 1.4143573874326867e-06
3.264575156 1.1425760438689147e-06
3.265926387 1.2303740657680475e-06
3.267277619 1.3107386773748297e-06
3.2686288500000003 1.3139517685180093e-06
3.269980082 1.2005593625600704e-06
3.271331313 1.0792546756602262e-06
3.272682544 1.0875184846685126e-06
3.274033776 9.279887395440221e-07
3.2753850069999997 7.493544985420451e-07
3.276736239 6.396110544837391e-07
3.27808747 6.924118798377624e-07
3.2794387019999998 6.91633240060601e-07
3.280789933 6.920736112075162e-07
3.282141165 5.967946373252934e-07
3.283492396 4.0055260455434997e-07
3.2848436270000003 4.0041931461621396e-07
3.286194859 3.199498933285999e-07
3.2875460899999998 1.3771008540032688e-07
3.288897322 4.863858193785375e-09
3.290248553 4.873184514420404e-09
3.291599785 4.876856929486808e-09
3.292951016 1.5760290945368096e-07
3.294302247 2.126770116186084e-07
3.2956534790000003 2.4095602073532383e-07
3.29700471 3.4572804509227345e-07
3.298355942 3.6417589229657826e-07
3.299707173 3.644873450679134e-07
3.301058405 3.886248345174631e-07
3.3024096359999997 5.517962656001665e-07
3.303760868 3.9931784911703204e-07
3.305112099 4.4746570941708624e-07
3.30646333 4.965020587427154e-07
3.307814562 5.482745777574692e-07
3.309165793 8.638855783713491e-07
3.3105170250000002 1.0557164965586975e-06
3.3118682560000003 1.033350918622693e-06
3.313219488 8.7016733398027e-07
3.3145707189999998 8.733705865388908e-07
3.315921951 7.812279534406018e-07
3.317273182 7.042330348661654e-07
3.318624413 5.539365805761133e-07
3.319975645 2.18750058829085e-07
3.321326876 2.6430359732990408e-08
3.322678108 2.644589689860155e-08
3.324029339 2.64617483564141e-08
3.325380571 2.2961344720227473e-08
3.326731802 1.1798296542213986e-08
3.328083033 1.2012871254611571e-08
3.3294342649999997 2.9015202465103376e-08
3.330785496 3.0463208525939175e-08
3.332136728 3.044443023163285e-08
3.333487959 3.0425848356690056e-08
3.334839191 3.333623295742131e-08
3.336190422 1.6868211277545963e-07
3.3375416540000002 1.6858119516894166e-07
3.3388928850000004 1.6827397616134594e-07
3.340244116 1.4434551869994987e-07
3.341595348 1.4243554274394305e-07
3.342946579 1.4197071363282823e-07
3.344297811 1.4150541525824835e-07
3.345649042 1.3818611940881997e-07
3.347000274 4.875361774714278e-09
3.348351505 4.859150304325739e-09
3.3497027360000002 4.842907609022758e-09
3.351053968 4.809324959238445e-09
3.3524051989999997 4.770799484621228e-09
3.353756431 4.732209568410802e-09
3.355107662 4.693551511078929e-09
3.3564588939999997 7.758034611849386e-09
3.357810125 6.385493044150091e-08
3.359161357 6.350784186984285e-08
3.360512588 6.319859523770185e-08
3.3618638190000003 6.32670648381688e-08
3.363215051 6.333498351344785e-08
3.3645662819999997 9.805467599559363e-08
3.3659175140000004 9.815801596524341e-08
3.367268745 9.520758983279617e-08
3.368619977 3.953567619950045e-08
3.369971208 3.938485511248177e-08
3.371322439 3.974837140327567e-08
3.372673671 4.0539053518049715e-08
3.374024902 8.037643186131855e-08
3.375376134 3.202688757796252e-07
3.3767273650000003 5.490438022989214e-07
3.378078597 5.539654704541134e-07
3.3794298279999997 5.588832633688863e-07
3.38078106 5.618007564220807e-07
3.382132291 5.632549406362519e-07
3.383483522 5.642903911246309e-07
3.384834754 5.243623290305742e-07
3.386185985 2.3848014691823454e-07
3.387537217 7.068495957898842e-09
3.3888884480000003 4.168359502408599e-08
3.39023968 4.176339235769493e-08
3.3915909109999998 4.1731523639710764e-08
3.3929421430000004 4.9413612143166307e-08
3.3942933739999996 2.4020752485586763e-07
3.3956446049999998 4.200811851612229e-07
3.396995837 4.199515154604681e-07
3.398347068 4.726063653238955e-07
3.3996983 8.511961568579811e-07
3.401049531 1.0771606450425368e-06
3.402400763 1.2249279062210838e-06
3.4037519940000003 1.4709572952675883e-06
3.405103225 1.509014207674676e-06
3.4064544569999997 1.5021403702029985e-06
3.407805688 1.641431760034367e-06
3.40915692 1.6266737553440515e-06
3.410508151 1.279069221072245e-06
3.411859383 1.4453132481512654e-06
3.413210614 1.6608065910944195e-06
3.4145618460000002 1.5311007096361456e-06
3.4159130770000004 1.327582056582311e-06
3.4172643079999996 1.1549695449541523e-06
3.41861554 1.083888576395704e-06
3.419966771 1.0599894072330112e-06
3.4213180029999997 9.976763044050283e-07
3.422669234 6.063564103855761e-07
3.424020466 2.4305131175332547e-07
3.425371697 1.589154798046694e-07
3.4267229280000002 1.4577519703712198e-07
3.42807416 1.8947002205401269e-07
3.429425391 2.715010322245811e-07
3.4307766230000003 3.182678198804594e-07
3.432127854 3.5529699193180184e-07
3.4334790859999997 5.11968442824687e-07
3.434830317 8.609208831074695e-07
3.436181549 1.2314010399289265e-06
3.43753278 1.6870153088043852e-06
3.4388840110000003 2.228970841937861e-06
3.440235243 2.6483507379585853e-06
3.441586474 3.293945474759105e-06
3.4429377060000004 3.866272160090797e-06
3.4442889369999996 3.9168189025599875e-06
3.445640169 3.5715747116725625e-06
3.4469914 3.1593221982734924e-06
3.448342631 2.69331916511395e-06
3.449693863 2.1156469709050353e-06
3.451045094 1.7746185664657588e-06
3.452396326 1.3941806611816343e-06
3.4537475570000002 9.818478651123894e-07
3.455098789 7.856570574514388e-07
3.45645002 7.853049340008715e-07
3.4578012520000003 8.085926536479123e-07
3.459152483 9.784489802637443e-07
3.460503714 1.0756984924267887e-06
3.461854946 1.1532756225862738e-06
3.463206177 9.398869054307828e-07
3.464557409 8.201338791007341e-07
3.4659086400000003 8.993450850517155e-07
3.467259872 1.2115553300711397e-06
3.468611103 1.5593073635383862e-06
3.469962335 1.6162618532461602e-06
3.4713135659999996 1.5224916696708414e-06
3.4726647969999997 1.2882233586244789e-06
3.474016029 1.5182951430941123e-06
3.47536726 1.8286772468010348e-06
3.476718492 1.8385657544076775e-06
3.478069723 1.521444403560522e-06
3.479420955 1.150947494431131e-06
3.4807721860000003 9.307338781871421e-07
3.482123417 1.1366790940489609e-06
3.483474649 1.2277775059747733e-06
3.48482588 1.0591567348568527e-06
3.486177112 8.480407556315899e-07
3.487528343 8.791381019726484e-07
3.488879575 9.579797859014288e-07
3.490230806 1.0322014128683253e-06
3.491582038 1.1808363970425475e-06
3.492933269 1.1675873719933736e-06
3.4942845 1.1446311430382882e-06
3.495635732 1.0342975784326611e-06
3.496986963 8.588105374474599e-07
3.4983381949999997 8.157615109477732e-07
3.4996894259999998 8.690996126499994e-07
3.501040658 8.211968694227239e-07
3.502391889 6.872512370110916e-07
3.50374312 5.341768527305696e-07
3.505094352 4.4948308027324677e-07
3.506445583 3.8074496240161216e-07
3.5077968150000003 5.854014337624627e-07
3.509148046 7.84328847880673e-07
3.5104992779999997 9.433735163231394e-07
3.511850509 9.671653957710884e-07
3.513201741 1.0276781059608515e-06
3.514552972 1.0166022144094402e-06
3.515904203 9.838491081613124e-07
3.517255435 9.85340563996288e-07
3.518606666 9.163849235940464e-07
3.519957898 8.311499041240526e-07
3.521309129 7.796179516867545e-07
3.5226603610000002 1.087666669241474e-06
3.524011592 1.4952077521508498e-06
3.5253628239999997 1.8946156131663385e-06
3.526714055 2.171190415824505e-06
3.528065286 2.3900925339359457e-06
3.529416518 2.4587924952621237e-06
3.5307677490000002 2.263713247718745e-06
3.532118981 2.038949277032957e-06
3.533470212 1.724087511135718e-06
3.5348214440000003 1.23659397210107e-06
3.536172675 7.966764793920704e-07
3.537523906 4.953097000029791e-07
3.538875138 2.766707884918974e-07
3.540226369 1.1217719551280012e-07
3.5415776009999997 1.1113065510789165e-07
3.542928832 9.535887801540932e-08
3.544280064 5.370478095486651e-08
3.545631295 5.372487867789804e-08
3.546982527 1.5031083726658217e-07
3.548333758 2.7953291158866036e-07
3.5496849889999997 4.775016365944826e-07
3.551036221 7.468887090486682e-07
3.552387452 9.191911734150383e-07
3.553738684 1.0666450566861808e-06
3.555089915 1.354415667445123e-06
3.556441147 1.7878718891499624e-06
3.5577923780000003 2.2331678549064313e-06
3.5591436090000004 2.624965051405061e-06
3.560494841 2.9265189570289638e-06
3.561846072 3.0060168327401956e-06
3.563197304 3.1255360084482335e-06
3.5645485349999997 3.3980113757992677e-06
3.565899767 3.5243802516448997e-06
3.567250998 3.419847700915088e-06
3.5686022299999998 3.287638819894503e-06
3.569953461 3.34576879224044e-06
3.571304692 3.524675933250863e-06
3.572655924 3.6754664383716508e-06
3.574007155 3.79791444491245e-06
3.575358387 3.817260273336979e-06
3.5767096179999998 3.773113101991068e-06
3.57806085 3.816596696751281e-06
3.579412081 3.745226029513456e-06
3.580763312 3.368205098619127e-06
3.582114544 2.9988214739227597e-06
3.583465775 3.0822084260027467e-06
3.5848170070000003 3.2741917114036883e-06
3.5861682380000004 3.2546506286150683e-06
3.58751947 3.2935304257667025e-06
3.588870701 3.4382820862595912e-06
3.5902219329999996 3.578587644176021e-06
3.5915731639999997 3.889507514242545e-06
3.592924395 4.353082039573212e-06
3.594275627 4.5371767715000485e-06
3.595626858 4.514847358323454e-06
3.59697809 4.498952427488574e-06
3.598329321 4.506333042162347e-06
3.5996805530000002 4.6338148220178675e-06
3.601031784 4.866586511047419e-06
3.602383016 4.763245542893077e-06
3.603734247 4.370652671513764e-06
3.605085478 4.2296756169626445e-06
3.60643671 4.413985400043051e-06
3.607787941 4.6618049795796225e-06
3.609139173 4.796926361430915e-06
3.610490404 4.7183403725994254e-06
3.6118416360000003 4.810739150307408e-06
3.6131928670000004 5.616015480863702e-06
3.6145440979999997 6.494487119281491e-06
3.61589533 6.72865304060657e-06
3.617246561 6.712704287612095e-06
3.6185977929999997 6.853876421602132e-06
3.619949024 7.311899512772399e-06
3.621300256 7.792255645942465e-06
3.622651487 7.979812932085828e-06
3.624002719 7.586268992897667e-06
3.62535395 7.240958697541491e-06
3.6267051809999997 7.181970359129147e-06
3.628056413 7.204268715977824e-06
3.629407644 7.22589149537362e-06
3.630758876 7.075079105651431e-06
3.632110107 6.906026168442452e-06
3.633461339 6.906416779145573e-06
3.6348125700000002 7.154047753523552e-06
3.6361638010000004 7.596105081722385e-06
3.637515033 8.403939962602e-06
3.638866264 9.2070043818497e-06
3.640217496 9.834388447719668e-06
3.6415687269999997 1.045103385728421e-05
3.642919959 1.1234207522959737e-05
3.64427119 1.1960526963168267e-05
3.6456224219999998 1.2557892542653547e-05
3.646973653 1.301042757673149e-05
3.648324884 1.3250618707568573e-05
3.649676116 1.357451397404877e-05
3.6510273470000003 1.407511457839643e-05
3.652378579 1.4315204339682047e-05
3.6537298099999997 1.413101752499147e-05
3.655081042 1.3727820774307387e-05
3.656432273 1.3283926401011033e-05
3.657783504 1.2824529003195328e-05
3.659134736 1.2645934824068083e-05
3.660485967 1.2706450222665932e-05
3.6618371990000003 1.2910136430465785e-05
3.66318843 1.3475149070482031e-05
3.664539662 1.4216408969551467e-05
3.665890893 1.5178032806474755e-05
3.667242125 1.6303560535275645e-05
3.6685933559999997 1.727379360025139e-05
3.669944587 1.786795911389006e-05
3.671295819 1.8388781192846607e-05
3.67264705 1.9125240568382883e-05
3.673998282 1.9923475757478195e-05
3.675349513 2.077277226260954e-05
3.676700745 2.194018267512472e-05
3.6780519760000003 2.3420590574315162e-05
3.679403208 2.501506152129487e-05
3.6807544389999998 2.675095853551098e-05
3.68210567 2.8105237614314366e-05
3.683456902 2.878537114278052e-05
3.684808133 2.9637391052981373e-05
3.686159365 3.1010709061815484e-05
3.687510596 3.248941990340463e-05
3.688861828 3.418080668934441e-05
3.690213059 3.626175070043995e-05
3.6915642899999996 3.8733393020596363e-05
3.692915522 4.202182925551773e-05
3.694266753 4.599917334322131e-05
3.6956179849999997 5.032173513800415e-05
3.696969216 5.515527595934648e-05
3.698320448 5.9989871493706964e-05
3.699671679 6.455098975927811e-05
3.701022911 6.904735034429893e-05
3.702374142 7.354271437367497e-05
3.703725373 7.829802334674206e-05
3.7050766050000004 8.345371539384714e-05
3.706427836 8.848302352806398e-05
3.707779068 9.345209232382991e-05
3.709130299 9.900117490708144e-05
3.710481531 0.0001052710876471414
3.711832762 0.00011218843033539504
3.713183993 0.00011949563611946989
3.714535225 0.00012708866118896816
3.7158864560000002 0.00013547696303961872
3.717237688 0.0001448050689744722
3.7185889189999997 0.00015462880165092026
3.719940151 0.00016460059663129338
3.721291382 0.00017499320855815672
3.7226426139999997 0.00018663769738979543
3.723993845 0.0001996216294353952
3.725345076 0.00021307684258884375
3.726696308 0.00022681304981303876
3.7280475390000003 0.00024125815015670266
3.729398771 0.0002569380087312663
3.730750002 0.0002746089754027696
3.7321012340000004 0.0002941087660723395
3.733452465 0.00031473843357665327
3.7348036959999997 0.00033688350142147753
3.736154928 0.00036152253862626764
3.737506159 0.0003877529027835476
3.738857391 0.0004157591614148872
3.740208622 0.00044513210589353926
3.741559854 0.0004758535653418944
3.7429110850000002 0.0005076639170217268
3.744262317 0.0005409225620625736
3.7456135479999997 0.0005755576298852909
3.746964779 0.0006118653084466182
3.748316011 0.00065001062609975
3.749667242 0.0006905847271415091
3.751018474 0.0007341695091411658
3.752369705 0.0007804228300666267
3.753720937 0.0008291488647420056
3.7550721680000003 0.0008805904197210005
3.7564234 0.0009348643837452319
3.757774631 0.0009923147454833383
3.759125862 0.001053005365344676
3.7604770939999996 0.0011167119163904573
3.7618283249999998 0.00118390400252094
3.763179557 0.0012548584453116927
3.764530788 0.0013292698183435072
3.76588202 0.0014073957221588883
3.767233251 0.0014895635088265943
3.768584482 0.001575950671596198
3.7699357140000003 0.001667178137680375
3.771286945 0.0017631973188672976
3.7726381769999997 0.0018635268935482123
3.773989408 0.001968684207315624
3.77534064 0.002079315663290749
3.776691871 0.0021974059521157195
3.778043103 0.002321066084518213
3.779394334 0.0024508444954264245
3.780745565 0.002587807115348186
3.7820967970000003 0.002732472066757307
3.7834480279999996 0.0028852224443829495
3.7847992599999998 0.0030466889673239233
3.786150491 0.003217962874380718
3.7875017229999997 0.0033996391693514533
3.7888529539999998 0.0035920545543406475
3.790204185 0.0037957901354568474
3.791555417 0.0040108146724189535
3.792906648 0.004239450188146889
3.79425788 0.004483339197608216
3.795609111 0.004742803565846017
3.7969603430000003 0.00501895106928788
3.798311574 0.00531422910853505
3.7996628059999997 0.0056299298771764344
3.801014037 0.005968605289729041
3.802365268 0.006331616576789425
3.8037165 0.006720157125226726
3.8050677310000003 0.00713677448018859
3.806418963 0.00758485091691618
3.807770194 0.008066296115610367
3.8091214260000004 0.008583113506604642
3.8104726569999996 0.00913846740266954
3.811823889 0.009735351596110395
3.81317512 0.010378479563470433
3.814526351 0.011072382059274995
3.815877583 0.011821159910537024
3.817228814 0.012633208705291955
3.818580046 0.013520325741080795
3.8199312770000002 0.014468109779880648
3.821282509 0.015494296237939199
3.82263374 0.01660623788695107
3.823984971 0.017811316685663877
3.825336203 0.019117168123512298
3.826687434 0.020532649968498812
3.828038666 0.0220674381869417
3.829389897 0.023732352059275368
3.830741129 0.025539091196567533
3.8320923600000003 0.027499738172005156
3.833443592 0.029628103265116022
3.834794823 0.031939122767506746
3.836146054 0.034447943838048584
3.8374972859999996 0.03717059431436249
3.8388485169999997 0.040161931945542406
3.840199749 0.04337392032754069
3.84155098 0.04684563716951538
3.842902212 0.050602980741616274
3.844253443 0.054664311528521706
3.845604674 0.05904881734034613
3.8469559060000003 0.06377644467131359
3.848307137 0.06886595238349287
3.849658369 0.07433515513201716
3.8510096 0.08019999347520067
3.852360832 0.08647599283029181
3.853712063 0.09317688215311454
3.855063295 0.10031200971309258
3.856414526 0.10788660771956218
3.857765757 0.11600419223683951
3.859116989 0.12449510438465931
3.86046822 0.13338088054476738
3.861819452 0.14267931742619797
3.863170683 0.15236766364100715
3.8645219149999996 0.1624181085918634
3.8658731459999998 0.172798051136741
3.867224377 0.18346828844750754
3.868575609 0.1943851518572609
3.86992684 0.20550371081808558
3.871278072 0.21676699852141665
3.872629303 0.22812221717151995
3.8739805350000003 0.23951392719730227
3.875331766 0.25088499614007537
3.876682998 0.26217738780880273
3.878034229 0.2733406512333823
3.87938546 0.28432021901775667
3.880736692 0.2950724584096906
3.882087923 0.305559024646866
3.883439155 0.3157430375239207
3.884790386 0.3255940323598951
3.886141618 0.3350915288890694
3.887492849 0.34422145449282227
3.8888440810000002 0.352969038243292
3.890195312 0.36133274056031345
3.891546543 0.36931035509212357
3.892897775 0.3769043437162776
3.894249006 0.3841207773079281
3.895600238 0.3909716322067205
3.8969514690000002 0.39745945245145387
3.898302701 0.4040610364716705
3.899653932 0.40986961725728144
3.9010051629999998 0.4153500293465836
3.902356395 0.420517526794632
3.903707626 0.4253903335955559
3.905058858 0.4299811643026124
3.906410089 0.4343002023799782
3.9077613209999997 0.43836826370260956
3.909112552 0.4421981683566041
3.910463784 0.445799367496243
3.911815015 0.449191344227564
3.913166246 0.45237730065193826
3.914517478 0.4556239943073562
3.9158687089999997 0.45866787908960244
3.917219941 0.46128926108801954
3.918571172 0.46373686668422187
3.919922404 0.466020008191683
3.921273635 0.46815313459684166
3.922624866 0.4701377890290609
3.9239760980000002 0.47198093020624
3.9253273290000004 0.47369654446206455
3.926678561 0.47528659452683275
3.928029792 0.4767569393145925
3.929381024 0.47812011134273946
3.9307322549999997 0.47937311218652073
3.932083487 0.4805210979603235
3.933434718 0.48157850516395995
3.934785949 0.48255056217390324
3.936137181 0.4834386553598598
3.937488412 0.48452446602697347
3.938839644 0.48555727193406223
3.940190875 0.48624634109661485
3.941542107 0.48693609099795915
3.9428933379999997 0.48757388049941564
3.944244569 0.4881578060799145
3.945595801 0.48869431561484106
3.946947032 0.4891903205134147
3.948298264 0.4896465560622778
3.949649495 0.49006458353853133
3.9510007270000003 0.49039360218298894
3.9523519580000004 0.49067227028283283
3.95370319 0.4909200307745676
3.955054421 0.49114740471159
3.956405652 0.4913541859702905
3.9577568839999997 0.49153938793330143
3.959108115 0.4917095042278516
3.960459347 0.49186769997051655
3.961810578 0.4920125511816818
3.96316181 0.4921420910746385
3.964513041 0.49226312400078226
3.965864273 0.49237018286737316
3.967215504 0.49246365972948736
3.968566735 0.4925502638512818
3.9699179669999998 0.4931269599548827
3.971269198 0.49324910775413816
3.97262043 0.49332292834020386
3.973971661 0.4933924661959868
3.975322893 0.49345329219147777
3.976674124 0.49350925477754526
3.978025355 0.49413178186896045
3.9793765870000004 0.49417700776556506
3.9807278179999996 0.4942110926081984
3.98207905 0.49423686188541655
3.983430281 0.49425580453048834
3.9847815129999997 0.4942697085744509
3.986132744 0.4942826722189892
3.987483976 0.49429264473365736
3.988835207 0.4942953234041624
3.9901864380000003 0.49429843867609774
3.99153767 0.49430018490550354
3.9928889009999997 0.4942981300095413
3.994240133 0.49429750464990124
3.995591364 0.49429742193871934
3.996942596 0.49429399875985974
3.998293827 0.4942882927759636
3.999645058 0.4942860961909044
4.00099629 0.49427490912837213
4.002347521 0.49425838865575106
4.003698753 0.49424606181827063
4.005049984 0.4942341638120864
4.006401216 0.49422220720506543
4.007752447 0.4942142184246666
4.009103679 0.49421175644213383
4.01045491 0.4942315223200133
4.011806141 0.49429831238083344
4.013157373 0.49437218676671957
4.014508604 0.49444546095244757
4.015859836 0.494519590242832
4.017211067 0.494596677419352
4.018562299 0.49499396324752737
4.01991353 0.49531769778312534
4.021264761 0.49588579548121403
4.022615993 0.4959059049267652
4.023967224 0.49592404637871407
4.025318456 0.49594505078388557
4.026669687 0.49596906346680786
4.028020919 0.49599302799184625
4.02937215 0.496016511513078
4.030723382 0.49604195923747685
4.032074613 0.4960649221634711
4.033425844 0.4960827852828715
4.034777076 0.4961022961892974
4.036128307 0.49612133359964805
4.037479539 0.4961376589148792
4.03883077 0.4961531470198736
4.040182002 0.49618127577286136
4.041533233 0.4962656638813266
4.042884465 0.4963476906402327
4.044235696 0.4964329870258157
4.0455869269999996 0.4965161672120275
4.046938159 0.49659496842760864
4.04828939 0.4966715110999225
4.049640622 0.496747274827916
4.050991853 0.49676532615694685
4.052343085 0.4967623772923899
4.053694316 0.49675961040033073
4.055045547 0.49675310186925686
4.056396779 0.49674439173217083
4.05774801 0.49673694745002767
4.059099241999999 0.49673074413869456
4.0604504729999995 0.49697702410627337
4.061801705 0.49728232740682193
4.063152936 0.4972749769352761
4.064504168 0.49726375717937515
4.065855399 0.4972486743110283
4.06720663 0.4972334987533999
4.0685578620000005 0.4972163047418647
4.069909093000001 0.4971936941492284
4.071260325 0.49723630660934554
4.072611556 0.49761982594910525
4.073962788 0.497878667473167
4.075314019 0.49792432989307045
4.07666525 0.49797496639977074
4.078016482 0.49802461240747153
4.079367713 0.49807321735292853
4.080718945 0.49808997253648596
4.082070176 0.4980764002823604
4.083421408 0.49806089795219305
4.084772639 0.4980467130177686
4.086123871 0.4980373609762535
4.087475102 0.49802587164112166
4.088826333 0.4980158236555753
4.090177565 0.4980101408780227
4.091528796 0.49800651792218253
4.092880028 0.4980026850507925
4.094231259 0.4980033665877703
4.095582491 0.4980092184338643
4.096933722 0.4980134756525261
4.098284953 0.49801978227737725
4.0996361850000005 0.4980292169211387
4.100987416 0.4979920846133255
4.102338648 0.4979338154784142
4.103689878999999 0.4982722369875917
4.105041110999999 0.49839454697977636
4.106392342 0.4983377626817031
4.107743574 0.49828146344679175
4.109094805 0.4982289548251923
4.110446036 0.49819715022955097
4.111797268 0.49820433597045627
4.113148499 0.4982156121902699
4.1144997309999995 0.4982262719164452
4.115850962000001 0.4982325809604884
4.117202194000001 0.4982342367789553
4.118553425 0.49854085810748733
4.119904657 0.49878204335800325
4.121255887999999 0.49877591296162616
4.122607119 0.4987671970234938
4.123958351000001 0.49875567866150555
4.125309582 0.4987377988530092
4.126660814 0.4987168184966503
4.128012045 0.4986966962037067
4.129363277 0.498671536922985
4.130714508 0.49860627188577156
4.132065739 0.49850583560972067
4.133416971 0.49840108252530285
4.134768202 0.49828562728619746
4.136119434 0.4981637757452521
4.1374706649999995 0.49803622704597444
4.138821897 0.4979006549294006
4.140173128000001 0.4977712208119236
4.14152436 0.49774817717348546
4.142875591 0.4977206735191131
4.144226821999999 0.49768593277570927
4.145578054 0.49764730410154734
4.146929285000001 0.49760679261129287
4.148280517 0.49813001682863955
4.149631748 0.4980740993466347
4.15098298 0.49796781994150235
4.152334211 0.4978387358375245
4.153685442 0.4977029047171005
4.155036674 0.49755964433868516
4.156387905 0.49741320001718864
4.157739136999999 0.4972598704912559
4.159090368 0.49710089436476695
4.1604416 0.49718438706184276
4.161792831 0.4973366400936099
4.163144063 0.49717764543701015
4.164495294 0.4970153220117566
4.165846525 0.4968539250254908
4.167197757 0.49669021955546855
4.1685489879999995 0.4965185815185808
4.169900220000001 0.49634656321210235
4.171251451 0.4961792619472567
4.172602683 0.4960081070337196
4.173953914 0.49583490212617176
4.1753051459999995 0.49566210687253914
4.1766563770000005 0.4954904471708453
4.178007608 0.4953164693470307
4.17935884 0.4951441167941406
4.180710071 0.4949745425189472
4.182061303 0.49480602109480426
4.183412534 0.4946359381354897
4.184763766 0.4944694288986904
4.186114997 0.49430543801449783
4.187466228 0.4941414146434992
4.18881746 0.4939778802552247
4.190168691 0.4938177661261622
4.1915199229999995 0.49365397936986866
4.1928711540000005 0.49349011419861977
4.194222386000001 0.4938943245332699
4.195573617 0.4937388075116276
4.196924849 0.493585375584177
4.198276079999999 0.4934344469289827
4.199627311 0.4932907578112601
4.200978543 0.49314900158939823
4.202329774 0.4930087044399428
4.203681006 0.4932423776507052
4.205032237 0.4932849916641432
4.206383469 0.4931558481682941
4.2077347 0.49302856214172697
4.209085931 0.4929045406891119
4.210437163 0.4927896636156442
4.211788394 0.492685780512517
4.213139626 0.49258363579218944
4.2144908569999995 0.49248566214669753
4.215842089 0.4923912604602934
4.217193320000001 0.49229654647467913
4.218544552 0.49220426186088156
4.219895783 0.4921154008473749
4.221247013999999 0.4920170260910395
4.2225982459999996 0.4919176072565573
4.223949477 0.49182105487448885
4.225300709 0.49172588732090283
4.22665194 0.4916285766804883
4.228003171999999 0.49152836280336165
4.229354403 0.49142803885629516
4.2307056339999995 0.49132726900857515
4.232056866 0.49122301911926336
4.233408097000001 0.49111479446648654
4.234759329 0.49100593722875513
4.23611056 0.4908956559512613
4.237461792 0.4907853364702332
4.238813023 0.49067981899284197
4.240164255 0.4905785677080452
4.241515486 0.4904713999674958
4.242866717 0.49085231383851124
4.244217949 0.49082711412328167
4.24556918 0.4907292646684751
4.246920412000001 0.49062945070473457
4.248271643 0.4910691635567042
4.249622875 0.49096737021739
4.250974105999999 0.4908548971225881
4.2523253379999995 0.49073585552606064
4.2536765690000005 0.4906163880890764
4.2550278 0.490498070381385
4.256379032 0.4903786354103101
4.257730263 0.4902582219020817
4.259081495 0.49013839784429075
4.260432726 0.4897259415257037
4.261783958 0.4886896945143736
4.263135189 0.4876533473828637
4.26448642 0.4866169974649844
4.265837652 0.48557763494879147
4.267188883 0.4845330658488387
4.2685401149999995 0.48348547304947564
4.2698913460000005 0.4824363472201988
4.271242578000001 0.4809610801512297
4.272593809 0.4794448820137682
4.273945041 0.4779272708462944
4.275296271999999 0.47640989611562173
4.276647503 0.4748917058303033
4.277998735 0.47337341764980306
4.279349966 0.4718572563440921
4.280701198 0.4722245194785986
4.282052429 0.47433298475607005
4.283403661 0.4764376673457392
4.284754892 0.47853942589400583
4.286106123 0.4806366526376159
4.287457355 0.4827269570293333
4.288808586 0.4848120168366814
4.290159818 0.486636769760019
4.2915110489999995 0.48654245351716785
4.292862281 0.4864463436804931
4.294213512000001 0.4870041149609338
4.295564744 0.4873441854372843
4.296915975 0.4872452096850026
4.298267206 0.4871451792563989
4.299618438 0.48704578917231056
4.300969669 0.4868912214007008
4.302320901 0.48671253898348354
4.303672132 0.4865312245356499
4.305023363999999 0.48634983800007064
4.306374595 0.48616806712979654
4.3077258259999995 0.4859848275175753
4.309077058 0.48580100059972053
4.310428289000001 0.4856175024986584
4.311779521 0.48543188637722995
4.313130752 0.4852459503863824
4.314481984 0.4850606078369261
4.315833215 0.484876404976386
4.317184447 0.4846917876000714
4.318535678 0.48450583845797374
4.319886909 0.4843194657529272
4.321238141 0.48414636136236916
4.322589372 0.4839730717791215
4.323940604000001 0.48379784344975174
4.325291835 0.48362213202391285
4.326643067 0.48344632178961083
4.327994297999999 0.4832697074453348
4.329345529999999 0.4830922879316053
4.3306967610000004 0.4829113565943657
4.332047992 0.4827262693023878
4.333399224 0.4825406649168056
4.334750455 0.482354527652709
4.336101687 0.482170198703982
4.337452918 0.4819867343447658
4.33880415 0.48180349018739016
4.340155381 0.4816193232549684
4.341506612 0.48143356687381333
4.342857844 0.4812454476778651
4.344209075 0.4810545253091594
4.3455603069999995 0.48115647328429967
4.3469115380000005 0.4811925427227994
4.34826277 0.48098965762296914
4.349614001 0.4807723285077457
4.350965233 0.48054807489674
4.352316464 0.48086884439509564
4.353667695 0.4806389211862238
4.355018927 0.480406426102346
4.356370158 0.4801704721712468
4.35772139 0.47993161783794125
4.359072621 0.47968739887897244
4.360423853 0.479442170428406
4.361775084 0.4792013489309143
4.363126315000001 0.4789551939166521
4.364477547000001 0.47870277536984435
4.365828778 0.47844438995955063
4.36718001 0.4781813737270579
4.3685312409999995 0.477913896365091
4.369882473 0.4776419019153538
4.371233704 0.4773610562781158
4.372584936 0.47707590816463263
4.373936167 0.4767861169540837
4.375287398 0.4764921042285379
4.37663863 0.47619285607070033
4.377989861 0.4758902395102284
4.379341093 0.4755828418980946
4.380692324 0.47527673522185926
4.382043555999999 0.4749700524947378
4.383394787 0.47466041146858484
4.3847460179999995 0.4743474871152344
4.38609725 0.4740331289576915
4.387448481000001 0.47371646887256735
4.388799713 0.47339915591371734
4.390150944 0.4730801110914926
4.391502176 0.4727585678955551
4.392853407 0.47243755562572226
4.394204639 0.47211821834405077
4.39555587 0.4718003091993621
4.396907101 0.47151241197507754
4.398258332999999 0.47124040425227565
4.399609564 0.47097007391052015
4.400960796000001 0.4707015750404668
4.402312027 0.4704337333401222
4.403663259 0.47016893417595307
4.405014489999999 0.4699137658503592
4.406365721999999 0.4701642367956151
4.407716953 0.469909688633664
4.409068184 0.4696611775455869
4.410419416 0.4694166709614811
4.411770647 0.46917738657226304
4.413121879 0.46900819612593675
4.41447311 0.46924843787393
4.415824342 0.46902385061988583
4.417175573000001 0.46880423826089207
4.418526804 0.46858808593313206
4.419878036 0.4683751152726241
4.421229266999999 0.46816762591647704
4.4225804989999995 0.4679637695693991
4.4239317300000005 0.4677648622002416
4.425282962 0.4675697914446478
4.426634193 0.4673802095728837
4.427985425 0.4671931558972185
4.429336656 0.4670108601922848
4.430687887 0.46682739026020126
4.432039119 0.46664496361154967
4.43339035 0.46646562861847357
4.434741582 0.466291075303172
4.436092813 0.466119394928457
4.437444045 0.46595105049395236
4.438795276 0.4657856782809144
4.440146507000001 0.4656240944164077
4.441497739000001 0.46547064995662957
4.44284897 0.4653183566672256
4.444200202 0.4651653373700126
4.445551432999999 0.46499477713588855
4.446902665 0.46482632271181495
4.448253896 0.46465714783426054
4.449605128 0.4644898199190517
4.450956359 0.46431938948946166
4.45230759 0.4641490424229923
4.453658822 0.46397692677682884
4.455010053 0.46380413157998
4.456361285 0.4636310641983755
4.457712516 0.46345813398554014
4.459063747999999 0.4632848149325905
4.460414979 0.4631110495480337
4.4617662110000005 0.4629404623793737
4.463117442 0.4627696562378735
4.464468673000001 0.46259979766966797
4.465819905 0.4624274421740045
4.467171136 0.4622550456784864
4.468522368 0.46208027151374376
4.469873599 0.4619046236023442
4.471224831000001 0.461725379813134
4.472576062 0.4615445066164104
4.473927293 0.4613614340002043
4.475278524999999 0.4611756821025192
4.476629756 0.46130514167776854
4.4779809880000006 0.4612986612211475
4.479332219 0.46110339324775856
4.480683451 0.4609037114576922
4.482034682 0.46070121800265434
4.483385914 0.4604937376549588
4.484737145 0.46067031839949624
4.486088376 0.4605936728352631
4.487439608 0.4603765602484447
4.488790839 0.4601565181370886
4.490142071 0.45993368373751997
4.491493302 0.45970436612104926
4.492844534 0.4594700026180679
4.494195765000001 0.4592309489853521
4.495546996 0.4589779849847145
4.496898228 0.4587221708462923
4.498249458999999 0.4584598386611118
4.4996006909999995 0.4581932595629294
4.5009519220000005 0.45792703827226544
4.502303154 0.45765946188606355
4.503654385 0.4573854559031217
4.505005617 0.45710491121068797
4.506356848 0.4568212817949971
4.507708079 0.45653296397021476
4.509059311 0.4562411178333995
4.510410542 0.4559424140969948
4.511761774 0.45564040834976355
4.513113005 0.45533418588749053
4.514464237 0.4550258422490793
4.5158154679999996 0.4547126946405035
4.517166699000001 0.45439569273671343
4.518517931 0.45407646879113817
4.519869162 0.45375298986811363
4.521220394 0.45342846529816533
4.522571624999999 0.4530981127809965
4.523922857 0.45276555268991053
4.525274088 0.45242754767090565
4.52662532 0.4520855576138146
4.527976551 0.4517385462531214
4.529327782 0.45138975359058986
4.530679014 0.45103717692790957
4.532030245 0.45067961274937823
4.533381477 0.45032160551653283
4.534732708 0.4499621691759932
4.53608394 0.4496050544908543
4.537435171 0.44924594119624844
4.5387864030000005 0.448886471987093
4.540137634 0.4485259712141399
4.541488865 0.448166790243081
4.542840097 0.44780702199334094
4.544191328 0.4474442950247031
4.5455425599999995 0.44708011006579607
4.5468937910000005 0.4467145479206956
4.548245023000001 0.4463519137446753
4.549596254 0.44598899827145216
4.550947485 0.4456329575581408
4.552298716999999 0.44528059505721856
4.553649948 0.44493098878557813
4.5550011800000005 0.44458388142339983
4.556352411 0.44423859020044465
4.557703643 0.4438983361389342
4.559054874 0.44356044397829897
4.560406106 0.44322457604253845
4.561757337 0.4432545162113457
4.563108568 0.4430379511631429
4.5644598 0.4427074331999224
4.565811031 0.44237912780474614
4.567162263 0.44205209884634106
4.568513493999999 0.4417250926977594
4.569864726 0.4414029229784345
4.571215957000001 0.44118780886366676
4.572567188 0.44125872141768424
4.57391842 0.440935344636792
4.575269650999999 0.44061469786957236
4.5766208829999995 0.44029688270917056
4.5779721140000005 0.4399790524300052
4.579323346 0.43966113132657636
4.580674577 0.43934292805274117
4.582025809 0.4390282439813243
4.58337704 0.4387113397757751
4.584728271 0.43839312025944566
4.586079503 0.438071933251475
4.587430734 0.43774843522894585
4.588781966 0.4374227496489721
4.590133197 0.43709036555039615
4.591484429 0.43674884248772916
4.5928356599999995 0.43640407334233305
4.5941868910000005 0.436058226621953
4.595538123 0.43570666239548217
4.596889354 0.4353497637577373
4.598240586 0.43498988091432267
4.599591817 0.43462653611625335
4.6009430490000005 0.4342600370591045
4.60229428 0.4338850268757927
4.603645512 0.43350478755685157
4.604996743 0.4331181518117077
4.606347974 0.43272471691549147
4.607699206 0.4323212261884928
4.609050437 0.43190674437528614
4.610401669 0.4315039674533539
4.611752900000001 0.43113642471684543
4.613104132 0.43075982037977867
4.614455363 0.43037138234067096
4.6158065950000005 0.4299753774395081
4.617157826 0.4295736818582168
4.618509057 0.4291650886805958
4.619860289 0.42874849388900416
4.62121152 0.4282627163575704
4.622562751999999 0.42776410698059764
4.6239139830000004 0.4272571541133884
4.625265215000001 0.4267412450767074
4.626616446 0.42621620222910006
4.627967677 0.4256830993971583
4.629318908999999 0.4251440688275309
4.63067014 0.4245969810807429
4.6320213720000005 0.424043450270338
4.633372603 0.4234824165991646
4.634723835 0.4229177888898081
4.636075066 0.4223484101147891
4.637426298 0.4217709211123333
4.638777529 0.42118860875125785
4.64012876 0.4206019140221045
4.641479992 0.4200164590701918
4.642831223 0.4194261358738275
4.644182455 0.4188309949636796
4.645533685999999 0.4182332568033436
4.646884918 0.4176343361410246
4.648236149000001 0.4170352490643583
4.64958738 0.41643210626687494
4.650938612 0.415826200024031
4.652289842999999 0.41567174151127323
4.6536410749999995 0.415063283580071
4.6549923060000005 0.41445571886671684
4.656343538 0.413847277403875
4.657694769 0.4132433456866423
4.659046001 0.41264351238374086
4.660397232 0.4120495999238737
4.661748463 0.4114630745505895
4.663099695 0.41088164148719136
4.664450926000001 0.4103093704735474
4.665802158 0.40974441103431514
4.667153389 0.4091867496564106
4.668504621 0.4086339053481465
4.6698558519999995 0.4080905949189584
4.6712070830000005 0.4075596689990825
4.672558315 0.4070370278388634
4.673909546 0.4065222704021232
4.675260778 0.4060139530040977
4.676612009 0.40551643211196875
4.6779632410000005 0.40502855980562985
4.679314472 0.40454815148883627
4.680665704 0.4040725687841691
4.682016935 0.403602406732321
4.683368166 0.4031452288501005
4.684719398 0.4026980972467376
4.686070629 0.4022608937547487
4.687421861 0.40183468991985016
4.688773092 0.40142126449594673
4.690124324 0.4010220381446848
4.691475555 0.4006352915326564
4.6928267869999996 0.4002586186345557
4.694178018 0.3998928903988157
4.695529249 0.3995395688607114
4.696880481 0.3991972867093131
4.698231712 0.39931488566021667
4.699582943999999 0.3989889343898055
4.700934175 0.3986749920532808
4.702285407000001 0.3983713590456552
4.703636638 0.3980740902742963
4.704987869 0.397781197000295
4.706339100999999 0.39749725145753356
4.707690332 0.3972213683143677
4.7090415640000005 0.3969529820619703
4.710392795 0.396704022298707
4.711744027 0.3964969173152665
4.713095258 0.3962979921194301
4.71444649 0.3961051587675964
4.7157977209999995 0.3959169683337502
4.717148952 0.395728733798783
4.718500184000001 0.39554224483674993
4.719851415 0.3953589168204872
4.721202647 0.3951272853820359
4.722553877999999 0.3948888994290582
4.72390511 0.39464802710219776
4.725256341000001 0.3944076001823928
4.726607572 0.39416760892565134
4.727958804 0.3939244165550686
4.729310035 0.39367846256915145
4.730661267 0.39342990482652934
4.7320124980000005 0.3931818707872026
4.73336373 0.3929320332577649
4.734714961 0.3929832913528752
4.736066193 0.39284397662026305
4.737417424 0.39257752670724416
4.738768654999999 0.392308556626819
4.740119887 0.39203412209746463
4.741471118000001 0.3917546229852183
4.74282235 0.3914682850631801
4.744173581 0.39117610187968505
4.745524813 0.3908790674100864
4.7468760439999995 0.3905729498834651
4.748227276 0.39025726301280816
4.749578507 0.3899349749648258
4.750929738 0.3896068058012789
4.75228097 0.3892735247030012
4.753632201 0.38893103738584184
4.7549834330000005 0.38858071558216123
4.756334664 0.38822650748173354
4.757685896 0.3878686485680696
4.759037127 0.3875066542361598
4.760388358 0.3871385193052268
4.76173959 0.38676815207840115
4.763090821 0.3863802436518508
4.764442053 0.38598539525636466
4.765793284 0.385585569122245
4.767144516 0.3851788182242504
4.768495747 0.38476880917104933
4.7698469789999995 0.3843574947025139
4.77119821 0.38394188514111427
4.772549441 0.3835225860459072
4.773900673 0.38309917369321744
4.775251904 0.3826764493471778
4.776603135999999 0.3822554558258374
4.777954367 0.381833518772147
4.779305599000001 0.3814107604525185
4.78065683 0.38098396910127613
4.782008061000001 0.3805575655157525
4.783359293 0.38013535573029184
4.784710524 0.379713962851398
4.7860617560000005 0.3792938425523735
4.787412987 0.3788762889254035
4.788764219 0.37846495925000806
4.79011545 0.37805858565975736
4.791466682 0.37765595834278587
4.7928179129999995 0.377255590094817
4.7941691440000005 0.3768591097498398
4.795520376000001 0.3764690814071997
4.796871607 0.3760832161853227
4.798222839 0.37569907082674514
4.799574069999999 0.37531822513467944
4.800925302 0.3749450246868768
4.802276533000001 0.37457884025953725
4.803627764 0.37421555242843035
4.804978996 0.3738529108884
4.806330227 0.37349400634801666
4.807681459 0.3731402234576199
4.80903269 0.37319897229208826
4.810383922 0.3728497354028042
4.811735153 0.3724948136629881
4.813086384999999 0.3721428208168663
4.814437616 0.37179451800026253
4.815788846999999 0.3714480846876592
4.817140079 0.3711001405783214
4.818491310000001 0.3707493000317137
4.819842542 0.3703976032429158
4.821193773 0.37005183772058264
4.822545005 0.36970312661683274
4.8238962359999995 0.36934849422115523
4.825247468 0.36898762673363933
4.826598699 0.36862326451251715
4.82794993 0.3682549038550108
4.829301162 0.36787808694410784
4.830652393 0.3674897612069578
4.8320036250000005 0.3670900625619029
4.833354856 0.3666850355889129
4.834706088 0.3662739956402233
4.836057318999999 0.36585205877677973
4.83740855 0.3654180008301119
4.838759782 0.36497161321037136
4.840111013 0.3645152983562341
4.841462245 0.36404678468220586
4.842813476 0.363562074000328
4.844164708 0.36306056167839307
4.845515939 0.3625427095394198
4.8468671709999995 0.36201095337381317
4.8482184020000005 0.36146478691133144
4.849569633 0.3609001275858527
4.850920865 0.3603252355306324
4.852272096 0.3597381266051441
4.853623327999999 0.35913859448189006
4.854974559 0.3585257017130121
4.856325791000001 0.3578952753151607
4.857677022 0.3572500013792511
4.859028253 0.35659136660894225
4.860379485 0.35592123253065916
4.861730716 0.3552376902612846
4.863081948 0.35453863978984573
4.864433179 0.35382657307279475
4.865784411 0.35310319722373434
4.867135642 0.35237062346967174
4.868486874 0.35162722038748373
4.8698381049999995 0.3508723101953539
4.8711893360000005 0.3501044533401584
4.872540568000001 0.3493307076894766
4.873891799 0.34855360714465133
4.875243031 0.3477716727417536
4.876594261999999 0.3472104172130452
4.8779454939999995 0.3465750916684305
4.879296725000001 0.34564899437574903
4.880647956 0.34472233896320476
4.881999188 0.3438000260809034
4.883350419 0.3428797468629889
4.884701651 0.3419638849032609
4.8860528819999995 0.3410572354769476
4.887404114 0.3401587733573116
4.888755345 0.3392678516358568
4.890106576999999 0.3383838929554555
4.891457808 0.3375076254647493
4.892809038999999 0.33664428309105415
4.894160271 0.33579204952000447
4.895511502000001 0.3349502212693004
4.896862734 0.3341175649146877
4.898213965 0.3332968365036445
4.899565197 0.33249026235550694
4.900916428 0.3316956480562902
4.902267660000001 0.33091191573655804
4.903618891 0.33013781678053794
4.904970122 0.32937606885702403
4.906321354 0.32862587547350713
4.907672585 0.3278849391260046
4.9090238170000005 0.3271486201483245
4.910375048 0.32641512416818197
4.91172628 0.3256863991458258
4.913077511 0.32495917093245424
4.914428742 0.3242299126716378
4.915779974 0.323491908274441
4.917131205 0.3227435836457817
4.918482437 0.32198167892464424
4.919833668 0.32120573985280754
4.9211849 0.3204051899105413
4.922536131 0.31957583697415276
4.9238873629999995 0.31871456007607624
4.9252385940000005 0.31781636174677524
4.926589825 0.316882567860265
4.927941057 0.3158986604189423
4.929292288 0.31486338847446155
4.930643519999999 0.3137670498113441
4.931994751 0.3126080796428668
4.933345983000001 0.3113843082781985
4.934697214 0.31008142405185934
4.936048445 0.3087009184123185
4.937399677 0.3072228133459068
4.938750908 0.30565573095458876
4.94010214 0.30398723203759526
4.941453371 0.30236249633586515
4.942804603 0.3006559769987191
4.944155834 0.2986421151837999
4.945507066 0.2965151053803048
4.9468582969999995 0.29425281490486305
4.9482095280000005 0.291867570582028
4.949560760000001 0.28934528359567774
4.950911991 0.2866861709698482
4.952263223 0.2838975441099096
4.953614453999999 0.2809639979274712
4.9549656859999995 0.277905444448596
4.9563169170000005 0.27469603447767393
4.957668148 0.2713582473460707
4.95901938 0.26788457129233567
4.960370611 0.2642825673943549
4.961721843 0.26056145399202596
4.9630730739999995 0.25670976979909016
4.964424306 0.2527554435614041
4.965775537000001 0.2486809792460231
4.967126769 0.24451833921635582
4.968478 0.24025966362374634
4.969829230999999 0.2359172736718493
4.971180463 0.23150592446369286
4.972531694000001 0.22702235582941874
4.973882926 0.22249443350746104
4.975234157 0.217907559465826
4.976585389 0.21329158532236484
4.97793662 0.20864114726869262
4.979287852000001 0.20397502353403824
4.980639083 0.19930182879928598
4.981990314 0.19462569088447984
4.983341545999999 0.18996368398023278
4.984692777 0.18530941359613018
4.986044009 0.18068868797582666
4.98739524 0.1760971601678165
4.988746472 0.17155018117427848
4.990097703 0.16704892415866
4.991448934 0.16259895351740833
4.992800166 0.15820999522023996
4.9941513969999995 0.15388180399221346
4.995502629 0.1496273969706537
4.99685386 0.14544008995256413
4.998205092 0.1413290852805897
4.999556323 0.13729261354119868
5.0009075549999995 0.13334889692019783
5.0022587860000005 0.12949111791082707
5.003610017 0.12571092201995615
5.004961249 0.12201116261578683
5.006312479999999 0.11838738202956242
5.007663711999999 0.11484628041508232
5.009014943 0.11150386222470893
5.010366175 0.10811591622558886
5.011717406 0.1048040690372861
5.013068637 0.1015674982015985
5.014419869 0.09840625257845784
5.0157711 0.09531684022841135
5.017122332 0.09230053400944835
5.018473563 0.08935135454771682
5.019824795000001 0.08647198354016622
5.021176026 0.0836573594054232
5.022527258 0.08090864028208093
5.0238784889999994 0.07822175703184221
5.0252297200000005 0.07559464526430096
5.026580952000001 0.07302638531982042
5.027932183 0.07051322184783476
5.029283415 0.06805755494332605
5.030634646 0.06565277024856318
5.031985878 0.063302080603409
5.033337109 0.060998779816086125
5.034688341 0.05874610861737633
5.036039572 0.05654143383052844
5.037390803 0.05438520149749806
5.038742035 0.05227727037274757
5.0400932659999995 0.05021485928441922
5.041444498 0.04820157816281942
5.042795729000001 0.046232601952743174
5.044146961 0.044314145008197116
5.045498192 0.04244029433744158
5.046849422999999 0.040615425438565146
5.048200655 0.03883682676981021
5.049551886000001 0.03710648263121433
5.050903118 0.03542450317422602
5.052254349 0.03379009938641262
5.053605581 0.032205526887943786
5.054956812 0.030667913534463135
5.056308044000001 0.029181842656551986
5.057659275 0.02774364513313381
5.059010506 0.026356839910727518
5.060361737999999 0.02501823773418529
5.061712969 0.023729641547926384
5.063064201 0.022490292613690222
5.064415432 0.021306323405296562
5.065766664 0.020170614156499914
5.067117895 0.019081620073809903
5.068469126 0.01804005860261037
5.069820358 0.017043585089438193
5.0711715889999995 0.016093450134387417
5.072522821 0.015187294681526133
5.073874052 0.014325297184119408
5.075225284 0.013505403038949298
5.076576515 0.012726980687191886
5.0779277469999995 0.012000706217334107
5.0792789780000005 0.011301327468046907
5.080630209 0.01063860832134852
5.081981441 0.010011732427878088
5.083332671999999 0.00941944055200956
5.084683904 0.008859863771528474
5.086035135 0.008331974146700736
5.087386367 0.007834028697087235
5.088737598 0.007364838269293289
5.090088829 0.006922851752032603
5.091440061 0.006506792575367859
5.092791292 0.0061154716206190405
5.094142524 0.005747622124124819
5.095493755000001 0.005402026600939606
5.096844987000001 0.005077350136500841
5.098196218 0.004772301621872174
5.09954745 0.00448580768359709
