Wavelength_microns Throughput
2.0004663860000003 7.718117971135083e-15
2.002074478 1.5396129144183875e-13
2.00368257 2.012175909130468e-12
2.005290662 2.6423241465275794e-12
2.006898754 3.275007925001181e-12
2.008506846 2.7686540537118634e-12
2.010114938 1.370018853664788e-12
2.01172303 3.727822125548251e-13
2.013331122 6.026356884860403e-14
2.014939214 5.524060208651509e-15
2.016547306 7.949816625229474e-15
2.018155398 1.2073878372019231e-13
2.01976349 2.1536924981023727e-13
2.021371582 1.1499212299106616e-13
2.022979674 1.3048306871547735e-13
2.0245877660000002 2.482518434671027e-13
2.026195858 1.0342587922934101e-13
2.027803949 3.1508254920943246e-14
2.029412041 5.157048995761033e-14
2.031020133 1.8230967564287387e-13
2.032628225 3.7088919178890854e-14
2.034236317 2.8579166371512295e-15
2.035844409 1.8264345155292755e-15
2.037452501 1.8183496940804305e-15
2.039060593 5.377156349031171e-15
2.040668685 6.93205358819402e-14
2.042276777 2.437996192031497e-14
2.0438848689999998 2.7234844686380342e-15
2.045492961 7.31991838513567e-15
2.047101053 1.576013063801025e-13
2.0487091449999997 5.018931199168409e-13
2.0503172370000002 6.362239207627709e-13
2.0519253290000004 8.129203090222798e-13
2.053533421 1.1922247721265869e-12
2.055141513 8.47662503445255e-13
2.056749605 1.0357442989923155e-12
2.058357697 1.7095175987258977e-12
2.059965788 2.0132722532159062e-12
2.06157388 2.1482531370202377e-12
2.0631819719999998 2.137900279085034e-12
2.064790064 1.6045579004549624e-12
2.066398156 1.0057951896285773e-12
2.068006248 6.512215892919461e-13
2.06961434 6.097702886109754e-13
2.071222432 2.3606262691750776e-13
2.072830524 1.8946781749804417e-14
2.074438616 1.3444426043860648e-14
2.076046708 2.510564835476683e-13
2.0776548 7.992979258305679e-13
2.079262892 4.886754847323576e-14
2.080870984 1.0252825886177973e-14
2.0824790760000003 4.430975750883887e-14
2.084087168 2.857275936870634e-13
2.08569526 1.2491844206330454e-12
2.0873033519999997 8.383055400157286e-12
2.088911444 1.1379937395104971e-11
2.090519536 1.6005404738716365e-11
2.092127627 2.130998324746436e-11
2.0937357189999997 2.916813934843324e-11
2.0953438110000002 2.2104172767637862e-11
2.0969519030000003 2.0074845132124965e-11
2.098559995 2.7240756340506458e-11
2.100168087 4.4614522302508255e-11
2.101776179 5.190523197793027e-11
2.103384271 5.093129189627182e-11
2.104992363 3.616948930505941e-11
2.1066004549999997 2.9144711065441956e-11
2.1082085470000003 2.339826874487757e-11
2.109816639 1.6680528430900213e-11
2.111424731 1.4423630015377228e-11
2.113032823 2.1644750403081782e-11
2.114640915 4.1836930790337244e-11
2.116249007 5.8158558187198873e-11
2.1178570989999996 1.057094220663536e-10
2.1194651909999997 3.050888107816842e-11
2.1210732830000003 1.1148753704706636e-11
2.122681375 9.117256254371688e-12
2.124289466 3.5262998944054824e-11
2.125897558 4.904415256523954e-11
2.1275056500000002 3.7190096055625415e-11
2.129113742 2.9140221717747985e-11
2.130721834 2.653414811255105e-11
2.1323299259999997 2.729018613919558e-11
2.133938018 1.8232036263225463e-11
2.1355461100000004 1.6532234508442694e-11
2.137154202 1.7407625502021578e-11
2.138762294 2.770730812547764e-11
2.140370386 3.340533809721536e-11
2.141978478 4.844800744497401e-11
2.14358657 5.1421423541207113e-11
2.1451946619999998 4.9957164214273867e-11
2.146802754 4.367642443993822e-11
2.1484108460000004 4.2377699542759305e-11
2.150018938 7.730074801029637e-11
2.15162703 7.331897125709017e-11
2.153235122 7.799716210525362e-11
2.154843214 7.033451488198063e-11
2.156451305 6.41068439353938e-11
2.158059397 6.275109478394165e-11
2.159667489 6.425485553777983e-11
2.161275581 7.148971515165133e-11
2.1628836729999996 8.521647438332884e-11
2.164491765 9.091564459359274e-11
2.1660998570000003 7.931253778677434e-11
2.167707949 8.566399649103651e-11
2.169316041 7.260050137541151e-11
2.170924133 6.502238257936431e-11
2.172532225 6.68758547175572e-11
2.174140317 8.176449394504282e-11
2.1757484089999997 6.0644250423682e-11
2.177356501 3.277379550430701e-11
2.1789645930000003 1.85202285169942e-11
2.180572685 2.498142685560571e-11
2.182180777 4.240037507169143e-11
2.183788869 4.340822551171343e-11
2.185396961 4.462282900159611e-11
2.187005053 4.930005464511693e-11
2.1886131449999997 5.858471548295988e-11
2.1902212359999997 7.88859270395575e-11
2.191829328 1.064784356540338e-10
2.1934374200000004 1.6734161922535967e-10
2.195045512 1.491396000169839e-10
2.196653604 1.4484381252344487e-10
2.198261696 1.1163009976666876e-10
2.199869788 1.1078706059886929e-10
2.20147788 1.0062903522631974e-10
2.203085972 8.28701163210841e-11
2.204694064 7.649072754796316e-11
2.206302156 1.0382625624515582e-10
2.207910248 2.0856944612405855e-10
2.2095183400000002 6.571693192748722e-11
2.211126432 2.7049270740310846e-11
2.212734524 3.904362364146577e-11
2.2143426159999997 1.5737057482999463e-10
2.215950708 7.178933248468526e-10
2.2175588 9.494943200104752e-10
2.219166892 1.2646552716418171e-09
2.220774984 1.0478791682220358e-09
2.222383075 9.011523388260425e-10
2.2239911670000003 7.265907551298528e-10
2.225599259 5.392521763844471e-10
2.227207351 5.166618438827039e-10
2.228815443 5.256138174973567e-10
2.230423535 5.359705534717154e-10
2.232031627 8.639787078533214e-10
2.2336397189999997 1.958371609340782e-09
2.2352478110000003 4.378988942764008e-09
2.236855903 4.877307703256465e-09
2.238463995 5.695192581683516e-09
2.240072087 8.52081958943864e-09
2.241680179 1.3180896859532636e-08
2.243288271 1.861042519261098e-08
2.2448963629999996 2.4200781466116787e-08
2.2465044549999997 3.187723276634634e-08
2.2481125470000003 4.3830296232446836e-08
2.249720639 6.054349600762957e-08
2.251328731 8.471969720360248e-08
2.252936823 1.1898610732789369e-07
2.2545449140000002 1.641459731300329e-07
2.256153006 2.135542204635679e-07
2.257761098 2.76625336003465e-07
2.2593691899999997 3.441189424732852e-07
2.260977282 4.2186197936592636e-07
2.262585374 5.00546239436522e-07
2.264193466 5.642157137712249e-07
2.265801558 6.301778831087795e-07
2.2674096500000003 6.864472598272027e-07
2.269017742 7.399165415346643e-07
2.270625834 7.801414636362509e-07
2.2722339259999997 8.011778386363764e-07
2.273842018 8.194206799915958e-07
2.2754501100000004 8.511969754691699e-07
2.277058202 8.837201698830825e-07
2.278666294 9.177696010789843e-07
2.280274386 9.553444638550148e-07
2.281882478 9.973001690473759e-07
2.28349057 1.022437526340364e-06
2.285098662 1.0507264821001465e-06
2.286706753 1.096444770743623e-06
2.288314845 1.1620952748456225e-06
2.2899229369999996 1.238940575036394e-06
2.291531029 1.3217972269350906e-06
2.2931391210000003 1.4171547220307365e-06
2.294747213 1.5330108375353733e-06
2.296355305 1.6752646242358543e-06
2.297963397 1.841136588517628e-06
2.299571489 1.992192048932617e-06
2.301179581 2.159872087104491e-06
2.3027876729999996 2.3695936304136537e-06
2.304395765 2.6359078004801067e-06
2.3060038570000003 2.9537108780211293e-06
2.307611949 3.3350893498678347e-06
2.309220041 3.7915666998718407e-06
2.310828133 4.375098221016554e-06
2.312436225 5.172506672777019e-06
2.314044317 6.151656053090088e-06
2.3156524089999997 7.413173191504921e-06
2.3172605010000003 8.993653065730944e-06
2.318868592 1.0861232929261557e-05
2.3204766840000004 1.2589879488387065e-05
2.322084776 1.4498642004604536e-05
2.323692868 1.6688559456845264e-05
2.32530096 1.906398233899936e-05
2.326909052 2.151419029228453e-05
2.328517144 2.3993926805572973e-05
2.3301252359999998 2.648143577298356e-05
2.331733328 2.9226619874307768e-05
2.33334142 3.2427825618524766e-05
2.334949512 3.566885039930824e-05
2.3365576040000002 3.790576353898465e-05
2.338165696 3.952025914360207e-05
2.339773788 4.061388899493272e-05
2.3413818799999997 4.1288869054609114e-05
2.342989972 4.156944940158269e-05
2.344598064 4.175909781339043e-05
2.346206156 4.205724598334122e-05
2.347814248 4.227370287098512e-05
2.3494223400000003 4.2165065565227184e-05
2.3510304310000003 4.2079655639507835e-05
2.352638523 4.224184818156964e-05
2.354246615 4.319814724497579e-05
2.3558547069999998 4.434489301020244e-05
2.357462799 4.5056609689623986e-05
2.359070891 4.525535258981309e-05
2.3606789829999997 4.571764652618676e-05
2.3622870750000002 4.8181257517121314e-05
2.363895167 5.12023819572796e-05
2.365503259 5.4076036582685125e-05
2.367111351 5.578345694709549e-05
2.368719443 5.740092640639757e-05
2.370327535 5.80922125454751e-05
2.371935627 5.778990996456421e-05
2.3735437189999997 5.72259579741246e-05
2.3751518110000003 5.4383168606036004e-05
2.376759903 5.114404946516264e-05
2.378367995 4.780891123078303e-05
2.379976087 4.189739820370003e-05
2.381584179 3.677752417327488e-05
2.383192271 3.255197197613545e-05
2.384800362 2.926066538819673e-05
2.3864084539999997 2.6301747698547216e-05
2.388016546 2.2347559256419015e-05
2.389624638 1.8381355257729697e-05
2.39123273 1.5144325950094373e-05
2.392840822 1.2880738478562696e-05
2.3944489140000003 1.113025153027436e-05
2.396057006 8.998721291104151e-06
2.397665098 6.027683335728644e-06
2.3992731899999997 4.5621313438388335e-06
2.400881282 2.9279648091288484e-06
2.4024893740000004 1.5562437103812821e-06
2.404097466 9.199724608421024e-07
2.405705558 3.023595156947464e-07
2.40731365 6.836924412802448e-08
2.408921742 1.6412572041377383e-08
2.410529834 2.919275904248353e-08
2.4121379259999998 8.223114458135528e-08
2.413746018 2.3409998874918743e-07
2.41535411 3.7360416758576986e-07
2.416962201 7.64457917653563e-07
2.418570293 1.669528285204155e-06
2.4201783850000003 8.821352445234447e-07
2.421786477 5.65135375503838e-07
2.423394569 5.43933432257964e-07
2.425002661 8.52016085509195e-07
2.426610753 1.4718939971728512e-06
2.428218845 1.862067864146673e-06
2.4298269369999996 1.751508784621343e-06
2.431435029 1.6543506600167496e-06
2.4330431210000003 1.8864031629036047e-06
2.434651213 2.3179855370053986e-06
2.436259305 2.933680065838353e-06
2.4378673969999998 3.1084644325113027e-06
2.439475489 3.2852961492641206e-06
2.441083581 3.4848067940011735e-06
2.4426916729999997 2.8624964115800506e-06
2.4442997650000002 2.533658269617948e-06
2.4459078570000004 2.59788072533997e-06
2.447515949 3.1235231915499537e-06
2.44912404 3.7619296889477503e-06
2.450732132 3.944759227976081e-06
2.452340224 3.353084971686413e-06
2.453948316 3.0365465241122063e-06
2.455556408 3.025952332026106e-06
2.4571644999999998 3.274635955856541e-06
2.458772592 3.7099176492653964e-06
2.460380684 2.0871240402537603e-06
2.461988776 1.128180202755949e-06
2.463596868 7.641846786307766e-07
2.46520496 5.167390668372685e-07
2.466813052 3.685772255262256e-07
2.468421144 3.901711251630251e-07
2.470029236 4.960771274232302e-07
2.471637328 9.256959003183463e-07
2.47324542 1.9260132230810954e-06
2.474853512 2.1185064543784645e-06
2.4764616040000003 2.201758706542473e-06
2.478069696 3.2076157032124417e-06
2.479677788 2.1191936176395713e-06
2.481285879 1.6366591799619535e-06
2.4828939709999998 1.433108215857976e-06
2.484502063 2.696213463130977e-07
2.486110155 5.9007955213716455e-08
2.4877182469999997 1.693811957453594e-08
2.489326339 6.05799354596456e-08
2.4909344310000003 2.636136549896754e-07
2.492542523 1.1827662868213298e-06
2.494150615 1.1099255382466776e-06
2.495758707 1.017759434887035e-06
2.497366799 9.34090616639947e-07
2.498974891 9.93284967768158e-07
2.499778162 2.047195096251166e-06
2.5011293930000003 3.468748631191388e-06
2.502480624 1.6632282139252933e-06
2.5038318559999997 1.475004294689898e-06
2.505183087 3.959366617672804e-06
2.506534319 6.8601397607435585e-06
2.50788555 9.442228633803298e-06
2.509236782 6.434766611739531e-06
2.510588013 3.8114253300957014e-06
2.511939244 5.58125583275717e-06
2.5132904760000003 3.010396062971333e-06
2.514641707 5.874786600523567e-07
2.515992939 4.076551592909751e-06
2.51734417 4.812429069784049e-06
2.5186954019999996 4.571576250574581e-06
2.5200466329999998 4.416464501263725e-06
2.521397865 2.8030785935385423e-06
2.522749096 5.582365036287621e-06
2.524100327 3.7486376861744554e-06
2.525451559 5.319378463435661e-06
2.52680279 7.411891855028544e-06
2.5281540220000003 4.483138525611604e-06
2.529505253 2.76424666670448e-06
2.5308564849999997 5.473305591560519e-09
2.532207716 6.545967264766415e-09
2.533558948 1.3715145346756393e-06
2.534910179 4.184815573295177e-06
2.5362614100000003 2.685931864526597e-06
2.537612642 5.5119184143644145e-06
2.538963873 3.6852893362547837e-06
2.5403151050000004 8.51672318342687e-09
2.5416663359999996 1.0742695429822496e-06
2.5430175680000002 2.8783311968272625e-06
2.544368799 1.00085659408729e-06
2.54572003 2.0507854736495036e-06
2.547071262 2.7046566730171427e-07
2.548422493 2.8560333909867447e-07
2.549773725 2.123571523239065e-06
2.551124956 2.3906854164674947e-06
2.552476188 4.4198890625282e-07
2.553827419 1.1359427169275417e-06
2.5551786510000003 1.052587433935424e-06
2.556529882 4.258389114010752e-06
2.557881113 5.917168008377283e-06
2.559232345 4.585739995578899e-06
2.560583576 1.9695343083266027e-06
2.561934808 4.350238460877256e-06
2.5632860390000003 1.55744031205408e-07
2.564637271 1.2050899838905201e-06
2.565988502 1.6362670358549314e-06
2.567339733 1.674849564831922e-07
2.5686909649999996 1.3781944512744294e-06
2.5700421959999997 3.2235981088078685e-06
2.571393428 2.852476645257968e-06
2.572744659 2.6727437003430542e-06
2.574095891 1.9278409943223353e-06
2.575447122 5.820704387035368e-06
2.576798354 1.7641268090346774e-06
2.5781495850000002 2.1666693703468642e-06
2.5795008160000004 1.3428747972083843e-06
2.580852048 4.7705408856585165e-09
2.582203279 4.7721816659649296e-09
2.583554511 6.888503927025132e-08
2.584905742 4.132919994483278e-06
2.586256974 3.854980011655499e-06
2.587608205 1.9347389067978938e-06
2.588959437 4.783281321579098e-09
2.590310668 2.253820747587463e-06
2.591661899 3.6437497684795706e-06
2.593013131 2.096460742547419e-06
2.594364362 6.320502368403158e-06
2.5957155939999996 4.2163073361056895e-06
2.5970668249999997 1.8489786784996954e-06
2.598418057 6.383291826983561e-08
2.599769288 2.137035640578174e-06
2.601120519 3.961275389021674e-06
2.602471751 2.004773163560381e-06
2.603822982 3.2800059842005234e-07
2.6051742140000003 3.0270462686117603e-06
2.6065254450000004 2.8445263013727043e-06
2.607876677 3.985712206821726e-06
2.609227908 3.381784691564619e-06
2.61057914 4.7813676591138855e-06
2.611930371 2.9117754078773784e-06
2.613281602 8.024620579662903e-09
2.614632834 3.323477088771105e-06
2.615984065 1.9524798708007536e-06
2.617335297 7.280736363991408e-07
2.618686528 7.194690384068945e-07
2.62003776 1.6542481620023693e-06
2.621388991 4.1528041449834045e-06
2.622740222 1.5900673728567775e-06
2.6240914539999998 1.70489717007066e-06
2.625442685 1.9139552154854033e-06
2.626793917 1.3869834809759086e-06
2.628145148 9.490414559552533e-09
2.62949638 4.7441548304532174e-09
2.630847611 4.7448170080366e-09
2.6321988430000003 2.4415752246836237e-06
2.6335500740000004 5.374548897068223e-06
2.634901305 3.211352206830333e-06
2.636252537 1.4900415026235517e-06
2.637603768 3.307354332201569e-06
2.6389549999999997 5.106400119277862e-06
2.640306231 1.989473260114418e-06
2.641657463 4.755243383575516e-09
2.643008694 4.755907178398959e-09
2.6443599250000003 7.766899010341471e-07
2.645711157 2.275882065675909e-07
2.6470623879999997 3.4447472716816024e-07
2.64841362 1.8096810543845713e-06
2.649764851 3.4817028273780865e-06
2.651116083 8.746056557795966e-07
2.652467314 9.059885851368348e-09
2.653818546 5.721902052323097e-07
2.6551697770000002 2.193277471033386e-06
2.6565210080000004 5.022402417590142e-06
2.65787224 6.233128241361893e-06
2.659223471 5.88962657716398e-06
2.6605747030000004 3.6243546308345413e-06
2.6619259339999997 2.445474897890352e-06
2.663277166 1.3528223226587378e-06
2.664628397 3.670734430973899e-06
2.6659796289999997 1.0014449796403532e-06
2.66733086 1.1191989065352493e-07
2.668682091 5.46518238357485e-06
2.670033323 3.792603679530335e-06
2.6713845540000003 3.246417576909558e-06
2.672735786 1.4811413562425921e-06
2.6740870169999997 4.902239621826656e-08
2.675438249 2.3807423085927822e-08
2.67678948 1.497753618167468e-06
2.678140711 1.7302221573025026e-06
2.679491943 1.0581266379278105e-06
2.680843174 3.031225178587197e-06
2.6821944060000003 7.025694976946255e-06
2.6835456370000004 5.445163681218067e-06
2.684896869 1.713209436855896e-06
2.6862481 6.7376164914846344e-06
2.6875993319999996 4.411365931703956e-06
2.6889505629999997 1.5906903867342964e-06
2.690301794 4.696950905664373e-09
2.691653026 2.3531512252085367e-06
2.693004257 3.523286637695757e-06
2.694355489 5.4101344274325405e-06
2.69570672 3.6966781329273782e-06
2.697057952 4.358047347367636e-06
2.6984091830000003 2.61779745817189e-07
2.699760414 4.702724326180446e-09
2.7011116459999998 4.707456477910828e-09
2.702462877 2.1907142398429648e-06
2.703814109 4.295071208769134e-06
2.70516534 4.111279832729234e-06
2.706516572 3.0883741464073093e-06
2.707867803 2.099302176448381e-06
2.7092190350000003 1.5809038858309184e-08
2.7105702660000004 2.166404943635691e-08
2.7119214969999996 2.339116389860187e-06
2.713272729 5.056814761017938e-06
2.71462396 5.99902877589993e-06
2.7159751919999997 3.940667665912598e-06
2.717326423 6.725469378059616e-07
2.718677655 1.8388797959806392e-06
2.720028886 3.8496844156416635e-06
2.7213801170000003 3.803697348077184e-07
2.722731349 3.19809682183407e-07
2.7240825799999997 6.181161650576163e-08
2.7254338120000003 7.990859606646383e-07
2.726785043 1.4856170719356337e-06
2.7281362749999998 5.515916015824477e-08
2.729487506 5.018432053683266e-07
2.730838738 3.556210683140218e-06
2.732189969 5.454813754338125e-06
2.7335412000000003 2.0404112341339187e-06
2.734892432 2.986509173103617e-06
2.736243663 2.2788359772147327e-06
2.737594895 2.141541934008664e-06
2.7389461259999996 3.641919330378829e-06
2.740297358 3.1383363532822523e-06
2.741648589 5.051706778926024e-06
2.7429998209999997 2.3564321093805816e-06
2.744351052 1.4916977898082704e-06
2.745702283 5.073691191592946e-06
2.747053515 3.6860373169990036e-06
2.7484047460000003 1.8968279977690166e-06
2.749755978 1.528370946371856e-06
2.7511072089999997 3.3478723320844344e-07
2.7524584410000004 4.772122266540842e-09
2.753809672 1.1408080192227894e-07
2.755160903 1.0698576967361023e-06
2.756512135 4.363226509526332e-06
2.757863366 5.586100262554741e-06
2.7592145980000002 7.78721329017218e-07
2.760565829 4.7282653004926675e-09
2.761917061 3.975629274404214e-06
2.7632682920000002 3.3772206562165973e-06
2.764619524 6.075883628575395e-07
2.7659707549999997 1.437508223557331e-06
2.767321986 2.5924267842211587e-06
2.768673218 1.356428769966345e-06
2.770024449 3.586415451170088e-07
2.771375681 2.1076515159907996e-06
2.772726912 4.560702637560437e-06
2.774078144 1.6635544979670053e-06
2.7754293750000003 2.5534101323942476e-06
2.776780606 2.2306816501967533e-06
2.7781318379999997 2.3918248914437964e-06
2.779483069 1.860332875560426e-06
2.780834301 1.4068868348457223e-07
2.782185532 5.217787384070032e-09
2.783536764 1.7230041429738484e-06
2.784887995 1.7605256214705912e-06
2.786239227 1.589127008176359e-06
2.787590458 4.625004948093382e-06
2.788941689 1.1011440553897557e-05
2.7902929210000003 1.81772575274467e-05
2.791644152 1.8873293232664896e-05
2.7929953839999997 1.0431815460297932e-05
2.794346615 6.537522312755988e-06
2.795697847 4.876436245992932e-06
2.797049078 9.862478815116504e-07
2.7984003090000003 1.6710728392539624e-08
2.799751541 4.5001832202083216e-08
2.801102772 8.622555774370889e-07
2.8024540040000003 1.6944872725327143e-06
2.803805235 9.601610030744521e-07
2.8051564669999998 2.119116125187523e-06
2.806507698 2.952777594939749e-06
2.80785893 2.0752002817768572e-06
2.8092101609999998 7.187131638020853e-09
2.810561392 4.741885446522724e-09
2.811912624 9.504082026560991e-07
2.813263855 3.883481572777859e-07
2.814615087 4.740802038130479e-09
2.8159663179999996 4.7390470971712925e-09
2.8173175500000003 4.3883242616064924e-08
2.818668781 1.9816117867489024e-07
2.8200200129999997 3.4848909727119678e-06
2.821371244 3.477869374358105e-06
2.822722475 1.4488482114179621e-06
2.824073707 2.7679341235962926e-06
2.8254249380000003 3.249119809215703e-06
2.82677617 5.064590666990959e-06
2.828127401 7.737235874279807e-07
2.8294786330000004 4.727952699931328e-09
2.830829864 5.324681490757373e-09
2.8321810949999997 2.78002301143902e-07
2.833532327 7.623987929458721e-07
2.834883558 2.55988721122503e-06
2.83623479 6.1929192340221005e-06
2.837586021 3.2557785334955123e-06
2.838937253 2.7087053034912557e-06
2.8402884840000002 2.3093053759493793e-06
2.841639716 1.031357511306403e-06
2.8429909469999997 3.3699890161445202e-06
2.8443421779999998 9.523470784170033e-07
2.84569341 1.344226003854557e-06
2.847044641 1.445388018620331e-06
2.848395873 7.640656106873932e-07
2.849747104 7.090510960033349e-07
2.851098336 1.624690980955155e-06
2.8524495670000003 6.747255307882659e-09
2.8538007980000004 3.4737177925560687e-07
2.85515203 4.5240263643486447e-07
2.856503261 4.656359695215506e-09
2.8578544929999996 4.651021366144113e-09
2.8592057239999997 2.340901361931062e-08
2.860556956 2.4303616270597653e-06
2.861908187 9.260462017311737e-07
2.863259419 4.628905962153944e-09
2.86461065 1.29258883068738e-08
2.865961881 1.9123652567883516e-06
2.8673131130000002 2.996539053848883e-07
2.868664344 1.0061986121147713e-06
2.8700155759999997 1.2443391641705993e-06
2.871366807 1.7434426003123854e-06
2.872718039 2.5622717488117854e-06
2.87406927 1.5508179580418603e-06
2.8754205010000002 5.100456014523448e-07
2.876771733 1.063613893097699e-06
2.878122964 6.091922274756686e-06
2.8794741960000003 3.7620599441266995e-06
2.8808254270000004 2.5249905619632353e-07
2.882176659 1.477832651502836e-06
2.88352789 4.713377659054306e-06
2.8848791219999996 5.513969736565963e-06
2.8862303529999997 2.925106020833897e-06
2.887581584 1.8310065276660438e-06
2.888932816 1.9905294213551268e-06
2.890284047 5.444317255819318e-08
2.891635279 6.901670557401408e-09
2.89298651 1.3198079765276528e-06
2.8943377420000003 2.0410021214705132e-06
2.895688973 2.7116573667095234e-06
2.8970402049999997 3.2176490263724612e-06
2.898391436 3.1119378050068316e-07
2.899742667 1.0795746876179543e-06
2.901093899 1.96616589241175e-06
2.9024451300000003 2.597777023480383e-06
2.903796362 4.427546927268543e-06
2.905147593 4.271963377341394e-06
2.9064988250000003 6.782024753631118e-06
2.907850056 3.0044694264587273e-06
2.9092012869999997 9.125490390008161e-08
2.910552519 4.549894155637519e-09
2.91190375 1.7379862047964543e-07
2.9132549819999998 1.3209505046100396e-06
2.914606213 1.694673987139976e-06
2.915957445 1.4077066753375e-06
2.917308676 1.0689786969997435e-07
2.918659908 2.5469411092091693e-06
2.920011139 1.0735529780135935e-06
2.9213623699999998 2.7927601889945587e-06
2.922713602 1.401526035219158e-06
2.924064833 2.0863944946390167e-06
2.925416065 5.024115273756138e-06
2.926767296 8.04355656972076e-07
2.928118528 3.921648362687383e-07
2.9294697590000003 3.4670696467099153e-06
2.93082099 2.634759857586797e-06
2.932172222 4.857670369005332e-06
2.933523453 3.0597626768913836e-06
2.934874685 1.179575367797607e-06
2.9362259159999997 1.6318496718503898e-06
2.937577148 4.598891086979375e-06
2.938928379 5.180641474603421e-06
2.940279611 9.257924355258847e-07
2.941630842 1.0950049654327909e-06
2.942982073 8.767812149093011e-08
2.9443333050000002 8.942397273536837e-09
2.9456845360000004 4.6221485370778606e-07
2.947035768 1.312699335293383e-06
2.948386999 9.942687706868058e-06
2.949738231 8.340432562194544e-06
2.951089462 4.825854305013861e-06
2.952440694 3.502041398780415e-06
2.953791925 1.5815967106317383e-06
2.955143156 1.673048485041434e-06
2.956494388 6.629159038621172e-06
2.957845619 8.403335841835623e-06
2.959196851 4.408001678166683e-06
2.960548082 1.8745389900273808e-06
2.9618993139999996 5.811180999787867e-09
2.9632505449999997 2.986195607022177e-07
2.964601776 1.5398070849147006e-06
2.965953008 3.868905049940193e-06
2.967304239 1.3231732571875703e-06
2.968655471 1.4516975775391347e-07
2.970006702 1.2306823478542231e-06
2.9713579340000003 1.2932333546696878e-06
2.9727091650000004 3.1216947818974034e-07
2.974060397 1.1460055823446645e-06
2.975411628 1.621453466409128e-07
2.976762859 4.260704207312478e-09
2.978114091 1.270196921202026e-08
2.979465322 2.1224952458865314e-06
2.980816554 7.382200150299886e-06
2.982167785 9.240993338197206e-06
2.983519017 4.623382285167881e-06
2.984870248 3.5112068884212586e-06
2.9862214789999997 3.420608728920231e-06
2.987572711 3.433559978221909e-06
2.988923942 2.8165360314503344e-06
2.9902751739999998 2.2081315154265393e-06
2.991626405 4.06495826125082e-06
2.992977637 2.8594407999298118e-06
2.994328868 1.214710924093309e-06
2.9956801 9.69417701448397e-07
2.997031331 2.6304823745083962e-06
2.9983825619999998 3.699277232000284e-06
2.9997337940000004 3.043932248506777e-06
3.001085025 1.3545473630923974e-06
3.002436257 2.216309835830042e-07
3.003787488 4.191596073435731e-09
3.0051387199999997 1.493222605448617e-07
3.006489951 4.602396335463652e-06
3.007841182 1.458163615086995e-06
3.009192414 1.9059362897905736e-06
3.0105436450000003 2.2759816824439e-06
3.011894877 5.069159017462692e-06
3.0132461079999997 4.872688428777967e-06
3.01459734 3.3307499471767294e-06
3.015948571 1.5319987399768576e-06
3.017299803 1.6599435679808103e-06
3.018651034 3.70160819071729e-06
3.020002265 2.17057437036312e-06
3.021353497 3.604740039941349e-06
3.0227047280000003 1.8309802647165445e-06
3.02405596 2.3499784906338285e-06
3.0254071909999998 3.0938115603312097e-06
3.0267584230000004 2.357333096665206e-06
3.0281096539999997 4.1880503914250105e-06
3.029460886 3.209980320778636e-06
3.030812117 2.2159821873675766e-06
3.032163348 1.6637954117421904e-06
3.03351458 2.066223988312657e-06
3.034865811 4.2377061631026965e-06
3.036217043 5.223417456725801e-06
3.0375682740000003 4.848610080069353e-06
3.038919506 5.122963264790968e-06
3.0402707369999997 2.5399404390065652e-06
3.041621968 4.932946582073023e-06
3.0429732 3.325858900319701e-06
3.044324431 7.854930189319236e-07
3.045675663 4.5140562695011146e-07
3.047026894 1.3308368306233673e-06
3.0483781260000002 3.0650442765406734e-06
3.0497293570000004 3.844960313854406e-06
3.051080589 4.392385524300446e-06
3.05243182 3.359622975861803e-06
3.053783051 2.375585265390276e-06
3.0551342829999997 1.4049380127116279e-06
3.056485514 8.6865797579508e-09
3.057836746 9.418601569622159e-07
3.059187977 4.044016036903773e-06
3.060539209 5.701660790874705e-06
3.06189044 4.004161786066895e-06
3.063241671 2.5614038905220036e-06
3.0645929030000003 1.9791710988600976e-06
3.065944134 6.052809106217821e-07
3.0672953659999997 1.623584940809134e-06
3.068646597 1.3814689200078439e-06
3.069997829 1.6821763585654518e-06
3.07134906 2.3626688863716233e-06
3.072700292 7.877815868991571e-07
3.074051523 1.7277093964942776e-06
3.075402754 3.2372674330557155e-06
3.0767539860000004 2.263962194431007e-06
3.0781052169999996 2.279139579695448e-06
3.079456449 2.5790014516057277e-06
3.08080768 6.267116092185395e-06
3.0821589119999997 8.877669580643401e-06
3.083510143 1.1731782335241496e-05
3.084861374 5.791811624689828e-06
3.086212606 3.425638174870803e-06
3.0875638370000003 7.427065290678271e-06
3.088915069 8.673833188877981e-06
3.0902662999999997 1.1589586821194466e-05
3.0916175320000003 1.3164378439781892e-05
3.092968763 1.3672862162668997e-05
3.0943199949999998 1.8126021953097725e-05
3.095671226 2.0515167811088643e-05
3.097022457 2.5355705470305312e-05
3.098373689 3.142268517312533e-05
3.0997249200000003 4.054255395562674e-05
3.101076152 4.580853818134451e-05
3.102427383 5.5017889800719615e-05
3.103778615 6.523337642890959e-05
3.1051298459999996 7.019784808841813e-05
3.106481078 6.821913648387016e-05
3.107832309 6.126995173554373e-05
3.10918354 5.979249118731971e-05
3.110534772 6.986962513506103e-05
3.111886003 8.852990258922864e-05
3.113237235 9.776706477111954e-05
3.1145884660000003 9.67507737721812e-05
3.115939698 9.087715502266343e-05
3.1172909289999997 8.213325370333648e-05
3.11864216 7.32573640708549e-05
3.119993392 7.192735281939874e-05
3.121344623 7.773798061115862e-05
3.122695855 8.21675209765486e-05
3.124047086 7.726012863823415e-05
3.1253983180000002 6.721585695447338e-05
3.126749549 6.141605978858182e-05
3.128100781 6.663237525646321e-05
3.1294520120000002 8.049377249675494e-05
3.130803243 8.559224838946514e-05
3.1321544749999997 8.228226095922653e-05
3.133505706 8.256548240231367e-05
3.134856938 8.43884070087035e-05
3.136208169 8.896580825009549e-05
3.137559401 9.759018033752554e-05
3.138910632 0.0001065078494489119
3.140261863 0.00010650763972875547
3.1416130950000003 9.584072378352231e-05
3.142964326 8.34873653725007e-05
3.1443155579999997 7.808639380259448e-05
3.145666789 8.041406908669094e-05
3.147018021 8.423200802705095e-05
3.148369252 8.683961373055313e-05
3.149720484 8.151559369893254e-05
3.151071715 6.566000250480512e-05
3.152422946 5.185682972638724e-05
3.153774178 4.1668661021920104e-05
3.155125409 3.554130190198038e-05
3.1564766410000002 3.288758050062137e-05
3.157827872 2.7838296700807684e-05
3.1591791039999997 2.3486623583145422e-05
3.160530335 2.252767307373755e-05
3.161881566 1.7779697037461825e-05
3.163232798 1.2118183384002877e-05
3.1645840290000002 8.802959732378433e-06
3.165935261 6.948380495437435e-06
3.167286492 5.735250771767746e-06
3.1686377240000003 6.398116397964774e-06
3.169988955 6.965699195231087e-06
3.1713401869999998 5.2751528618928734e-06
3.172691418 5.910789986889338e-06
3.174042649 6.175407675337958e-06
3.1753938809999998 2.147678593950087e-06
3.176745112 1.591186449258213e-06
3.178096344 8.64747621330753e-08
3.179447575 2.5751029591357954e-06
3.180798807 4.235091538178419e-06
3.182150038 4.823550934581743e-06
3.1835012700000003 5.10648643688789e-06
3.184852501 5.944007669849289e-06
3.186203732 6.3524551480697626e-06
3.187554964 6.716959373669457e-06
3.188906195 6.28695689742254e-06
3.190257427 4.98196303535136e-06
3.1916086580000003 3.952259038461955e-06
3.19295989 3.85776215614019e-06
3.194311121 3.5379172964692784e-06
3.195662352 3.0523622585534537e-06
3.197013584 5.320698160038838e-06
3.1983648149999997 6.543350554388694e-06
3.199716047 1.7816927887457718e-06
3.201067278 1.5308537597894011e-06
3.2024185099999998 5.469545627779806e-06
3.203769741 7.323680186771516e-06
3.205120973 4.678450076300982e-06
3.206472204 3.5357184907913954e-06
3.207823435 2.4431927239827214e-06
3.209174667 3.1885737319803855e-06
3.2105258979999998 4.153787038983678e-06
3.21187713 3.304886457818232e-06
3.213228361 1.3218059597439614e-06
3.214579593 6.472239850127037e-07
3.215930824 1.0427997212687252e-06
3.217282055 1.694810241070011e-07
3.2186332870000003 3.57862939860544e-08
3.2199845180000004 3.097351590433175e-06
3.22133575 1.9002137941472132e-06
3.222686981 5.717021671622948e-08
3.2240382129999996 5.800882524465047e-07
3.2253894439999997 1.988396901645566e-06
3.226740676 3.2156185835611885e-06
3.228091907 5.082608959745076e-06
3.229443138 6.638749159741073e-06
3.23079437 7.818314019698347e-06
3.232145601 7.824290646365927e-06
3.2334968330000002 8.46966954404769e-06
3.234848064 6.642528326875292e-06
3.2361992959999997 7.1717874832348205e-06
3.237550527 7.11675662674929e-06
3.238901759 6.3532670305461e-06
3.24025299 4.960494225778247e-06
3.2416042210000002 4.1852980170373545e-06
3.242955453 4.699638407200098e-06
3.244306684 7.1932871256880145e-09
3.2456579160000003 8.397302406994271e-09
3.2470091470000004 4.7760634604964175e-08
3.248360379 3.877011867454193e-07
3.24971161 3.898398537400873e-06
3.251062841 3.125778436922823e-06
3.2524140729999997 3.554212998753913e-06
3.253765304 7.962552504946702e-06
3.255116536 1.0167083318831778e-05
3.256467767 6.227204793742654e-06
3.257818999 4.488637043198089e-06
3.25917023 4.794370502547412e-06
3.2605214620000003 4.330645939729959e-06
3.261872693 5.555227053611129e-06
3.263223924 4.357095177540909e-06
3.264575156 3.6353680603550145e-06
3.265926387 5.323361189053863e-06
3.267277619 7.932265065288218e-06
3.2686288500000003 6.392116245371638e-06
3.269980082 2.187348472486389e-06
3.271331313 6.614115134439195e-08
3.272682544 4.826265466414816e-09
3.274033776 4.829082774629361e-09
3.2753850069999997 3.096923901903284e-07
3.276736239 4.195274703165044e-06
3.27808747 7.044151288267576e-06
3.2794387019999998 6.073262781060596e-06
3.280789933 2.6865547836289717e-06
3.282141165 5.301446246741178e-08
3.283492396 3.242031192723193e-07
3.2848436270000003 7.688143630057402e-07
3.286194859 1.621721418484297e-08
3.2875460899999998 4.8603559505456426e-09
3.288897322 4.863858193785375e-09
3.290248553 1.207829274576753e-07
3.291599785 5.514457170391969e-06
3.292951016 3.663973326266357e-06
3.294302247 1.4033493332622148e-06
3.2956534790000003 1.085056603343137e-06
3.29700471 1.4704742413432849e-06
3.298355942 4.557477883410439e-06
3.299707173 8.653511265538205e-06
3.301058405 9.4741588094177e-06
3.3024096359999997 6.670558788203082e-06
3.303760868 3.537963661989971e-06
3.305112099 2.2331652445848073e-08
3.30646333 4.915861970048539e-09
3.307814562 5.97685844738728e-08
3.309165793 7.826445026829171e-08
3.3105170250000002 4.236769218383555e-06
3.3118682560000003 8.7091769749007e-06
3.313219488 7.112729057125286e-06
3.3145707189999998 2.930144522382489e-06
3.315921951 4.6656155518297155e-07
3.317273182 1.8889574735066168e-06
3.318624413 6.511780608029613e-06
3.319975645 8.271642165481461e-06
3.321326876 8.286524444291171e-06
3.322678108 6.459089562429176e-06
3.324029339 3.9167939908752814e-06
3.325380571 2.446339050307013e-06
3.326731802 1.3656975545055846e-06
3.328083033 2.2733958708118436e-07
3.3294342649999997 8.921031407323509e-07
3.330785496 5.161573815591598e-07
3.332136728 4.970519223483149e-09
3.333487959 4.896977582784705e-08
3.334839191 3.7576130436465633e-06
3.336190422 4.412437414972031e-06
3.3375416540000002 7.217679697738941e-07
3.3388928850000004 1.6615061768264569e-06
3.340244116 2.0800200834455005e-06
3.341595348 1.070836037272797e-06
3.342946579 2.7656576030122643e-06
3.344297811 3.625615097935313e-06
3.345649042 5.735026736976885e-06
3.347000274 9.752902516247137e-06
3.348351505 6.909201989124267e-06
3.3497027360000002 6.126778253280799e-06
3.351053968 6.641453512808269e-06
3.3524051989999997 4.506892631496616e-06
3.353756431 1.4286854145491202e-06
3.355107662 6.088985218273274e-08
3.3564588939999997 2.0724816568882736e-07
3.357810125 2.444880872956276e-06
3.359161357 6.188079100373142e-06
3.360512588 9.550120030115237e-06
3.3618638190000003 1.057934245564014e-05
3.363215051 8.802825466273423e-06
3.3645662819999997 4.844985081696179e-06
3.3659175140000004 2.0378866561017963e-06
3.367268745 1.1245753047672145e-06
3.368619977 2.004397817206377e-07
3.369971208 2.075259645993908e-06
3.371322439 4.433873898750316e-06
3.372673671 5.807586601369703e-06
3.374024902 6.033708451487189e-06
3.375376134 5.8881543773103315e-06
3.3767273650000003 4.203945407009962e-07
3.378078597 2.046724307254568e-07
3.3794298279999997 1.1604268123737071e-06
3.38078106 1.9827796965337137e-06
3.382132291 3.767083800555343e-06
3.383483522 6.323207159338202e-06
3.384834754 6.5285239269247855e-06
3.386185985 2.6346876910521563e-06
3.387537217 1.3363107124402688e-06
3.3888884480000003 2.756533595186183e-06
3.39023968 7.2997108009079e-08
3.3915909109999998 5.007782838286614e-09
3.3929421430000004 5.003910091022143e-09
3.3942933739999996 4.99998316842436e-09
3.3956446049999998 4.9960101291859715e-09
3.396995837 9.450552568574567e-08
3.398347068 1.97065020645049e-06
3.3996983 1.616966533864976e-06
3.401049531 3.157264648896366e-07
3.402400763 4.97432652281472e-09
3.4037519940000003 4.969450321607294e-09
3.405103225 4.9645429733926305e-09
3.4064544569999997 4.95960502022209e-09
3.407805688 4.954642465823633e-09
3.40915692 3.7134793074126545e-08
3.410508151 2.0327788152018803e-06
3.411859383 1.7055159749165224e-06
3.413210614 6.504067657503405e-08
3.4145618460000002 1.4910601799697552e-06
3.4159130770000004 1.916201161684889e-06
3.4172643079999996 6.256886757764426e-07
3.41861554 1.957610596693597e-06
3.419966771 2.349809311164178e-06
3.4213180029999997 7.492897950227355e-07
3.422669234 1.2001357818857687e-06
3.424020466 1.3893209957566636e-06
3.425371697 7.330391181365595e-09
3.4267229280000002 1.8530840957154293e-06
3.42807416 2.0890231017650724e-06
3.429425391 1.8849366883035335e-06
3.4307766230000003 4.757699792041283e-06
3.432127854 3.441063516863641e-06
3.4334790859999997 4.795276563898979e-06
3.434830317 2.497047992417588e-06
3.436181549 8.886103944642455e-07
3.43753278 8.156197690411188e-07
3.4388840110000003 1.0891037946557476e-06
3.440235243 6.71506713738946e-07
3.441586474 6.678821664147042e-09
3.4429377060000004 9.521832471933791e-07
3.4442889369999996 2.6926076099657885e-06
3.445640169 2.4652771684003583e-06
3.4469914 1.8263583388353912e-06
3.448342631 7.556739921062682e-07
3.449693863 1.915631039770297e-06
3.451045094 2.9674508270123535e-06
3.452396326 1.8400847958049705e-06
3.4537475570000002 3.761481073493211e-07
3.455098789 1.5681051161972248e-07
3.45645002 2.452896214138455e-06
3.4578012520000003 7.043339350327894e-06
3.459152483 1.2643757638510202e-05
3.460503714 9.907987889642848e-06
3.461854946 5.028360006512752e-06
3.463206177 4.442623024702549e-06
3.464557409 5.328026902562272e-06
3.4659086400000003 4.535682925764526e-06
3.467259872 2.6990160301585915e-06
3.468611103 3.6658566399390778e-06
3.469962335 4.126151266826263e-06
3.4713135659999996 1.3579927280915302e-06
3.4726647969999997 6.542035174185697e-09
3.474016029 5.064773978467188e-07
3.47536726 3.4881392318688972e-06
3.476718492 4.256941970347614e-06
3.478069723 2.7646878252402395e-06
3.479420955 1.004656019570693e-06
3.4807721860000003 7.353789843548543e-07
3.482123417 1.0992316579853995e-06
3.483474649 1.6496280371848167e-06
3.48482588 4.3918036093969416e-06
3.486177112 6.347425101814226e-06
3.487528343 7.160150754688483e-06
3.488879575 8.597152460250563e-06
3.490230806 9.240179080964192e-06
3.491582038 1.2756664172295683e-05
3.492933269 1.8702693665050098e-05
3.4942845 2.4393251487914893e-05
3.495635732 3.0169699681559654e-05
3.496986963 3.436369714194769e-05
3.4983381949999997 3.804383307483209e-05
3.4996894259999998 4.3640874784115326e-05
3.501040658 4.9679433104633744e-05
3.502391889 5.406057031472866e-05
3.50374312 5.349800068291153e-05
3.505094352 4.986081850491291e-05
3.506445583 4.758568830243774e-05
3.5077968150000003 4.7245782614686055e-05
3.509148046 5.150422518693726e-05
3.5104992779999997 5.7935906548408485e-05
3.511850509 6.213545375584002e-05
3.513201741 6.132782794614519e-05
3.514552972 5.326114186436726e-05
3.515904203 4.6467360810341166e-05
3.517255435 4.61348340189853e-05
3.518606666 4.41482806983329e-05
3.519957898 3.882413440693891e-05
3.521309129 3.228023064543787e-05
3.5226603610000002 2.4738458913239647e-05
3.524011592 1.8240814206103518e-05
3.5253628239999997 1.41648869583075e-05
3.526714055 1.4703116647858142e-05
3.528065286 1.561218953451704e-05
3.529416518 1.4968862416989495e-05
3.5307677490000002 1.687545649972838e-05
3.532118981 1.7750210795941596e-05
3.533470212 1.420821301910536e-05
3.5348214440000003 6.283692072765913e-06
3.536172675 1.6671170085174956e-06
3.537523906 7.845831771879967e-07
3.538875138 3.482513593226144e-06
3.540226369 7.944385786362495e-06
3.5415776009999997 1.3471006378858655e-05
3.542928832 1.6542337890631587e-05
3.544280064 1.5754649433422125e-05
3.545631295 1.2477455227432049e-05
3.546982527 9.386672650080615e-06
3.548333758 7.296360718787275e-06
3.5496849889999997 3.5328623212788e-06
3.551036221 3.686272925742212e-06
3.552387452 5.029726640332855e-06
3.553738684 5.235315800556528e-06
3.555089915 8.173845564109815e-06
3.556441147 1.2537380457103822e-05
3.5577923780000003 9.763003117971835e-06
3.5591436090000004 6.15698738576281e-06
3.560494841 5.2930896542299535e-06
3.561846072 7.223008758027378e-06
3.563197304 1.0170048949826415e-05
3.5645485349999997 8.69437029591191e-06
3.565899767 6.470287748333683e-06
3.567250998 5.732720828130327e-06
3.5686022299999998 5.945499310566104e-06
3.569953461 5.345990065207996e-06
3.571304692 7.526067214378046e-06
3.572655924 8.473069682547764e-06
3.574007155 1.0686496084298038e-05
3.575358387 9.788192035164851e-06
3.5767096179999998 6.124849351155251e-06
3.57806085 3.098614061156236e-06
3.579412081 2.1012910460041695e-06
3.580763312 1.3851069718484637e-06
3.582114544 2.7787429249975342e-06
3.583465775 3.3362386820554e-06
3.5848170070000003 4.233083633149721e-06
3.5861682380000004 6.201894937927234e-06
3.58751947 8.974169177326977e-06
3.588870701 6.91336396029377e-06
3.5902219329999996 5.2914233360071445e-06
3.5915731639999997 4.598594613546516e-06
3.592924395 3.1980361935704094e-06
3.594275627 4.500428500625961e-06
3.595626858 5.93933706348899e-06
3.59697809 3.766341456585356e-06
3.598329321 1.6388728626133979e-06
3.5996805530000002 2.3361617492985874e-06
3.601031784 3.4628309640495017e-06
3.602383016 5.206163727016228e-06
3.603734247 7.894275238447591e-06
3.605085478 1.0979844422912464e-05
3.60643671 1.3446338760051059e-05
3.607787941 1.118196775596362e-05
3.609139173 8.227346516228506e-06
3.610490404 9.880004739273624e-06
3.6118416360000003 1.2689020824280443e-05
3.6131928670000004 1.0536931278875395e-05
3.6145440979999997 5.4453091020950045e-06
3.61589533 4.328785206778394e-06
3.617246561 7.78210585126298e-06
3.6185977929999997 5.080886724082504e-06
3.619949024 3.6366904570909182e-06
3.621300256 3.2042562073338572e-06
3.622651487 3.7614290125138846e-06
3.624002719 6.952060517353357e-06
3.62535395 9.862104896010597e-06
3.6267051809999997 1.3072463790205438e-05
3.628056413 1.6029748185795916e-05
3.629407644 1.5518810811915766e-05
3.630758876 1.2795321200348447e-05
3.632110107 1.2086805934913308e-05
3.633461339 1.2628527886249024e-05
3.6348125700000002 1.2322133829313335e-05
3.6361638010000004 1.0487167505712856e-05
3.637515033 9.025134555923145e-06
3.638866264 8.093855741496299e-06
3.640217496 6.673577840454643e-06
3.6415687269999997 5.5951650256844466e-06
3.642919959 5.8040738285168235e-06
3.64427119 7.457328949091929e-06
3.6456224219999998 9.482336364206733e-06
3.646973653 1.120382044040618e-05
3.648324884 1.1800766207048557e-05
3.649676116 1.091757812214268e-05
3.6510273470000003 9.207504331581554e-06
3.652378579 5.454300407195779e-06
3.6537298099999997 7.138496477350487e-06
3.655081042 1.2839950275558436e-05
3.656432273 1.498014214313859e-05
3.657783504 1.5218717730502613e-05
3.659134736 1.6324324378176617e-05
3.660485967 1.727384569448507e-05
3.6618371990000003 1.8332024964655113e-05
3.66318843 1.9309979600707336e-05
3.664539662 1.9952921360612623e-05
3.665890893 2.0861687340770484e-05
3.667242125 2.140728807939695e-05
3.6685933559999997 2.257719092107909e-05
3.669944587 2.4342873047857907e-05
3.671295819 2.4497040122232095e-05
3.67264705 2.5836474009492835e-05
3.673998282 2.9801974469662875e-05
3.675349513 3.292525990250826e-05
3.676700745 3.4684111070923e-05
3.6780519760000003 3.711586506771472e-05
3.679403208 3.872872867731394e-05
3.6807544389999998 3.862867663594628e-05
3.68210567 3.8348620164204725e-05
3.683456902 3.8604440278026315e-05
3.684808133 3.930359975341383e-05
3.686159365 3.915728501709208e-05
3.687510596 3.7602178473114166e-05
3.688861828 3.7809526695083926e-05
3.690213059 4.2191589598325935e-05
3.6915642899999996 4.6846666759290715e-05
3.692915522 4.626824336311036e-05
3.694266753 4.201233565082465e-05
3.6956179849999997 3.9540679848513956e-05
3.696969216 4.09052088175988e-05
3.698320448 4.445094979316014e-05
3.699671679 4.76043094009983e-05
3.701022911 4.834441203076867e-05
3.702374142 4.755390976306448e-05
3.703725373 4.680589547122277e-05
3.7050766050000004 4.564470372912992e-05
3.706427836 4.4663751847726224e-05
3.707779068 4.455713566067601e-05
3.709130299 4.3984135420755716e-05
3.710481531 4.259092006419043e-05
3.711832762 4.0978227175497496e-05
3.713183993 3.97378165455656e-05
3.714535225 4.051980203377389e-05
3.7158864560000002 4.3517891682973305e-05
3.717237688 4.588512342285736e-05
3.7185889189999997 4.5708487164250214e-05
3.719940151 4.2695299931495456e-05
3.721291382 3.806659138555627e-05
3.7226426139999997 3.502658289122032e-05
3.723993845 3.452698262144611e-05
3.725345076 3.505935207867035e-05
3.726696308 3.468699576492067e-05
3.7280475390000003 3.194140499496867e-05
3.729398771 2.827614378376824e-05
3.730750002 2.631161024831015e-05
3.7321012340000004 2.5186560140242006e-05
3.733452465 2.4089117777195775e-05
3.7348036959999997 2.374817279941812e-05
3.736154928 2.2867980486209747e-05
3.737506159 2.1380075872095528e-05
3.738857391 2.107893049939247e-05
3.740208622 2.0124431402866337e-05
3.741559854 1.7492800005839638e-05
3.7429110850000002 1.5695730564096643e-05
3.744262317 1.5293042023222258e-05
3.7456135479999997 1.4938962404509776e-05
3.746964779 1.3661549723992803e-05
3.748316011 1.2187723513860457e-05
3.749667242 1.2285638447337033e-05
3.751018474 1.3962596004654786e-05
3.752369705 1.3870375651822372e-05
3.753720937 1.1893530128054315e-05
3.7550721680000003 1.0516981299219356e-05
3.7564234 9.961625724568542e-06
3.757774631 1.0505777336189827e-05
3.759125862 1.1574773734652032e-05
3.7604770939999996 1.1994161477461137e-05
3.7618283249999998 1.127220039278189e-05
3.763179557 1.0456105676265872e-05
3.764530788 1.0783375127495913e-05
3.76588202 1.1765203433798734e-05
3.767233251 1.1203314524357784e-05
3.768584482 8.709091966705065e-06
3.7699357140000003 7.544849861002908e-06
3.771286945 7.941194633104705e-06
3.7726381769999997 9.29459083590688e-06
3.773989408 1.0799094397969231e-05
3.77534064 1.1508114055376408e-05
3.776691871 7.678466723472283e-06
3.778043103 5.13475279271104e-06
3.779394334 4.810870748571589e-06
3.780745565 8.331975934006296e-06
3.7820967970000003 1.0336620301867399e-05
3.7834480279999996 1.171552385916726e-05
3.7847992599999998 1.0996422877706133e-05
3.786150491 5.266544685173846e-06
3.7875017229999997 2.1614935037499594e-06
3.7888529539999998 4.224025819637165e-07
3.790204185 1.4651761259435512e-07
3.791555417 1.918860691486211e-06
3.792906648 6.09807643166026e-06
3.79425788 9.992993906181998e-06
3.795609111 1.018269834373586e-05
3.7969603430000003 9.55550578372455e-06
3.798311574 8.829410375487172e-06
3.7996628059999997 9.626366633179607e-06
3.801014037 1.0214772055732599e-05
3.802365268 9.125534504278037e-06
3.8037165 7.5184082588678725e-06
3.8050677310000003 5.7158962459706595e-06
3.806418963 5.179606569487433e-06
3.807770194 6.5514323351583195e-06
3.8091214260000004 1.0965337925454918e-05
3.8104726569999996 1.625560310204635e-05
3.811823889 1.719706837540377e-05
3.81317512 1.4421119981030929e-05
3.814526351 9.609216772974095e-06
3.815877583 5.0533121805609324e-06
3.817228814 2.432753080032603e-06
3.818580046 2.207795544109051e-06
3.8199312770000002 2.9282501572046604e-06
3.821282509 3.823641563773869e-06
3.82263374 5.478746357600482e-06
3.823984971 7.284110129981983e-06
3.825336203 7.185926199456284e-06
3.826687434 8.072002808731563e-06
3.828038666 8.635223812342407e-06
3.829389897 9.91796903789461e-06
3.830741129 1.0547634885220332e-05
3.8320923600000003 1.130511995216935e-05
3.833443592 1.2340139969846637e-05
3.834794823 1.2976138909238207e-05
3.836146054 1.1591226300329465e-05
3.8374972859999996 1.1086498019849567e-05
3.8388485169999997 1.2620511426210806e-05
3.840199749 1.1690859679699501e-05
3.84155098 9.07038850594182e-06
3.842902212 8.83242994522597e-06
3.844253443 1.0175571214536902e-05
3.845604674 9.589688599433092e-06
3.8469559060000003 8.092102405416078e-06
3.848307137 7.806518419873542e-06
3.849658369 8.269318283790879e-06
3.8510096 9.05701158755602e-06
3.852360832 9.396990204226072e-06
3.853712063 8.833907415388502e-06
3.855063295 8.547550411310916e-06
3.856414526 9.014656236042624e-06
3.857765757 9.175164407467145e-06
3.859116989 1.011546041699105e-05
3.86046822 1.2397677565920781e-05
3.861819452 1.3537385230173467e-05
3.863170683 1.4204872334273647e-05
3.8645219149999996 1.5016938525485946e-05
3.8658731459999998 1.2775985774888656e-05
3.867224377 9.071992531244355e-06
3.868575609 8.196482321831846e-06
3.86992684 8.326763331279283e-06
3.871278072 7.476482547847051e-06
3.872629303 7.604426318901186e-06
3.8739805350000003 9.629466451217678e-06
3.875331766 1.105946922082021e-05
3.876682998 1.1123170700549165e-05
3.878034229 1.2144230491362878e-05
3.87938546 1.4400044718100909e-05
3.880736692 1.354606152740326e-05
3.882087923 9.678553046891641e-06
3.883439155 4.8662797572982365e-06
3.884790386 3.3555459886860084e-06
3.886141618 3.787238645880335e-06
3.887492849 7.454857375882918e-06
3.8888440810000002 9.10623785707014e-06
3.890195312 8.81183793657091e-06
3.891546543 7.2102091365779375e-06
3.892897775 4.773714704325336e-06
3.894249006 3.8118437639934834e-06
3.895600238 4.475517408137283e-06
3.8969514690000002 5.581714513529546e-06
3.898302701 6.529109869817139e-06
3.899653932 1.0220907718293875e-05
3.9010051629999998 1.4459139650499901e-05
3.902356395 1.5301540576393647e-05
3.903707626 1.4569729783428877e-05
3.905058858 1.468585874772242e-05
3.906410089 1.4940265094430707e-05
3.9077613209999997 1.252738805542861e-05
3.909112552 1.0639210661847552e-05
3.910463784 1.1042848994851521e-05
3.911815015 1.36820291840961e-05
3.913166246 1.3731542596085168e-05
3.914517478 1.1607726563878788e-05
3.9158687089999997 7.781747669869912e-06
3.917219941 5.69356520422275e-06
3.918571172 7.806490968686335e-06
3.919922404 1.1419652105972567e-05
3.921273635 1.3284973117205684e-05
3.922624866 1.3200568763664774e-05
3.9239760980000002 1.176369917627999e-05
3.9253273290000004 9.12378284159004e-06
3.926678561 7.262228071805939e-06
3.928029792 6.777313315409398e-06
3.929381024 5.4937081272167294e-06
3.9307322549999997 2.7277905562392762e-06
3.932083487 1.8778163519754573e-06
3.933434718 2.2155351713506755e-06
3.934785949 3.4654851515625685e-06
3.936137181 3.649819835195393e-06
3.937488412 4.4922549070062055e-06
3.938839644 6.088036974749941e-06
3.940190875 7.317862577797897e-06
3.941542107 8.02429755129628e-06
3.9428933379999997 6.234864175412874e-06
3.944244569 4.673069968027087e-06
3.945595801 4.055132601970828e-06
3.946947032 4.9231134778610615e-06
3.948298264 5.712419361312743e-06
3.949649495 6.125671081170869e-06
3.9510007270000003 7.69576241291509e-06
3.9523519580000004 8.774841547391329e-06
3.95370319 5.942462241419274e-06
3.955054421 3.3559180015079393e-06
3.956405652 2.8563220554164947e-06
3.9577568839999997 4.825959827846377e-06
3.959108115 5.153168144357794e-06
3.960459347 3.78653720894552e-06
3.961810578 3.3091359609319613e-06
3.96316181 3.7629553222877766e-06
3.964513041 3.0073344987482778e-06
3.965864273 4.297772105870083e-06
3.967215504 5.640669199313005e-06
3.968566735 7.191673107432607e-06
3.9699179669999998 1.0396882743245349e-05
3.971269198 1.0346944554785585e-05
3.97262043 7.036423204452419e-06
3.973971661 8.437667557763922e-06
3.975322893 1.5220855896562218e-05
3.976674124 2.292124729275814e-05
3.978025355 2.7832793613496812e-05
3.9793765870000004 3.063779721402287e-05
3.9807278179999996 3.2168551627271186e-05
3.98207905 3.14588309023244e-05
3.983430281 2.8803339252861496e-05
3.9847815129999997 2.4185727519263453e-05
3.986132744 1.9037138522595407e-05
3.987483976 1.568828003849792e-05
3.988835207 1.3307235144587089e-05
3.9901864380000003 1.136393913747788e-05
3.99153767 1.0702297855905894e-05
3.9928889009999997 1.0348500123350385e-05
3.994240133 1.1023571356180361e-05
3.995591364 8.50684533323204e-06
3.996942596 6.0505002854411085e-06
3.998293827 3.2999797236158793e-06
3.999645058 3.841180801193139e-06
4.00099629 5.154006879199918e-06
4.002347521 6.147805576271889e-06
4.003698753 8.501284646450532e-06
4.005049984 8.257323453868764e-06
4.006401216 5.079938641567036e-06
4.007752447 4.233140613367746e-06
4.009103679 5.939019166890855e-06
4.01045491 6.521337999422279e-06
4.011806141 6.524974948094043e-06
4.013157373 7.154624152397708e-06
4.014508604 8.017467978021003e-06
4.015859836 6.827852215323384e-06
4.017211067 4.641976422831389e-06
4.018562299 4.289269468661185e-06
4.01991353 4.8832745330147275e-06
4.021264761 5.363131226934069e-06
4.022615993 5.1592194543389006e-06
4.023967224 4.864336302810273e-06
4.025318456 5.2132484644765026e-06
4.026669687 6.383133527428289e-06
4.028020919 7.2088455678137904e-06
4.02937215 6.84579086857176e-06
4.030723382 5.636384496606569e-06
4.032074613 3.936591659131297e-06
4.033425844 5.73534621660502e-07
4.034777076 1.1488603836680156e-07
4.036128307 6.026502383803957e-09
4.037479539 1.739162351400031e-07
4.03883077 5.260528052726272e-07
4.040182002 3.901515484047675e-06
4.041533233 4.381396978639584e-06
4.042884465 4.695404621757875e-06
4.044235696 5.194637246986854e-06
4.0455869269999996 4.864134480624081e-06
4.046938159 4.436633998734593e-06
4.04828939 4.182289928014398e-06
4.049640622 3.307528670554504e-06
4.050991853 1.8877719259424932e-06
4.052343085 2.7518077612588594e-06
4.053694316 3.9274731176938384e-06
4.055045547 2.9607672465363286e-06
4.056396779 1.61132779264089e-06
4.05774801 2.043956132047301e-06
4.059099241999999 3.4982713932643915e-06
4.0604504729999995 5.05491383624263e-06
4.061801705 5.546341190096843e-06
4.063152936 5.40050906349679e-06
4.064504168 5.264072705475945e-06
4.065855399 5.429108173141583e-06
4.06720663 5.820307593769546e-06
4.0685578620000005 6.211849823151881e-06
4.069909093000001 6.574701312425831e-06
4.071260325 7.200980314136199e-06
4.072611556 8.359763326326608e-06
4.073962788 8.966116300932396e-06
4.075314019 9.079099237925004e-06
4.07666525 9.376458598017727e-06
4.078016482 9.907985758664896e-06
4.079367713 1.0188795454410538e-05
4.080718945 9.680291613040324e-06
4.082070176 9.210028627890385e-06
4.083421408 9.24738445098113e-06
4.084772639 9.331108065270136e-06
4.086123871 9.22906701656881e-06
4.087475102 8.896103182491227e-06
4.088826333 8.462764120597864e-06
4.090177565 8.44634335476845e-06
4.091528796 9.318940010489859e-06
4.092880028 1.0367285376416003e-05
4.094231259 1.1077249871613756e-05
4.095582491 1.1029885039375975e-05
4.096933722 1.028225256994054e-05
4.098284953 9.1160631961041e-06
4.0996361850000005 8.292861107434266e-06
4.100987416 7.729762908640731e-06
4.102338648 6.808114633191605e-06
4.103689878999999 5.58515797740467e-06
4.105041110999999 4.744117324298841e-06
4.106392342 6.084632424191183e-06
4.107743574 7.873551847782225e-06
4.109094805 8.449425335318969e-06
4.110446036 7.792796816788675e-06
4.111797268 6.967404113914419e-06
4.113148499 6.9489673933451774e-06
4.1144997309999995 7.688967810448251e-06
4.115850962000001 8.328152147427699e-06
4.117202194000001 8.816114259256709e-06
4.118553425 9.077716507069874e-06
4.119904657 8.835335316521297e-06
4.121255887999999 7.616209513046151e-06
4.122607119 5.436242620148234e-06
4.123958351000001 4.50933880609357e-06
4.125309582 4.579914498935636e-06
4.126660814 4.771080776302487e-06
4.128012045 3.945673081295751e-06
4.129363277 2.261769706468133e-06
4.130714508 1.1101666377940447e-06
4.132065739 1.1770051978176615e-06
4.133416971 2.1994867162684336e-06
4.134768202 4.6808117777320575e-06
4.136119434 6.9353869459744395e-06
4.1374706649999995 6.662716279421841e-06
4.138821897 5.7117039472171885e-06
4.140173128000001 5.516953948431477e-06
4.14152436 5.7833775406976644e-06
4.142875591 5.925199272950721e-06
4.144226821999999 5.894848813607958e-06
4.145578054 6.493949088561301e-06
4.146929285000001 6.3596798227930585e-06
4.148280517 5.618622343090669e-06
4.149631748 5.150248026509076e-06
4.15098298 6.2563686740088265e-06
4.152334211 7.588659794598679e-06
4.153685442 7.5298070649809045e-06
4.155036674 6.8524496091788515e-06
4.156387905 5.9767182146288365e-06
4.157739136999999 4.96447016541317e-06
4.159090368 3.5393457143117638e-06
4.1604416 3.1628771370193367e-06
4.161792831 3.458575031150865e-06
4.163144063 3.902696150988546e-06
4.164495294 3.992857609274986e-06
4.165846525 4.233471637056621e-06
4.167197757 4.93753323141302e-06
4.1685489879999995 5.3643459845543386e-06
4.169900220000001 5.4350939345485445e-06
4.171251451 5.375049720864495e-06
4.172602683 5.694615804554869e-06
4.173953914 6.939820660443928e-06
4.1753051459999995 8.828315374399922e-06
4.1766563770000005 1.0756225609972998e-05
4.178007608 1.1836832370347403e-05
4.17935884 1.149865306182518e-05
4.180710071 1.1092140004649385e-05
4.182061303 1.1891618362931567e-05
4.183412534 1.3588400901614871e-05
4.184763766 1.5532336424485814e-05
4.186114997 1.6276573573429114e-05
4.187466228 1.4605339584953998e-05
4.18881746 1.2772407943055308e-05
4.190168691 1.1713372010589611e-05
4.1915199229999995 1.1397680529600704e-05
4.1928711540000005 1.0990376002851174e-05
4.194222386000001 9.85715749204287e-06
4.195573617 9.208691835323204e-06
4.196924849 8.660440522485933e-06
4.198276079999999 7.79823469002152e-06
4.199627311 6.220206832366383e-06
4.200978543 6.093531459175626e-06
4.202329774 7.461308041138706e-06
4.203681006 9.499261313947253e-06
4.205032237 1.083760133741927e-05
4.206383469 1.0757972057664939e-05
4.2077347 1.085462492639981e-05
4.209085931 1.1155194987199624e-05
4.210437163 1.1135915017662074e-05
4.211788394 1.0390589350344396e-05
4.213139626 9.570660584949654e-06
4.2144908569999995 1.0467390017140943e-05
4.215842089 1.1714420568979279e-05
4.217193320000001 1.1974379163582736e-05
4.218544552 1.007962743551066e-05
4.219895783 7.977158670636954e-06
4.221247013999999 8.981340588484925e-06
4.2225982459999996 1.1660904814889099e-05
4.223949477 1.4966796172251601e-05
4.225300709 1.6351186790611817e-05
4.22665194 1.599866905651083e-05
4.228003171999999 1.4982704058199263e-05
4.229354403 1.3580755923102763e-05
4.2307056339999995 1.2137066583056316e-05
4.232056866 1.1526108585667321e-05
4.233408097000001 1.1962842668066976e-05
4.234759329 1.2758993237167423e-05
4.23611056 1.3572779664458181e-05
4.237461792 1.4051549700506e-05
4.238813023 1.3894165657257788e-05
4.240164255 1.3816429548501967e-05
4.241515486 1.3812465458876069e-05
4.242866717 1.3629782965109718e-05
4.244217949 1.2109281959368028e-05
4.24556918 9.876165404403165e-06
4.246920412000001 9.170675063214723e-06
4.248271643 1.0070725577522371e-05
4.249622875 1.2841753815952914e-05
4.250974105999999 1.4623696311438459e-05
4.2523253379999995 1.4650931728298439e-05
4.2536765690000005 1.3148486476014405e-05
4.2550278 1.0972478488713011e-05
4.256379032 9.614009981393805e-06
4.257730263 1.0052835102209466e-05
4.259081495 1.0578380778244118e-05
4.260432726 1.0406968841627123e-05
4.261783958 8.979348559418214e-06
4.263135189 8.548544706335698e-06
4.26448642 9.463358788176063e-06
4.265837652 1.115413853521218e-05
4.267188883 1.2710114778224716e-05
4.2685401149999995 1.2658991967580502e-05
4.2698913460000005 1.1112348736748087e-05
4.271242578000001 9.122857859209548e-06
4.272593809 7.625409997920551e-06
4.273945041 8.322521173178466e-06
4.275296271999999 1.0508821001824706e-05
4.276647503 1.3225688415336204e-05
4.277998735 1.6488316868631535e-05
4.279349966 1.561217593692167e-05
4.280701198 1.3591089690082151e-05
4.282052429 1.2926831516733667e-05
4.283403661 1.2864597343398348e-05
4.284754892 1.2977121479059225e-05
4.286106123 1.2750480572897413e-05
4.287457355 1.2538389515090313e-05
4.288808586 1.2754982931268859e-05
4.290159818 1.3667333104603508e-05
4.2915110489999995 1.4410567656112163e-05
4.292862281 1.4075378892670153e-05
4.294213512000001 1.339385490845786e-05
4.295564744 1.2766100664956076e-05
4.296915975 1.2663851352997376e-05
4.298267206 1.2656739103444162e-05
4.299618438 1.2864712916004458e-05
4.300969669 1.3232754578025016e-05
4.302320901 1.3639109048183167e-05
4.303672132 1.3059503672208472e-05
4.305023363999999 1.2016762698817299e-05
4.306374595 1.1219467011409808e-05
4.3077258259999995 1.020002685938804e-05
4.309077058 8.390275605377595e-06
4.310428289000001 8.807476458597579e-06
4.311779521 8.166997403414657e-06
4.313130752 6.831288909010749e-06
4.314481984 4.0182373186045104e-06
4.315833215 2.549732503996091e-06
4.317184447 1.1847128928383412e-06
4.318535678 3.307873782017848e-07
4.319886909 1.9310600739771652e-07
4.321238141 3.8598184389484974e-07
4.322589372 1.3287425567979083e-06
4.323940604000001 1.8711619481497048e-06
4.325291835 2.1956566535949964e-06
4.326643067 2.988436701272921e-06
4.327994297999999 4.33557045903262e-06
4.329345529999999 5.313703059985572e-06
4.3306967610000004 4.622743118893477e-06
4.332047992 3.7467451913492145e-06
4.333399224 3.2148895616573285e-06
4.334750455 4.552512079537521e-06
4.336101687 8.00298343883964e-06
4.337452918 1.113806217158033e-05
4.33880415 1.2822928934035422e-05
4.340155381 1.2091687093627982e-05
4.341506612 1.0814144899388364e-05
4.342857844 1.1066727865150883e-05
4.344209075 1.3045575111593998e-05
4.3455603069999995 1.5493752736636273e-05
4.3469115380000005 1.6539627702913456e-05
4.34826277 1.7422742217021723e-05
4.349614001 1.8682589489757665e-05
4.350965233 1.957370808047304e-05
4.352316464 1.9940332847617448e-05
4.353667695 2.0829988156809366e-05
4.355018927 2.2989994881282354e-05
4.356370158 2.512850773637573e-05
4.35772139 2.6394616268704702e-05
4.359072621 2.779578203662805e-05
4.360423853 2.9928263331776637e-05
4.361775084 3.0438633508745058e-05
4.363126315000001 2.992556445448484e-05
4.364477547000001 3.112632914666992e-05
4.365828778 3.3163200810365936e-05
4.36718001 3.5754690504078554e-05
4.3685312409999995 3.7999132815880974e-05
4.369882473 4.0221127123591906e-05
4.371233704 4.4265885056783284e-05
4.372584936 4.871347493469226e-05
4.373936167 5.217225404922551e-05
4.375287398 5.4051369085718986e-05
4.37663863 5.519749420951421e-05
4.377989861 5.794731690981457e-05
4.379341093 6.260513324300451e-05
4.380692324 6.972390175790824e-05
4.382043555999999 7.681785878364548e-05
4.383394787 8.181127231092678e-05
4.3847460179999995 8.543955561103944e-05
4.38609725 8.911956715210028e-05
4.387448481000001 9.598083372310348e-05
4.388799713 0.00010317020619740723
4.390150944 0.00010996583775641495
4.391502176 0.00011472951318203466
4.392853407 0.00012058037366315998
4.394204639 0.00012760407119654307
4.39555587 0.00013616400463122995
4.396907101 0.00014428748375529832
4.398258332999999 0.000152458937326329
4.399609564 0.00016117072317423307
4.400960796000001 0.0001715893007025972
4.402312027 0.00018289538545327545
4.403663259 0.00019401144120261937
4.405014489999999 0.00020478848796519464
4.406365721999999 0.00021688468874518668
4.407716953 0.00022998557711213785
4.409068184 0.00024322036576570155
4.410419416 0.0002552526733919694
4.411770647 0.0002674472681020721
4.413121879 0.0002817137238949305
4.41447311 0.00029845482795084663
4.415824342 0.00031696512673008237
4.417175573000001 0.0003385387322158143
4.418526804 0.0003627577280098563
4.419878036 0.00038969962446784297
4.421229266999999 0.00041522681322328264
4.4225804989999995 0.0004411238217194257
4.4239317300000005 0.0004676849208631411
4.425282962 0.0004955348536184242
4.426634193 0.0005240160895634469
4.427985425 0.0005549185489825394
4.429336656 0.0005893346154535064
4.430687887 0.0006295387670446924
4.432039119 0.0006720002281800473
4.43339035 0.0007169905280249226
4.434741582 0.0007650473926419193
4.436092813 0.0008171221794789916
4.437444045 0.0008731750443342453
4.438795276 0.0009334272412666528
4.440146507000001 0.0010013931817929738
4.441497739000001 0.0010748340995982981
4.44284897 0.0011532785489975074
4.444200202 0.001233550155091176
4.445551432999999 0.0013184632055007668
4.446902665 0.0014101801260885175
4.448253896 0.0015108237515000678
4.449605128 0.0016232961319891685
4.450956359 0.0017457189239108819
4.45230759 0.0018783768015462703
4.453658822 0.002019242471859561
4.455010053 0.002171448336625381
4.456361285 0.002337106268950356
4.457712516 0.0025199567793468456
4.459063747999999 0.0027193847044591755
4.460414979 0.002936586194133495
4.4617662110000005 0.003173466668370001
4.463117442 0.003436584957636521
4.464468673000001 0.0037226199201930584
4.465819905 0.004033896344213131
4.467171136 0.004374515296386628
4.468522368 0.004751201906431678
4.469873599 0.005164504529685986
4.471224831000001 0.00561738017812776
4.472576062 0.006116754981480594
4.473927293 0.006668272721080739
4.475278524999999 0.0072783888387708265
4.476629756 0.007960396607760024
4.4779809880000006 0.00870954588307022
4.479332219 0.009532092814232375
4.480683451 0.01044655282011679
4.482034682 0.011461529177589868
4.483385914 0.012585712198205028
4.484737145 0.013846176023695101
4.486088376 0.015248478045785859
4.487439608 0.016801653185550304
4.488790839 0.01852751424678883
4.490142071 0.02045963689758426
4.491493302 0.022613307255055014
4.492844534 0.02501471926410071
4.494195765000001 0.02770273332158934
4.495546996 0.030704598425857006
4.496898228 0.03405485692562532
4.498249458999999 0.03780711553861325
4.4996006909999995 0.04200537365380949
4.5009519220000005 0.04669025660397412
4.502303154 0.051921281559943556
4.503654385 0.05776373112529075
4.505005617 0.06426250257096222
4.506356848 0.07148725492658374
4.507708079 0.07948731795676463
4.509059311 0.08833239588804959
4.510410542 0.09809777294931199
4.511761774 0.10876748186067337
4.513113005 0.1203963649216829
4.514464237 0.13306090637210355
4.5158154679999996 0.14666913923377464
4.517166699000001 0.16111987365828748
4.518517931 0.17650938583574907
4.519869162 0.19263122332004384
4.521220394 0.20911152091197296
4.522571624999999 0.22613079868249678
4.523922857 0.2434157468540426
4.525274088 0.2601193047481847
4.52662532 0.27673434819490245
4.527976551 0.29308746074405695
4.529327782 0.30778841669283474
4.530679014 0.3218238210252964
4.532030245 0.33505537763367577
4.533381477 0.3463891663731179
4.534732708 0.3566244546033248
4.53608394 0.36586568737468306
4.537435171 0.3734468278702716
4.5387864030000005 0.37993687301447465
4.540137634 0.3855874649963946
4.541488865 0.39001863144525534
4.542840097 0.39360509259225795
4.544191328 0.39662820099761903
4.5455425599999995 0.39892382728446113
4.5468937910000005 0.40063194688969317
4.548245023000001 0.40201828733313844
4.549596254 0.4030487889389068
4.550947485 0.4037592629177705
4.552298716999999 0.40430917884851825
4.553649948 0.40468208910579617
4.5550011800000005 0.40495981138556614
4.556352411 0.40518329595663516
4.557703643 0.4053447460861175
4.559054874 0.4054623754493689
4.560406106 0.4055871468617449
4.561757337 0.4060644389428828
4.563108568 0.4063024664973104
4.5644598 0.40644160405564717
4.565811031 0.40659395093131384
4.567162263 0.406799969330379
4.568513493999999 0.40699843154887055
4.569864726 0.4071862711481472
4.571215957000001 0.4074833576610432
4.572567188 0.40805231713639617
4.57391842 0.40826852700566557
4.575269650999999 0.4084310763784199
4.5766208829999995 0.4085870334271156
4.5779721140000005 0.4087364124903854
4.579323346 0.40887639302561746
4.580674577 0.4089775091228123
4.582025809 0.40904221262753215
4.58337704 0.409079434093792
4.584728271 0.4090944346808857
4.586079503 0.40908710513103563
4.587430734 0.408996951787242
4.588781966 0.4088923476266355
4.590133197 0.40877277255460764
4.591484429 0.40858956481189285
4.5928356599999995 0.4083646301283266
4.5941868910000005 0.40809969838674154
4.595538123 0.40782677237582754
4.596889354 0.40752974607205433
4.598240586 0.4072068340989422
4.599591817 0.4068285481156251
4.6009430490000005 0.4064545040824633
4.60229428 0.40608572579029817
4.603645512 0.40568797101222315
4.604996743 0.40527754851125636
4.606347974 0.40485286227817585
4.607699206 0.40445560852169876
4.609050437 0.4040468775311256
4.610401669 0.40363909066763387
4.611752900000001 0.4032726796939119
4.613104132 0.40292344469680713
4.614455363 0.4026007644677746
4.6158065950000005 0.40226748552605635
4.617157826 0.40193796290286016
4.618509057 0.40161985882565004
4.619860289 0.40133368788132107
4.62121152 0.4009915692020469
4.622562751999999 0.4006281374336702
4.6239139830000004 0.40028867980740657
4.625265215000001 0.39996458577351285
4.626616446 0.39966890590346227
4.627967677 0.39935845900332717
4.629318908999999 0.3990482881096744
4.63067014 0.39876855926536103
4.6320213720000005 0.3985039660367356
4.633372603 0.39824086927381397
4.634723835 0.3979508978141011
4.636075066 0.39767832010805104
4.637426298 0.39741776244108945
4.638777529 0.3971618539047506
4.64012876 0.3968848234072009
4.641479992 0.3965899681210895
4.642831223 0.3963138889389824
4.644182455 0.39602938129184373
4.645533685999999 0.39573529970281046
4.646884918 0.39541210444261626
4.648236149000001 0.3950940013394518
4.64958738 0.3947914118795802
4.650938612 0.39445932968992653
4.652289842999999 0.3945388305180899
4.6536410749999995 0.39415650475113
4.6549923060000005 0.3937866909477296
4.656343538 0.3934125993355847
4.657694769 0.39300793505589166
4.659046001 0.3925872789742568
4.660397232 0.3921605949195707
4.661748463 0.39175311866943996
4.663099695 0.3913208259216356
4.664450926000001 0.3908673959892165
4.665802158 0.390397844809193
4.667153389 0.3899337775982742
4.668504621 0.3894770137314293
4.6698558519999995 0.38898254675508265
4.6712070830000005 0.38848582690934363
4.672558315 0.3879938290575884
4.673909546 0.3875186547155517
4.675260778 0.3870394710908088
4.676612009 0.38652848346830976
4.6779632410000005 0.38602320382323924
4.679314472 0.38552218457385184
4.680665704 0.3850287418339926
4.682016935 0.38451207924488195
4.683368166 0.38397836983660594
4.684719398 0.38346478922932997
4.686070629 0.3829560362576223
4.687421861 0.3824530679772823
4.688773092 0.38192889451802653
4.690124324 0.381408667958137
4.691475555 0.38091260737194865
4.6928267869999996 0.38041103753014827
4.694178018 0.3799035093086039
4.695529249 0.3793685536312858
4.696880481 0.3788495933152574
4.698231712 0.37877383819841426
4.699582943999999 0.37824752142200446
4.700934175 0.37770567467456695
4.702285407000001 0.3771380150751701
4.703636638 0.376567835833903
4.704987869 0.3759821680498041
4.706339100999999 0.37534848921177794
4.707690332 0.37466833117554255
4.7090415640000005 0.3739609501621571
4.710392795 0.3732218760531297
4.711744027 0.3724537306734894
4.713095258 0.3716202403919332
4.71444649 0.37065628577208753
4.7157977209999995 0.3696302564715064
4.717148952 0.3684989865087618
4.718500184000001 0.3671747557030873
4.719851415 0.3657426249129125
4.721202647 0.36402353817124
4.722553877999999 0.36210952275195313
4.72390511 0.36004831345492283
4.725256341000001 0.3575182984155747
4.726607572 0.35478721422886733
4.727958804 0.3517378450644423
4.729310035 0.3482176122862777
4.730661267 0.34444590938659053
4.7320124980000005 0.3400551429030817
4.73336373 0.33520922928695224
4.734714961 0.3303275354561254
4.736066193 0.32437624059638753
4.737417424 0.3179752448136576
4.738768654999999 0.31099967555633634
4.740119887 0.30325065089999986
4.741471118000001 0.29521399688785327
4.74282235 0.2863447387834592
4.744173581 0.27697532288011384
4.745524813 0.26735618470292205
4.7468760439999995 0.25684518942103557
4.748227276 0.24624813212809538
4.749578507 0.2352954884156848
4.750929738 0.22392718015018112
4.75228097 0.21266890150356652
4.753632201 0.20106176350892863
4.7549834330000005 0.1895734753414776
4.756334664 0.17829971576200349
4.757685896 0.1669484909245508
4.759037127 0.15604992344527202
4.760388358 0.14540771339391603
4.76173959 0.1351114509078635
4.763090821 0.12534643908150822
4.764442053 0.11588878469839617
4.765793284 0.10700772022097021
4.767144516 0.09864389660647549
4.768495747 0.09074082890761409
4.7698469789999995 0.0834003643958679
4.77119821 0.07652779514742326
4.772549441 0.07016003029250654
4.773900673 0.06428011931569885
4.775251904 0.05881947640956391
4.776603135999999 0.05380818024357967
4.777954367 0.04920035669934195
4.779305599000001 0.04497628598462142
4.78065683 0.04111027965458768
4.782008061000001 0.03756530771319815
4.783359293 0.03432972349342466
4.784710524 0.03137668966863499
4.7860617560000005 0.02868647340564492
4.787412987 0.026231496524881076
4.788764219 0.023994857044584598
4.79011545 0.021958700563163902
4.791466682 0.020103730564486867
4.7928179129999995 0.018418059097349178
4.7941691440000005 0.016879034958402872
4.795520376000001 0.015478143205137355
4.796871607 0.014203596969096354
4.798222839 0.013040349248455402
4.799574069999999 0.011980793069295163
4.800925302 0.011010888694040823
4.802276533000001 0.010125305178522342
4.803627764 0.009320005405852006
4.804978996 0.00858321553820096
4.806330227 0.007910658942473005
4.807681459 0.007293076640669735
4.80903269 0.006734380438393635
4.810383922 0.0062191834830990006
4.811735153 0.005746547252211456
4.813086384999999 0.005315304577917998
4.814437616 0.004918665426225341
4.815788846999999 0.004554449148838199
4.817140079 0.0042217330931713076
4.818491310000001 0.003914891566768076
4.819842542 0.0036318560041899883
4.821193773 0.0033711437629004347
4.822545005 0.0031311604490326644
4.8238962359999995 0.0029131953153451245
4.825247468 0.0027120540640856697
4.826598699 0.0025271499412134026
4.82794993 0.0023562430076819302
4.829301162 0.0021983532658867697
4.830652393 0.0020526875260462926
4.8320036250000005 0.0019170180783435367
4.833354856 0.0017899488108442262
4.834706088 0.0016720550116583904
4.836057318999999 0.0015627042799747617
4.83740855 0.001461068913293506
4.838759782 0.001366232910973824
4.840111013 0.001277710056979239
4.841462245 0.001196981409230775
4.842813476 0.001123621216092677
4.844164708 0.0010566907890922845
4.845515939 0.0009942341917008408
4.8468671709999995 0.0009352824598026302
4.8482184020000005 0.0008809036484418488
4.849569633 0.0008309978862221388
4.850920865 0.0007838910285210704
4.852272096 0.0007392712972349691
4.853623327999999 0.0006950780454515656
4.854974559 0.0006535961236716636
4.856325791000001 0.0006146786041297558
4.857677022 0.0005770099829453795
4.859028253 0.0005412363175894718
4.860379485 0.0005070114644019441
4.861730716 0.00047664057098438875
4.863081948 0.0004511115227791225
4.864433179 0.00042905596592692006
4.865784411 0.00040912929244449857
4.867135642 0.0003888472828020355
4.868486874 0.0003689488591230416
4.8698381049999995 0.00034861174869168756
4.8711893360000005 0.0003288423771709081
4.872540568000001 0.00030984101627854355
4.873891799 0.00029407079216430026
4.875243031 0.0002798187069831048
4.876594261999999 0.00026822669975365735
4.8779454939999995 0.000256200225059139
4.879296725000001 0.0002436850760276366
4.880647956 0.0002311667474957583
4.881999188 0.0002193027610597783
4.883350419 0.00020919149113293113
4.884701651 0.00019978250935194614
4.8860528819999995 0.00019112597382394355
4.887404114 0.000183006001937652
4.888755345 0.00017530119623340403
4.890106576999999 0.00016665276221376182
4.891457808 0.00015833819220196647
4.892809038999999 0.0001502029258658864
4.894160271 0.00014397027890991496
4.895511502000001 0.0001390744757838135
4.896862734 0.000133752772123172
4.898213965 0.00012837284827795447
4.899565197 0.00012214172441986528
4.900916428 0.00011766793877893887
4.902267660000001 0.0001151698621712685
4.903618891 0.00011230598731232236
4.904970122 0.00010931434430377056
4.906321354 0.00010205400135837725
4.907672585 9.543027120039223e-05
4.9090238170000005 8.951665120605168e-05
4.910375048 8.491325375376566e-05
4.91172628 8.123022190125377e-05
4.913077511 7.772474877973783e-05
4.914428742 7.45308427790404e-05
4.915779974 7.246786322225364e-05
4.917131205 7.02520500105077e-05
4.918482437 6.774470322906376e-05
4.919833668 6.453657406400292e-05
4.9211849 6.116372223147361e-05
4.922536131 5.945001912661422e-05
4.9238873629999995 5.802578813228683e-05
4.9252385940000005 5.7194940267730126e-05
4.926589825 5.604409491424942e-05
4.927941057 5.4546384627943816e-05
4.929292288 5.283098881937123e-05
4.930643519999999 5.110531812109365e-05
4.931994751 4.907760828653468e-05
4.933345983000001 4.7395589765181396e-05
4.934697214 4.6388419140996315e-05
4.936048445 4.567895533090914e-05
4.937399677 4.5070515168520575e-05
4.938750908 4.359729344827398e-05
4.94010214 4.207963901744029e-05
4.941453371 4.1690418297046024e-05
4.942804603 4.17029682853701e-05
4.944155834 4.236732097935874e-05
4.945507066 4.210262177693175e-05
4.9468582969999995 4.1196063939254895e-05
4.9482095280000005 3.986366353646055e-05
4.949560760000001 3.8483626748297525e-05
4.950911991 3.715636186702856e-05
4.952263223 3.592655537431407e-05
4.953614453999999 3.478552268695123e-05
4.9549656859999995 3.464589115387761e-05
4.9563169170000005 3.5141901098357736e-05
4.957668148 3.496396978385482e-05
4.95901938 3.444458399799634e-05
4.960370611 3.1504241482328114e-05
4.961721843 2.8306121562589083e-05
4.9630730739999995 2.606729392066146e-05
4.964424306 2.5454415888963537e-05
4.965775537000001 2.579635621606656e-05
4.967126769 2.613887446820521e-05
4.968478 2.6502173951984468e-05
4.969829230999999 2.657304225972458e-05
4.971180463 2.6398347347468866e-05
4.972531694000001 2.5566619644768824e-05
4.973882926 2.4737564866924516e-05
4.975234157 2.3907489777593296e-05
4.976585389 2.306196854614742e-05
4.97793662 2.2406612853277917e-05
4.979287852000001 1.9947993200877845e-05
4.980639083 1.82628147182093e-05
4.981990314 1.6486405200265198e-05
4.983341545999999 1.550890200333514e-05
4.984692777 1.5544499567355164e-05
4.986044009 1.6250067735173253e-05
4.98739524 1.7073124295724697e-05
4.988746472 1.876183270651279e-05
4.990097703 2.0759329739896824e-05
4.991448934 2.275270838924874e-05
4.992800166 2.409101275487809e-05
4.9941513969999995 2.3849433664145225e-05
4.995502629 2.3181746868624553e-05
4.99685386 2.2224006974803672e-05
4.998205092 2.2129239512259212e-05
4.999556323 2.2394080464903582e-05
5.0009075549999995 2.2704161000232275e-05
5.0022587860000005 2.3318491223215505e-05
5.003610017 2.3544439935149965e-05
5.004961249 2.357812889602484e-05
5.006312479999999 2.3284901630589216e-05
5.007663711999999 2.308768214704622e-05
5.009014943 2.3016149654867388e-05
5.010366175 2.397017662214857e-05
5.011717406 2.5258515223113205e-05
5.013068637 2.627459929704506e-05
5.014419869 2.713096392366024e-05
5.0157711 2.7412607472973692e-05
5.017122332 2.7887608584383523e-05
5.018473563 2.889637951992041e-05
5.019824795000001 2.9753938331289402e-05
5.021176026 3.05646417327119e-05
5.022527258 3.0445384639974172e-05
5.0238784889999994 3.015936507895704e-05
5.0252297200000005 2.967372841818816e-05
5.026580952000001 2.9082824202202968e-05
5.027932183 2.8128430948849345e-05
5.029283415 2.736540175921088e-05
5.030634646 2.6846061922857446e-05
5.031985878 2.7071604786327645e-05
5.033337109 2.7693124160220856e-05
5.034688341 2.7634808246083688e-05
5.036039572 2.7443225999146217e-05
5.037390803 2.6726213181580205e-05
5.038742035 2.6276996378977552e-05
5.0400932659999995 2.666112515928972e-05
5.041444498 2.7060143885624656e-05
5.042795729000001 2.74452241150855e-05
5.044146961 2.7256475217348784e-05
5.045498192 2.6712524566979543e-05
5.046849422999999 2.5961527583183993e-05
5.048200655 2.5212109198117374e-05
5.049551886000001 2.5226218798124677e-05
5.050903118 2.541389654369554e-05
5.052254349 2.649794835257466e-05
5.053605581 2.7270949772039287e-05
5.054956812 2.728611182495028e-05
5.056308044000001 2.632772560772368e-05
5.057659275 2.4508939111847958e-05
5.059010506 2.3152233683593033e-05
5.060361737999999 2.2039377548181622e-05
5.061712969 2.1676899384382613e-05
5.063064201 2.141946553453904e-05
5.064415432 2.0741526266805057e-05
5.065766664 2.0326179423735148e-05
5.067117895 2.011155208541535e-05
5.068469126 2.0008412284943617e-05
5.069820358 2.0009965038605282e-05
5.0711715889999995 1.999172895599476e-05
5.072522821 1.9937269250836232e-05
5.073874052 2.009088849363847e-05
5.075225284 2.0335532338183582e-05
5.076576515 1.9575152202856497e-05
5.0779277469999995 1.8725364762735785e-05
5.0792789780000005 1.6917790839329767e-05
5.080630209 1.557661380580346e-05
5.081981441 1.5151063646433822e-05
5.083332671999999 1.4846235488935575e-05
5.084683904 1.4761223558617742e-05
5.086035135 1.4561220539090923e-05
5.087386367 1.4206007356052193e-05
5.088737598 1.4450256282045472e-05
5.090088829 1.5063653231879163e-05
5.091440061 1.590649329802729e-05
5.092791292 1.6917215535230377e-05
5.094142524 1.7665020830555723e-05
5.095493755000001 1.844717692157427e-05
5.096844987000001 1.9119082156745323e-05
5.098196218 1.9576556373010682e-05
5.09954745 1.916807267508301e-05
