Wavelength_microns Throughput
2.0004663860000003 7.370041775656043e-16
2.002074478 6.536147397453526e-16
2.00368257 8.628988204164488e-16
2.005290662 7.494961246216894e-16
2.006898754 7.702769113649876e-16
2.008506846 6.270965995018737e-16
2.010114938 5.004759807424543e-16
2.01172303 3.635012085508146e-16
2.013331122 1.516588598895442e-16
2.014939214 2.352465690489151e-16
2.016547306 4.3627920140556387e-16
2.018155398 6.024823607473338e-16
2.01976349 6.390248745224717e-16
2.021371582 5.241445622222329e-16
2.022979674 4.378339257847286e-16
2.0245877660000002 4.0950844964823214e-16
2.026195858 5.051619973261973e-16
2.027803949 4.4041818595067373e-16
2.029412041 5.2289363745703875e-17
2.031020133 2.0710844122937292e-18
2.032628225 7.003874466100482e-19
2.034236317 6.807662108293684e-19
2.035844409 4.6693866331838516e-18
2.037452501 1.2783717160659966e-16
2.039060593 3.7152348989048735e-16
2.040668685 5.156968732012971e-16
2.042276777 6.583238193686628e-16
2.0438848689999998 6.854569328638153e-16
2.045492961 2.318392700023946e-16
2.047101053 1.838524026445633e-16
2.0487091449999997 2.420690649471021e-16
2.0503172370000002 4.682039212729072e-16
2.0519253290000004 6.723893775294505e-16
2.053533421 6.553209029703802e-16
2.055141513 6.460258212349828e-16
2.056749605 6.304683075135877e-16
2.058357697 4.4370043754831247e-16
2.059965788 3.884054391848469e-16
2.06157388 3.310164811197266e-16
2.0631819719999998 2.673655185901031e-16
2.064790064 2.0321920003231095e-16
2.066398156 2.390881515917989e-16
2.068006248 5.434811226135409e-16
2.06961434 4.798737779394098e-16
2.071222432 1.0838830410582922e-15
2.072830524 1.1556984966411757e-15
2.074438616 1.207914355015367e-15
2.076046708 1.2440632911037676e-15
2.0776548 1.327984427661236e-15
2.079262892 1.490690151238582e-15
2.080870984 1.9042226878614075e-15
2.0824790760000003 2.1201883481076984e-15
2.084087168 2.3583943869799183e-15
2.08569526 2.6270338908934845e-15
2.0873033519999997 3.105323015755209e-15
2.088911444 3.7596091667939964e-15
2.090519536 4.591327973348323e-15
2.092127627 2.103830971580284e-15
2.0937357189999997 3.1952686664851295e-15
2.0953438110000002 4.447787519836262e-15
2.0969519030000003 7.71514054671804e-15
2.098559995 1.1444059959931903e-14
2.100168087 1.3649266414768227e-14
2.101776179 1.2602314364449301e-14
2.103384271 1.1871132018836822e-14
2.104992363 1.2125909889275255e-14
2.1066004549999997 1.344075385211506e-14
2.1082085470000003 1.6165582047097744e-14
2.109816639 2.0618883109256258e-14
2.111424731 2.5076646273201202e-14
2.113032823 2.777160314526312e-14
2.114640915 3.108867043358529e-14
2.116249007 2.6144969586065237e-14
2.1178570989999996 3.145090124974326e-14
2.1194651909999997 9.326113186940377e-15
2.1210732830000003 3.770263957845725e-15
2.122681375 4.8013283946611556e-15
2.124289466 7.627615417707015e-15
2.125897558 1.5704647636485724e-15
2.1275056500000002 1.311239301037452e-16
2.129113742 8.313881932219702e-17
2.130721834 3.596283507164711e-16
2.1323299259999997 8.483522714114874e-16
2.133938018 1.6141267804640629e-15
2.1355461100000004 4.920365125171675e-15
2.137154202 6.058496475363217e-15
2.138762294 7.464629428383096e-15
2.140370386 6.8962823973077705e-15
2.141978478 1.3207908921971228e-14
2.14358657 7.483054259917708e-15
2.1451946619999998 4.700854744642664e-15
2.146802754 4.8207517725925154e-15
2.1484108460000004 7.480757605555492e-15
2.150018938 1.1308551838192617e-14
2.15162703 5.788424305413279e-15
2.153235122 4.531367777324691e-15
2.154843214 6.7084460909005544e-15
2.156451305 1.763239919624807e-14
2.158059397 1.542199368200628e-14
2.159667489 1.1183463485679365e-14
2.161275581 3.943752472471408e-15
2.1628836729999996 4.011374408398327e-15
2.164491765 6.252442418950657e-15
2.1660998570000003 1.072251111036871e-14
2.167707949 1.935477917830932e-14
2.169316041 1.548345459281354e-14
2.170924133 1.6475795355430276e-14
2.172532225 2.4429793950468022e-14
2.174140317 3.698322637852024e-14
2.1757484089999997 3.409313944093231e-14
2.177356501 2.5706509406307485e-14
2.1789645930000003 2.50336806413916e-14
2.180572685 3.309862810439478e-14
2.182180777 3.87294536452936e-14
2.183788869 1.6917855134863487e-14
2.185396961 1.1129422477197703e-14
2.187005053 1.2580617487793522e-15
2.1886131449999997 1.3624713234339464e-15
2.1902212359999997 5.63588502049159e-15
2.191829328 9.184821349569884e-15
2.1934374200000004 1.08061135708115e-14
2.195045512 8.310930792065004e-15
2.196653604 1.7188594241219567e-14
2.198261696 2.5158115046543774e-14
2.199869788 4.27258676727181e-14
2.20147788 3.0371444899652027e-14
2.203085972 1.4538855660398414e-14
2.204694064 9.381120023321007e-15
2.206302156 1.3087888139764335e-14
2.207910248 3.612866059024697e-14
2.2095183400000002 4.0181277022112245e-15
2.211126432 3.480244804249239e-16
2.212734524 2.815353012873126e-16
2.2143426159999997 2.5158026921020397e-15
2.215950708 2.198669820138004e-14
2.2175588 5.22556802074262e-14
2.219166892 1.3773055735129236e-13
2.220774984 1.4153025903981515e-13
2.222383075 1.376521664359163e-13
2.2239911670000003 1.4786236364435726e-13
2.225599259 2.276850445186968e-13
2.227207351 5.6020065399483e-13
2.228815443 3.760161506281624e-13
2.230423535 2.4790373645448013e-13
2.232031627 2.125549123303141e-13
2.2336397189999997 2.6547411448033196e-13
2.2352478110000003 2.4761420064096036e-13
2.236855903 1.1746146612496906e-13
2.238463995 6.774425277970584e-14
2.240072087 1.1566095599503327e-13
2.241680179 2.169485010379182e-13
2.243288271 2.776420210925292e-13
2.2448963629999996 2.7562279718670466e-13
2.2465044549999997 4.4606471092812845e-13
2.2481125470000003 1.85900148991802e-13
2.249720639 1.2520180917321321e-13
2.251328731 1.2679264631447658e-13
2.252936823 1.512806182793086e-13
2.2545449140000002 1.102670013612735e-13
2.256153006 1.7479412067736397e-14
2.257761098 4.025296238627695e-15
2.2593691899999997 2.077902578800736e-14
2.260977282 3.044697254941506e-13
2.262585374 1.0800511577673918e-12
2.264193466 3.149848070582432e-13
2.265801558 1.0539178621714678e-13
2.2674096500000003 3.2975285575272265e-13
2.269017742 1.4094191224861676e-12
2.270625834 3.4591615208540464e-12
2.2722339259999997 3.787512360251107e-12
2.273842018 4.4998416619511924e-12
2.2754501100000004 5.122955436923425e-12
2.277058202 5.82651823007139e-12
2.278666294 6.589089935716268e-12
2.280274386 7.45980452642553e-12
2.281882478 8.771716293968242e-12
2.28349057 4.466777971747842e-12
2.285098662 4.216961091351606e-12
2.286706753 4.4882691956427895e-12
2.288314845 5.16394686675489e-12
2.2899229369999996 6.542046856292994e-12
2.291531029 4.815257906635955e-13
2.2931391210000003 3.85002875660814e-14
2.294747213 2.4431671339162575e-14
2.296355305 1.5197473728309068e-13
2.297963397 1.0878356047592138e-12
2.299571489 2.0983990592819034e-12
2.301179581 3.696748277563081e-12
2.3027876729999996 7.073522244948918e-12
2.304395765 1.507780065591172e-11
2.3060038570000003 4.106173281707531e-11
2.307611949 7.936407178266509e-11
2.309220041 1.2984796877800383e-10
2.310828133 2.037491071429144e-10
2.312436225 2.8083227496433533e-10
2.314044317 3.9060251970655373e-10
2.3156524089999997 5.387874561567365e-10
2.3172605010000003 7.43074534589292e-10
2.318868592 1.0156197811385042e-09
2.3204766840000004 1.2661549417671608e-09
2.322084776 1.5682520528594888e-09
2.323692868 1.9368521530353478e-09
2.32530096 2.3675601165878044e-09
2.326909052 2.8542357501747197e-09
2.328517144 3.0650337333230306e-09
2.3301252359999998 3.236843182689009e-09
2.331733328 3.357518076854204e-09
2.33334142 3.3857765787483102e-09
2.334949512 3.3918114995487e-09
2.3365576040000002 3.175690172920619e-09
2.338165696 2.8947002223035066e-09
2.339773788 2.567959567511018e-09
2.3413818799999997 1.9812147997963e-09
2.342989972 1.5299380348827348e-09
2.344598064 1.1698174310019785e-09
2.346206156 8.890066218450457e-10
2.347814248 6.806225133497789e-10
2.3494223400000003 1.952071315423849e-10
2.3510304310000003 6.49404236379849e-11
2.352638523 3.232414431061743e-11
2.354246615 5.987039981704243e-11
2.3558547069999998 1.3296585285145776e-10
2.357462799 1.6910242045808256e-10
2.359070891 1.5954748405594533e-10
2.3606789829999997 1.7448085275619332e-10
2.3622870750000002 1.8841843625284384e-10
2.363895167 2.0295056967739645e-10
2.365503259 2.0193288811865134e-10
2.367111351 1.448140289101692e-10
2.368719443 1.4349858693677224e-10
2.370327535 2.5400490206051136e-10
2.371935627 2.7008941095311974e-10
2.3735437189999997 2.8785702010849326e-10
2.3751518110000003 1.1541202113906694e-10
2.376759903 1.4747119966544528e-10
2.378367995 3.3082224425734636e-10
2.379976087 2.241902029954101e-10
2.381584179 1.5326667320179877e-10
2.383192271 1.364933553827979e-10
2.384800362 1.9371790338145645e-10
2.3864084539999997 2.896931520893447e-10
2.388016546 1.6312857548735814e-10
2.389624638 7.231980022792906e-11
2.39123273 3.6830040860646376e-11
2.392840822 5.7982555184506705e-11
2.3944489140000003 1.2276484194831684e-10
2.396057006 3.2001654875718794e-10
2.397665098 2.407296345875813e-10
2.3992731899999997 2.318759454760146e-10
2.400881282 2.338174681049884e-10
2.4024893740000004 2.612440545339176e-10
2.404097466 3.4170811804105247e-10
2.405705558 4.2655107489709855e-10
2.40731365 4.70690231112661e-10
2.408921742 5.247201003902525e-10
2.410529834 4.5965562688130535e-10
2.4121379259999998 3.8523267250070505e-10
2.413746018 3.2776121073823236e-10
2.41535411 3.5687090931588146e-10
2.416962201 4.2121001019245813e-10
2.418570293 3.277845075208417e-10
2.4201783850000003 8.706605679253445e-11
2.421786477 3.4233383021779564e-11
2.423394569 3.2385541837293796e-11
2.425002661 7.470059830734023e-11
2.426610753 2.234272456769739e-10
2.428218845 2.8491421217300625e-10
2.4298269369999996 2.6137002166570165e-10
2.431435029 2.6546882149454934e-10
2.4330431210000003 2.9145116878886174e-10
2.434651213 3.274056459067678e-10
2.436259305 3.7132849264694125e-10
2.4378673969999998 3.8861307700774955e-10
2.439475489 4.0786306056649677e-10
2.441083581 4.221473865456046e-10
2.4426916729999997 3.5118300972171006e-10
2.4442997650000002 2.999532161661053e-10
2.4459078570000004 2.755670933809494e-10
2.447515949 3.0129018914092363e-10
2.44912404 3.299609208277125e-10
2.450732132 1.4687261387321607e-10
2.452340224 1.2942540123737961e-11
2.453948316 1.2732340355773797e-12
2.455556408 1.3420407599719967e-12
2.4571644999999998 1.4070984470468582e-11
2.458772592 1.590785835532253e-10
2.460380684 2.759585461779319e-10
2.461988776 1.7189907975697566e-10
2.463596868 1.2310780177938655e-10
2.46520496 2.5283425882323544e-11
2.466813052 6.326171873991815e-12
2.468421144 1.762294878276765e-11
2.470029236 2.725549982139692e-11
2.471637328 6.003433577818685e-11
2.47324542 1.5476286288449565e-10
2.474853512 1.204875376860486e-10
2.4764616040000003 7.163801171689636e-11
2.478069696 4.2659005545419436e-11
2.479677788 6.820267505609081e-11
2.481285879 1.4384053290996618e-10
2.4828939709999998 5.054749650487891e-10
2.484502063 5.126764770665286e-10
2.486110155 4.82009156662178e-10
2.4877182469999997 4.815500831291572e-10
2.489326339 5.473506475597556e-10
2.4909344310000003 6.488871802135722e-10
2.492542523 8.032082988739769e-10
2.494150615 2.02779701303537e-08
2.495758707 1.638628567744231e-08
2.497366799 1.3618165569132374e-08
2.498974891 1.354113437589478e-08
2.499778162 2.0724061592084448e-08
2.5011293930000003 2.0834135419860603e-11
2.502480624 5.044851837805413e-09
2.5038318559999997 1.3261797468561123e-08
2.505183087 8.666772310705402e-10
2.506534319 1.6449732344474154e-09
2.50788555 8.739635072408237e-10
2.509236782 2.632774740312973e-09
2.510588013 9.673432090360653e-10
2.511939244 4.918298013093104e-10
2.5132904760000003 1.467305119298826e-09
2.514641707 2.3111780795167e-12
2.515992939 9.12837760552397e-11
2.51734417 2.2458411403437124e-09
2.5186954019999996 1.2607613416854383e-09
2.5200466329999998 1.2091515578489367e-09
2.521397865 9.797678641824045e-10
2.522749096 3.3621427781933914e-12
2.524100327 1.4481684859714835e-12
2.525451559 3.822235055713654e-10
2.52680279 7.667047190318784e-10
2.5281540220000003 1.051671086588846e-10
2.529505253 3.6882969102737075e-10
2.5308564849999997 3.288105151491579e-10
2.532207716 2.924222305543213e-10
2.533558948 6.868954434956351e-10
2.534910179 5.208014823027227e-10
2.5362614100000003 3.876140539106782e-12
2.537612642 1.7871922802447353e-11
2.538963873 2.493701801635789e-10
2.5403151050000004 3.9168953158550153e-10
2.5416663359999996 1.6354050557921356e-10
2.5430175680000002 1.1550962778354156e-10
2.544368799 4.965226590197559e-11
2.54572003 1.2537839816480695e-10
2.547071262 1.1513013658953056e-10
2.548422493 1.0023858822743595e-10
2.549773725 1.7374524462183552e-10
2.551124956 1.1216250656604723e-10
2.552476188 9.005549802093318e-11
2.553827419 7.576513067694072e-11
2.5551786510000003 4.898536137566419e-11
2.556529882 9.765302969781663e-11
2.557881113 7.657122632616272e-11
2.559232345 5.665123793634694e-11
2.560583576 4.276055857458071e-11
2.561934808 8.41700969624124e-11
2.5632860390000003 7.484350223894932e-11
2.564637271 3.0375279346587343e-11
2.565988502 4.367306349935072e-11
2.567339733 3.759029904528253e-11
2.5686909649999996 2.524642949852183e-11
2.5700421959999997 6.223021222322842e-12
2.571393428 1.361266327436948e-11
2.572744659 3.2128327043400144e-12
2.574095891 1.1358750997972102e-11
2.575447122 1.397027643826768e-11
2.576798354 1.1280320820246066e-11
2.5781495850000002 1.5088569745331748e-11
2.5795008160000004 8.30433237051514e-12
2.580852048 2.544089699557953e-14
2.582203279 1.547700098503933e-11
2.583554511 2.770421832346687e-11
2.584905742 2.783870009033553e-11
2.586256974 1.7080620796311612e-11
2.587608205 9.453769581337091e-12
2.588959437 4.323759846266157e-12
2.590310668 2.0900732128937727e-12
2.591661899 2.847339528717742e-14
2.593013131 6.362961359125759e-12
2.594364362 3.964090465112072e-12
2.5957155939999996 1.6534811104017566e-11
2.5970668249999997 1.3552555680238102e-11
2.598418057 1.4158924754212042e-11
2.599769288 9.628866011258807e-12
2.601120519 1.3987371477151748e-11
2.602471751 1.4003984318245221e-11
2.603822982 2.7137397613824664e-12
2.6051742140000003 6.023270604393766e-13
2.6065254450000004 3.077537135467559e-11
2.607876677 3.417289018825471e-11
2.609227908 1.4033062613866354e-11
2.61057914 2.9548142893347686e-11
2.611930371 2.1866712063851748e-11
2.613281602 9.054831885632186e-12
2.614632834 3.6446286697660354e-14
2.615984065 8.967725430654995e-12
2.617335297 1.161074648400717e-11
2.618686528 8.077898568676657e-12
2.62003776 1.1126152339845337e-11
2.621388991 2.6231365748601323e-13
2.622740222 1.1729013107670577e-11
2.6240914539999998 2.80541229761409e-11
2.625442685 1.671405583363379e-11
2.626793917 1.2174663781557513e-11
2.628145148 4.92581571870058e-13
2.62949638 1.0855850063850051e-11
2.630847611 8.320218016228684e-12
2.6321988430000003 7.044188506774629e-12
2.6335500740000004 9.037414137374882e-12
2.634901305 8.233045685601891e-12
2.636252537 5.617446209024096e-12
2.637603768 3.5749732539964366e-12
2.6389549999999997 1.0585918940423877e-11
2.640306231 1.600148564993434e-11
2.641657463 1.0158134765277846e-11
2.643008694 2.025631005054703e-11
2.6443599250000003 2.1371406984698788e-11
2.645711157 1.6155812309899195e-11
2.6470623879999997 1.0193386484715273e-11
2.64841362 2.629450127659434e-11
2.649764851 1.3182337617456676e-11
2.651116083 1.1099315639396819e-11
2.652467314 8.784587394812705e-12
2.653818546 1.9921936538704282e-11
2.6551697770000002 1.3121631194832191e-11
2.6565210080000004 4.172323238411053e-12
2.65787224 1.651424434286274e-11
2.659223471 3.3386068600910945e-11
2.6605747030000004 5.875233145740001e-11
2.6619259339999997 5.082835921995417e-11
2.663277166 1.991946248282981e-11
2.664628397 2.3973070383975073e-11
2.6659796289999997 2.522108745030767e-11
2.66733086 4.160723035220373e-11
2.668682091 3.6423836047644136e-11
2.670033323 1.2137880112838808e-11
2.6713845540000003 2.804388642995755e-11
2.672735786 6.352568893058432e-11
2.6740870169999997 4.9610414004242497e-11
2.675438249 2.711973078783851e-11
2.67678948 2.3202678885050022e-11
2.678140711 1.8709426682992877e-11
2.679491943 2.579211417144431e-11
2.680843174 1.48706870740273e-11
2.6821944060000003 1.2736953673540016e-11
2.6835456370000004 1.068132686327779e-11
2.684896869 1.4450393410450645e-11
2.6862481 1.960120595684161e-11
2.6875993319999996 1.3564302983679814e-11
2.6889505629999997 1.3025763994263918e-11
2.690301794 5.97592044732655e-12
2.691653026 1.4412074856494757e-14
2.693004257 2.250740281269574e-12
2.694355489 9.964202146605047e-12
2.69570672 1.653574671822535e-11
2.697057952 5.0536320967938966e-12
2.6984091830000003 3.519760484376169e-12
2.699760414 1.1780324441664378e-14
2.7011116459999998 2.3705848584544353e-14
2.702462877 6.424548538956659e-12
2.703814109 1.5876830404718154e-11
2.70516534 1.0897856609237649e-11
2.706516572 3.381524756758882e-12
2.707867803 1.2703968792149044e-11
2.7092190350000003 5.765862354765709e-12
2.7105702660000004 7.120714737081195e-12
2.7119214969999996 3.3403076018078113e-13
2.713272729 1.3569986448070476e-12
2.71462396 6.5669650305878035e-12
2.7159751919999997 1.981755196133504e-14
2.717326423 5.650231080171115e-12
2.718677655 7.475228223349754e-12
2.720028886 1.5451383552970475e-11
2.7213801170000003 7.921160110745984e-12
2.722731349 3.2044482952881155e-12
2.7240825799999997 1.3903482152992992e-14
2.7254338120000003 2.745073375036626e-12
2.726785043 7.91084506804321e-12
2.7281362749999998 7.095757515101471e-12
2.729487506 1.2566054128920844e-12
2.730838738 1.7287921123458233e-11
2.732189969 1.7611030450780778e-11
2.7335412000000003 3.865054727840985e-12
2.734892432 5.91466214615849e-12
2.736243663 1.9122424953516736e-13
2.737594895 1.7384333191545803e-14
2.7389461259999996 4.0129703784702204e-12
2.740297358 3.1099573496897833e-12
2.741648589 6.222671794903775e-13
2.7429998209999997 5.686572174536694e-12
2.744351052 2.2399791227271367e-11
2.745702283 7.623887244562144e-12
2.747053515 1.2712562912589592e-11
2.7484047460000003 6.67077655252303e-12
2.749755978 1.1235794257977889e-11
2.7511072089999997 4.6818804617338285e-12
2.7524584410000004 2.113652488084884e-14
2.753809672 1.5697706536137906e-14
2.755160903 9.286117755502068e-13
2.756512135 5.049437813566594e-12
2.757863366 2.4942280442074012e-12
2.7592145980000002 7.660130635151157e-12
2.760565829 6.71145604158376e-13
2.761917061 1.6374517318359343e-12
2.7632682920000002 8.657197457704132e-13
2.764619524 3.218851251034544e-13
2.7659707549999997 5.5125756843608955e-12
2.767321986 4.7628514893167585e-12
2.768673218 2.7669519571902818e-14
2.770024449 2.16399373693553e-14
2.771375681 2.690514655865074e-14
2.772726912 7.615931409638507e-14
2.774078144 3.0032565868202768e-12
2.7754293750000003 2.485617319489097e-14
2.776780606 2.0394257319113632e-14
2.7781318379999997 2.8777971654117313e-14
2.779483069 2.032459763540153e-14
2.780834301 3.9559687471642956e-14
2.782185532 7.581130266398477e-12
2.783536764 1.0575196742266073e-12
2.784887995 3.7839507805311766e-14
2.786239227 1.4900869254661667e-14
2.787590458 3.3321376277542822e-12
2.788941689 8.067052608513657e-12
2.7902929210000003 8.134291847058504e-13
2.791644152 1.220058528501411e-14
2.7929953839999997 5.475266971166278e-12
2.794346615 9.356843518288497e-13
2.795697847 7.303934090650008e-15
2.797049078 5.428777514589445e-15
2.7984003090000003 1.0894704503832282e-14
2.799751541 6.915036433663551e-13
2.801102772 2.5654139164987178e-14
2.8024540040000003 4.524766520774374e-12
2.803805235 2.5862491263032712e-14
2.8051564669999998 6.1208375579456734e-12
2.806507698 4.302976692232089e-12
2.80785893 2.662723427891657e-14
2.8092101609999998 6.914095391147813e-12
2.810561392 5.0027977307988454e-12
2.811912624 6.850156165249968e-12
2.813263855 1.2310579353483509e-11
2.814615087 3.866525698763042e-12
2.8159663179999996 1.3386953572751121e-12
2.8173175500000003 3.645757129256666e-13
2.818668781 4.059557375277519e-12
2.8200200129999997 1.0368046392742694e-11
2.821371244 6.6761379248982696e-12
2.822722475 9.620307182895913e-12
2.824073707 7.806679404599403e-12
2.8254249380000003 7.930445515933197e-12
2.82677617 6.073011781951941e-12
2.828127401 6.084899780614855e-13
2.8294786330000004 2.0222252515570826e-13
2.830829864 6.079648402175316e-13
2.8321810949999997 1.224929769147248e-12
2.833532327 1.462173817286566e-13
2.834883558 8.03834356168882e-15
2.83623479 5.3644651450911484e-15
2.837586021 4.028858398454941e-15
2.838937253 2.523104105316543e-12
2.8402884840000002 2.873081038506169e-12
2.841639716 3.1092018452156758e-12
2.8429909469999997 3.875008193775079e-12
2.8443421779999998 5.6106900051108475e-12
2.84569341 6.48009929481977e-12
2.847044641 1.0607243614493028e-11
2.848395873 4.8835452780866e-12
2.849747104 1.69370594260981e-12
2.851098336 4.317493764081635e-12
2.8524495670000003 2.097432997601161e-14
2.8538007980000004 1.5373083664289234e-14
2.85515203 9.68687578174891e-15
2.856503261 6.781859951878547e-13
2.8578544929999996 3.4033603591917262e-12
2.8592057239999997 1.2630363363128138e-13
2.860556956 1.5641102296157143e-12
2.861908187 1.7724112523724122e-13
2.863259419 6.081334276861452e-13
2.86461065 1.3840923376868012e-12
2.865961881 8.482379951894161e-13
2.8673131130000002 1.5478644142555191e-12
2.868664344 3.1651418434445232e-12
2.8700155759999997 9.871158479960146e-15
2.871366807 1.0940144497215806e-14
2.872718039 6.54827083730856e-14
2.87406927 2.85458068737951e-14
2.8754205010000002 7.2314416974917775e-12
2.876771733 2.788248682389053e-12
2.878122964 2.284013631120743e-14
2.8794741960000003 3.332519298252112e-12
2.8808254270000004 1.6292375141602004e-12
2.882176659 1.011170767625072e-14
2.88352789 4.0985903091550013e-13
2.8848791219999996 2.8289964744322972e-14
2.8862303529999997 1.6750562360551332e-12
2.887581584 7.983413884636015e-13
2.888932816 1.1070283078717359e-12
2.890284047 9.911459624527832e-13
2.891635279 5.117196605159309e-15
2.89298651 5.2805297901897036e-15
2.8943377420000003 5.014206633233853e-13
2.895688973 8.507906903680848e-15
2.8970402049999997 1.9318009574789184e-12
2.898391436 2.8394067936193627e-12
2.899742667 2.2403961673326713e-12
2.901093899 3.9171379473003073e-13
2.9024451300000003 6.241131302809834e-13
2.903796362 2.275247641661937e-13
2.905147593 3.962842858013952e-13
2.9064988250000003 4.7456565194449075e-15
2.907850056 6.292161929761119e-13
2.9092012869999997 2.126007572783081e-12
2.910552519 2.1734774557948512e-12
2.91190375 2.1123342106114313e-12
2.9132549819999998 3.0716647204346126e-12
2.914606213 2.064463330734097e-12
2.915957445 5.5702012838183146e-12
2.917308676 3.388624923238492e-12
2.918659908 2.6492855991320123e-12
2.920011139 7.139078901167728e-12
2.9213623699999998 2.1687940919799973e-12
2.922713602 2.2918791498883395e-13
2.924064833 4.999894387497377e-12
2.925416065 5.205619076783811e-12
2.926767296 8.8417680999506e-12
2.928118528 1.320166803742784e-12
2.9294697590000003 7.1663707865276584e-12
2.93082099 9.494047909752702e-12
2.932172222 1.0301380539364237e-11
2.933523453 3.052746117744613e-12
2.934874685 1.3682406268562165e-12
2.9362259159999997 1.0517442608561328e-12
2.937577148 9.976626519146646e-12
2.938928379 2.371896735416851e-12
2.940279611 1.124383456164108e-11
2.941630842 1.9415155129031684e-12
2.942982073 6.176723668670912e-13
2.9443333050000002 7.269850975351137e-13
2.9456845360000004 1.5350943096479371e-12
2.947035768 3.0780060198179048e-12
2.948386999 1.7492278368132417e-11
2.949738231 1.662214033006268e-11
2.951089462 7.244825451642124e-12
2.952440694 1.7276274091338203e-12
2.953791925 2.1230159326892907e-14
2.955143156 1.5814670368338252e-12
2.956494388 1.3339654132823679e-11
2.957845619 2.0354095865970862e-13
2.959196851 1.1049695735370957e-13
2.960548082 2.1304769014745253e-14
2.9618993139999996 1.2333818620114123e-12
2.9632505449999997 2.1874924623066683e-14
2.964601776 2.0901131081084254e-14
2.965953008 6.248836833126235e-12
2.967304239 7.758194007159446e-12
2.968655471 4.025897349936611e-12
2.970006702 6.5952170241720424e-12
2.9713579340000003 7.457510861703021e-12
2.9727091650000004 1.896058491551903e-11
2.974060397 1.5849644455255594e-11
2.975411628 1.5272278599875444e-11
2.976762859 9.649840565631312e-12
2.978114091 4.01398557730251e-14
2.979465322 4.6258211775669766e-12
2.980816554 1.3900165742779244e-13
2.982167785 5.087178731717247e-12
2.983519017 1.3554651929509117e-11
2.984870248 4.418539320968411e-12
2.9862214789999997 9.604921485776348e-13
2.987572711 1.6829957339108892e-11
2.988923942 6.686080683833363e-12
2.9902751739999998 4.50041969746954e-12
2.991626405 8.523287817538913e-13
2.992977637 1.947985630556274e-13
2.994328868 1.3625684152863178e-11
2.9956801 1.1477383857560146e-11
2.997031331 4.739205133735242e-13
2.9983825619999998 1.7814253383024186e-14
2.9997337940000004 6.1233826744290015e-12
3.001085025 4.510740257547321e-14
3.002436257 1.9169630490173133e-14
3.003787488 2.3740036501182407e-12
3.0051387199999997 1.0554638961228159e-13
3.006489951 3.9265552242745164e-12
3.007841182 8.17109016150373e-13
3.009192414 1.7663413011112802e-14
3.0105436450000003 5.056775934727894e-12
3.011894877 7.97045862874165e-12
3.0132461079999997 6.985861660553259e-12
3.01459734 2.2162226813583014e-12
3.015948571 8.008626092293512e-12
3.017299803 1.0275334405512327e-11
3.018651034 1.4668534884753846e-12
3.020002265 6.403463347283896e-12
3.021353497 6.528897650366037e-12
3.0227047280000003 3.2217908083806496e-12
3.02405596 1.1630000688114712e-11
3.0254071909999998 8.505217851662974e-12
3.0267584230000004 4.088858361449262e-13
3.0281096539999997 3.238866356940986e-14
3.029460886 7.137932255761226e-13
3.030812117 2.805999491884277e-13
3.032163348 5.124723314747736e-12
3.03351458 5.49297241005997e-12
3.034865811 1.7822790053557558e-13
3.036217043 3.79319467337388e-15
3.0375682740000003 1.4694443408440266e-13
3.038919506 3.769191117621047e-15
3.0402707369999997 1.861919891259077e-12
3.041621968 3.64294357771768e-12
3.0429732 7.618647236265152e-12
3.044324431 6.946114303389152e-12
3.045675663 1.0154923409911745e-11
3.047026894 1.3156963654159505e-11
3.0483781260000002 1.6878524582940656e-11
3.0497293570000004 1.3327395730353434e-11
3.051080589 7.169745707302993e-12
3.05243182 6.627048479174494e-12
3.053783051 6.134905483024151e-12
3.0551342829999997 2.8775977154329576e-12
3.056485514 9.29102857205121e-12
3.057836746 6.8598909081269626e-12
3.059187977 3.3071743610400065e-12
3.060539209 4.363302242437662e-12
3.06189044 8.588211305977261e-14
3.063241671 5.623063721980302e-13
3.0645929030000003 1.1861333200756095e-12
3.065944134 1.214586867643932e-12
3.0672953659999997 4.425182494069076e-12
3.068646597 5.743968770545176e-12
3.069997829 1.86259383269347e-12
3.07134906 3.1110861786169135e-12
3.072700292 4.698880212878948e-12
3.074051523 3.1668372889959956e-12
3.075402754 9.646324883458266e-13
3.0767539860000004 1.1209788806099107e-12
3.0781052169999996 1.6846115711026597e-12
3.079456449 1.402026072531564e-12
3.08080768 7.998679151096493e-13
3.0821589119999997 1.1602637481586367e-12
3.083510143 5.535781409805094e-12
3.084861374 8.585146923815098e-12
3.086212606 4.151485151624067e-12
3.0875638370000003 2.7419209739958866e-12
3.088915069 2.722851256638396e-12
3.0902662999999997 1.054469260761337e-12
3.0916175320000003 1.4110082753735846e-12
3.092968763 3.4508248858082315e-12
3.0943199949999998 6.610381933167202e-13
3.095671226 5.281161936419607e-13
3.097022457 2.3125849650620397e-13
3.098373689 1.9040021022945937e-14
3.0997249200000003 2.1154541528261084e-13
3.101076152 4.011631514152593e-14
3.102427383 1.6138309138957362e-14
3.103778615 1.0941548167060948e-13
3.1051298459999996 1.2561247528672183e-13
3.106481078 1.492506103826361e-13
3.107832309 6.585608560668962e-14
3.10918354 3.018347201182564e-13
3.110534772 1.876585066947496e-13
3.111886003 1.55701974123332e-14
3.113237235 3.4289819540647723e-15
3.1145884660000003 2.442739470190922e-14
3.115939698 1.8130613641023438e-16
3.1172909289999997 1.8153445969154639e-16
3.11864216 3.248332209823305e-16
3.119993392 7.051144505586508e-14
3.121344623 1.5791251947061168e-13
3.122695855 1.889150028114844e-13
3.124047086 3.1090839592637186e-14
3.1253983180000002 1.822248713487033e-15
3.126749549 1.3591855779173503e-14
3.128100781 2.6047569585436743e-13
3.1294520120000002 4.456162458302141e-13
3.130803243 7.308561951383578e-13
3.1321544749999997 1.6151870966955801e-12
3.133505706 5.175296283798494e-13
3.134856938 1.6915829169807162e-12
3.136208169 7.75675897745902e-13
3.137559401 1.0410682304134784e-12
3.138910632 2.8468552528041124e-14
3.140261863 1.4360267523495595e-15
3.1416130950000003 4.3559579246997287e-13
3.142964326 5.809393630334548e-12
3.1443155579999997 5.38645689017048e-12
3.145666789 1.290517038536605e-13
3.147018021 3.016117361332195e-12
3.148369252 1.0787217745339754e-11
3.149720484 1.614061688967072e-11
3.151071715 1.0695855951797248e-11
3.152422946 1.0494254571686373e-11
3.153774178 3.8841015088975445e-12
3.155125409 2.993682581783599e-12
3.1564766410000002 4.2394436220680325e-12
3.157827872 2.0697124245593305e-11
3.1591791039999997 8.853726191604226e-12
3.160530335 5.426581819611968e-12
3.161881566 1.2289928564510883e-12
3.163232798 5.361920398158625e-13
3.1645840290000002 1.233516257310611e-14
3.165935261 6.487597023190503e-14
3.167286492 5.5885975337080385e-16
3.1686377240000003 1.2390751694471003e-15
3.169988955 1.3225157773996696e-14
3.1713401869999998 2.8035384176325303e-15
3.172691418 1.830740841657609e-15
3.174042649 8.871307538425595e-15
3.1753938809999998 8.49046852142111e-15
3.176745112 7.814149685945975e-15
3.178096344 2.012536938577242e-14
3.179447575 1.0348851930455012e-14
3.180798807 5.613297928804038e-17
3.182150038 4.556199209801017e-15
3.1835012700000003 7.307475673782135e-16
3.184852501 9.935688953421373e-17
3.186203732 1.0263751237262456e-14
3.187554964 3.1678586331716035e-14
3.188906195 2.8203158196413307e-14
3.190257427 4.0211648982937025e-15
3.1916086580000003 6.311682123699152e-14
3.19295989 7.263447004378765e-14
3.194311121 3.477408997086089e-14
3.195662352 2.29944151385973e-14
3.197013584 2.874446672526177e-13
3.1983648149999997 9.238843286921057e-13
3.199716047 9.580196545646625e-13
3.201067278 3.818962550089474e-13
3.2024185099999998 1.1980080385625569e-12
3.203769741 3.04760562586793e-14
3.205120973 6.426542655566257e-14
3.206472204 1.0966668916607702e-12
3.207823435 3.544896339504261e-13
3.209174667 3.9475632413328226e-13
3.2105258979999998 3.724098504298872e-13
3.21187713 2.841912234939001e-13
3.213228361 7.124363197344089e-13
3.214579593 1.7678675527904777e-12
3.215930824 3.0864978766864587e-12
3.217282055 5.6518589102687444e-12
3.2186332870000003 1.4563394248284635e-12
3.2199845180000004 4.296496199114254e-12
3.22133575 1.1259790927813123e-11
3.222686981 9.522723949957929e-12
3.2240382129999996 6.15478581956034e-12
3.2253894439999997 1.636465180458246e-12
3.226740676 5.495778377761813e-13
3.228091907 1.6068515158048063e-12
3.229443138 7.059889978094914e-13
3.23079437 3.3654292092427556e-13
3.232145601 2.3533434592684317e-13
3.2334968330000002 1.695230306078173e-13
3.234848064 1.6577192250455435e-12
3.2361992959999997 2.881982918846299e-12
3.237550527 3.101971256417281e-12
3.238901759 1.3136638170099336e-12
3.24025299 5.190297774829273e-15
3.2416042210000002 6.145196023030247e-13
3.242955453 6.276723340444755e-12
3.244306684 8.54022875780922e-12
3.2456579160000003 3.8275560589336e-12
3.2470091470000004 1.888518571963899e-12
3.248360379 2.0559538086176994e-12
3.24971161 2.9117381814156423e-12
3.251062841 1.9557236163770788e-13
3.2524140729999997 1.0298487516486587e-11
3.253765304 2.337679662828321e-11
3.255116536 9.113594987929136e-12
3.256467767 8.61623796694643e-12
3.257818999 2.046192413793052e-12
3.25917023 3.9866513898612423e-14
3.2605214620000003 1.9270607530828098e-14
3.261872693 3.757070201279009e-12
3.263223924 3.6955473998311324e-12
3.264575156 3.645363853641601e-12
3.265926387 1.0629162615853234e-11
3.267277619 1.4213525657745724e-11
3.2686288500000003 6.53537568859344e-12
3.269980082 2.5845107908222085e-12
3.271331313 2.4218114535345454e-12
3.272682544 7.882479294506557e-13
3.274033776 1.0675745055332903e-14
3.2753850069999997 1.7341832868197454e-14
3.276736239 2.201085250433458e-12
3.27808747 3.096486295809245e-12
3.2794387019999998 1.902354781943886e-12
3.280789933 7.488178645087581e-13
3.282141165 3.2909951495167505e-12
3.283492396 5.066240236777926e-12
3.2848436270000003 4.148827188139155e-12
3.286194859 4.284958646367378e-12
3.2875460899999998 1.7628595998164517e-12
3.288897322 2.2826431279325705e-14
3.290248553 6.303268419772042e-15
3.291599785 1.8401803515371267e-14
3.292951016 1.1446000939578829e-12
3.294302247 4.038431176660129e-13
3.2956534790000003 8.400884154864332e-13
3.29700471 9.6296849076351e-13
3.298355942 1.5131153892859105e-12
3.299707173 2.176765909455659e-12
3.301058405 1.1945479745839716e-12
3.3024096359999997 1.4733621838207672e-12
3.303760868 6.108061185225487e-13
3.305112099 7.569408756421263e-13
3.30646333 7.867593983644409e-14
3.307814562 1.8174529526761252e-13
3.309165793 3.647356763362218e-12
3.3105170250000002 7.394202896210722e-12
3.3118682560000003 6.26656403489856e-12
3.313219488 4.183207362364061e-12
3.3145707189999998 6.498661299149334e-12
3.315921951 1.4772531893363215e-11
3.317273182 5.241905368411726e-12
3.318624413 3.5005492534705857e-12
3.319975645 1.5212390293663406e-12
3.321326876 1.7728813396611535e-13
3.322678108 9.737673269053821e-14
3.324029339 4.301802637188954e-14
3.325380571 2.232498343419323e-14
3.326731802 5.20869887216472e-15
3.328083033 3.7861096172187214e-14
3.3294342649999997 9.245723745587893e-14
3.330785496 4.0507969371816135e-16
3.332136728 4.6058405263065344e-14
3.333487959 2.9787400626605945e-13
3.334839191 3.800021303245901e-13
3.336190422 5.124836200107394e-13
3.3375416540000002 3.176396884679295e-15
3.3388928850000004 3.4437748027459795e-13
3.340244116 2.499431199891675e-13
3.341595348 1.5633672701614109e-13
3.342946579 2.1058759858211513e-13
3.344297811 1.2092129079557938e-12
3.345649042 2.4584282373157773e-12
3.347000274 8.182641765724472e-14
3.348351505 3.501743356664785e-15
3.3497027360000002 4.8429076090227593e-17
3.351053968 4.809324959238445e-17
3.3524051989999997 4.770799484621229e-17
3.353756431 1.9583778060943304e-15
3.355107662 1.3846897648537074e-14
3.3564588939999997 3.3152460465447756e-16
3.357810125 6.385493044150091e-16
3.359161357 6.350784186984287e-16
3.360512588 4.035834892194646e-15
3.3618638190000003 1.4406251329210072e-13
3.363215051 1.9608828722906826e-13
3.3645662819999997 2.1468450277304174e-13
3.3659175140000004 3.4943380027368877e-13
3.367268745 8.725096748135381e-13
3.368619977 5.836986771264195e-13
3.369971208 4.677240276344741e-13
3.371322439 1.9311448823328098e-13
3.372673671 7.833776947164663e-14
3.374024902 1.7529129025745904e-13
3.375376134 9.313598247923927e-14
3.3767273650000003 1.2596489107671725e-14
3.378078597 1.3752962969034985e-12
3.3794298279999997 2.9862269659803985e-12
3.38078106 3.2455489449516192e-12
3.382132291 4.662040301491059e-12
3.383483522 6.589617182847575e-12
3.384834754 6.267939646954099e-12
3.386185985 1.5858403745489994e-12
3.387537217 2.660661119532496e-14
3.3888884480000003 3.59983708550532e-13
3.39023968 5.07300769031467e-13
3.3915909109999998 3.4102087812211203e-13
3.3929421430000004 3.5997292783281824e-13
3.3942933739999996 1.4443656505831746e-12
3.3956446049999998 1.8854443306344362e-12
3.396995837 2.049466897942931e-12
3.398347068 3.335069143330082e-12
3.3996983 2.5531538384229903e-12
3.401049531 1.3858677669377567e-13
3.402400763 1.2249279062210838e-14
3.4037519940000003 6.242346676657736e-13
3.405103225 1.3556323743708746e-11
3.4064544569999997 1.2165834345504116e-11
3.407805688 1.179659101696914e-11
3.40915692 1.543798411879897e-11
3.410508151 9.051145153583003e-12
3.411859383 3.178654011476747e-12
3.413210614 1.6608065910944195e-14
3.4145618460000002 1.5311007096361453e-14
3.4159130770000004 1.1829483981495207e-13
3.4172643079999996 6.1276413969752884e-12
3.41861554 1.036721270655515e-11
3.419966771 1.0830542165840768e-11
3.4213180029999997 1.0988234171711293e-11
3.422669234 1.0068361996655662e-11
3.424020466 3.730541301942219e-12
3.425371697 1.5264450518919295e-12
3.4267229280000002 6.495907070720322e-13
3.42807416 1.0753644550768892e-12
3.429425391 1.7301064269308332e-12
3.4307766230000003 1.890837138635325e-12
3.432127854 3.081915013943574e-12
3.4334790859999997 1.5163434818468055e-12
3.434830317 8.609208831074695e-15
3.436181549 1.2314010399289267e-14
3.43753278 2.4678573726861704e-13
3.4388840110000003 1.0346663183339094e-11
3.440235243 7.88969483857042e-12
3.441586474 4.853250128915445e-12
3.4429377060000004 6.130561879239047e-12
3.4442889369999996 2.512813787514633e-12
3.445640169 2.7929005098064893e-12
3.4469914 5.684998221374079e-14
3.448342631 9.29531689534079e-12
3.449693863 2.0354032548448638e-11
3.451045094 2.3884521512114382e-11
3.452396326 1.4411101218958336e-11
3.4537475570000002 7.551394184745178e-12
3.455098789 5.2151106805628235e-12
3.45645002 4.1409609263909085e-12
3.4578012520000003 5.103891303430671e-12
3.459152483 9.157094388240502e-13
3.460503714 6.806248912017022e-13
3.461854946 4.570475331756993e-12
3.463206177 7.57383606362588e-12
3.464557409 5.1845984086877425e-12
3.4659086400000003 6.1506758813421176e-12
3.467259872 2.7685267926353803e-12
3.468611103 4.320744774897304e-12
3.469962335 9.172546835755245e-12
3.4713135659999996 1.5300262075288714e-11
3.4726647969999997 1.1194281654870244e-11
3.474016029 7.588520241298167e-12
3.47536726 5.308581399851481e-12
3.476718492 1.567564487561969e-13
3.478069723 4.44487968559206e-13
3.479420955 2.6359688803720844e-12
3.4807721860000003 1.0162477669365543e-14
3.482123417 2.0182184291957486e-12
3.483474649 4.718767183803724e-12
3.48482588 2.976495620033726e-13
3.486177112 7.007815877020943e-13
3.487528343 2.7065907707516793e-12
3.488879575 2.7112984988447913e-12
3.490230806 4.438930929803104e-13
3.491582038 3.1540006682716504e-12
3.492933269 7.7659008591034e-12
3.4942845 8.027344073047508e-12
3.495635732 3.2489423254185043e-12
3.496986963 6.965836364048569e-13
3.4983381949999997 3.0995071351957825e-12
3.4996894259999998 6.100012857934158e-12
3.501040658 1.840908317004417e-12
3.502391889 5.873209313812094e-13
3.50374312 1.1878885700196924e-13
3.505094352 4.044859036158696e-13
3.506445583 2.3731953998443893e-12
3.5077968150000003 2.0842453660722605e-12
3.509148046 7.843288478806729e-15
3.5104992779999997 2.0855429106054414e-14
3.511850509 1.4555949450990836e-12
3.513201741 9.021114650383956e-14
3.514552972 4.955302582804945e-13
3.515904203 2.4731655449885593e-12
3.517255435 7.021571919741515e-12
3.518606666 2.661347860187432e-12
3.519957898 8.633470482931595e-13
3.521309129 1.2787332114280836e-12
3.5226603610000002 3.328053395073289e-12
3.524011592 8.382530111196606e-12
3.5253628239999997 5.448829195155248e-12
3.526714055 2.8263041654214506e-12
3.528065286 9.142708790748953e-12
3.529416518 4.064859141857444e-12
3.5307677490000002 4.334654175701663e-14
3.532118981 3.667773687788028e-12
3.533470212 7.0021233907956435e-12
3.5348214440000003 2.0396542174214457e-12
3.536172675 7.583821966406722e-13
3.537523906 3.284531146604659e-13
3.538875138 3.0703775914500696e-15
3.540226369 9.587443631377615e-14
3.5415776009999997 1.3746178371661819e-14
3.542928832 9.53588780154093e-16
3.544280064 2.2617809021086036e-15
3.545631295 2.8536521506482344e-15
3.546982527 1.5031083726658217e-15
3.548333758 2.795329115886604e-15
3.5496849889999997 5.022328268986697e-13
3.551036221 1.7843794759106602e-12
3.552387452 1.6295318623862821e-12
3.553738684 3.365853162275938e-12
3.555089915 8.376336639400244e-12
3.556441147 5.809117246880147e-12
3.5577923780000003 1.360466274970873e-13
3.5591436090000004 2.790235988528097e-13
3.560494841 5.845075590508619e-12
3.561846072 1.3236743800539275e-11
3.563197304 1.4163013368501927e-11
3.5645485349999997 1.3572652804524737e-11
3.565899767 1.4156045012897965e-11
3.567250998 4.54098920237579e-12
3.5686022299999998 1.3032022868211818e-13
3.569953461 3.345768792240439e-14
3.571304692 3.524675933250864e-14
3.572655924 3.6754664383716504e-14
3.574007155 1.835737694670284e-12
3.575358387 1.974045620929492e-11
3.5767096179999998 3.963043276037695e-11
3.57806085 4.206785502322373e-11
3.579412081 3.289951526913127e-11
3.580763312 1.1052448650316396e-11
3.582114544 4.364996971649547e-13
3.583465775 5.036458209286014e-12
3.5848170070000003 2.9283453374472444e-13
3.5861682380000004 3.254650628615069e-14
3.58751947 6.690527761428597e-13
3.588870701 1.9834389970976766e-12
3.5902219329999996 1.1214767259553991e-11
3.5915731639999997 1.0734073601734548e-11
3.592924395 5.0559566021871986e-11
3.594275627 3.854911743451838e-11
3.595626858 2.4400663904700244e-11
3.59697809 1.8608172153543025e-11
3.598329321 1.0374934482165546e-12
3.5996805530000002 3.265091085621271e-13
3.601031784 1.900029770019729e-11
3.602383016 2.4209718326158435e-11
3.603734247 1.3573136794842717e-11
3.605085478 2.595281065344787e-12
3.60643671 1.419879852793838e-11
3.607787941 3.101583932165896e-11
3.609139173 2.4989296221995098e-11
3.610490404 2.010322254714888e-11
3.6118416360000003 9.663075397192926e-12
3.6131928670000004 3.3197393632069476e-12
3.6145440979999997 1.882109989147056e-11
3.61589533 4.504738249628697e-11
3.617246561 3.863586053181834e-11
3.6185977929999997 1.0575465657956247e-11
3.619949024 2.8004320122111823e-13
3.621300256 1.985119566988582e-12
3.622651487 2.8100139531638765e-11
3.624002719 2.7592795160236413e-11
3.62535395 2.4653980459897183e-11
3.6267051809999997 4.1315012694514105e-11
3.628056413 6.749244881436197e-11
3.629407644 5.908249323554468e-11
3.630758876 6.707403408640621e-11
3.632110107 4.519118166316765e-11
3.633461339 3.2637731250813245e-11
3.6348125700000002 4.7422643605255883e-11
3.6361638010000004 5.7403775122943956e-11
3.637515033 3.7830926230537626e-11
3.638866264 1.5155989446893681e-12
3.640217496 1.4914593241557792e-11
3.6415687269999997 1.5128373200831945e-11
3.642919959 9.182560926191975e-11
3.64427119 1.233116093965977e-10
3.6456224219999998 8.378788419430526e-11
3.646973653 5.0850324663509885e-11
3.648324884 2.0418830098701755e-11
3.649676116 2.604192307190653e-11
3.6510273470000003 5.1983362401564e-11
3.652378579 7.119825060616383e-11
3.6537298099999997 5.7171311840265966e-11
3.655081042 7.508217291610011e-11
3.656432273 1.3874372367470045e-10
3.657783504 1.5767425427607574e-10
3.659134736 8.451906103513314e-11
3.660485967 6.207198907282893e-11
3.6618371990000003 7.001848044894275e-11
3.66318843 1.0839243063627111e-10
3.664539662 7.096373945561588e-11
3.665890893 5.470540999312343e-11
3.667242125 2.4056797342700105e-12
3.6685933559999997 1.6115996993984716e-12
3.669944587 2.3776644268215752e-11
3.671295819 5.072161739505027e-11
3.67264705 5.2499368687147636e-11
3.673998282 3.3816951144794635e-11
3.675349513 8.688025419094456e-11
3.676700745 2.141542117824136e-10
3.6780519760000003 3.3420791136829443e-10
3.679403208 3.095804658574828e-10
3.6807544389999998 1.7483922091631039e-10
3.68210567 8.764697576550712e-11
3.683456902 5.848532825894812e-11
3.684808133 6.050624772116447e-11
3.686159365 5.7686172850118e-12
3.687510596 2.3920012602586336e-11
3.688861828 1.1132279894684547e-10
3.690213059 2.0391327695411885e-10
3.6915642899999996 1.4427352352995521e-10
3.692915522 2.6049378677441198e-11
3.694266753 1.2627485678959309e-11
3.6956179849999997 3.355308601543498e-11
3.696969216 8.536865723318726e-11
3.698320448 1.9078885537362868e-10
3.699671679 2.0047025015370542e-10
3.701022911 1.587445862398268e-10
3.702374142 4.237528372182647e-10
3.703725373 8.30283832998412e-10
3.7050766050000004 9.553039211138288e-10
3.706427836 7.008046368785128e-10
3.707779068 3.51883293138329e-10
3.709130299 5.750188126034939e-10
3.710481531 3.5487189222727616e-10
3.711832762 2.4332147121521985e-10
3.713183993 1.483053306233542e-11
3.714535225 1.8868469114767068e-10
3.7158864560000002 1.041884934947562e-09
3.717237688 7.991665772946194e-10
3.7185889189999997 3.6294004243710633e-10
3.719940151 1.1601392891711663e-11
3.721291382 1.807908750384469e-11
3.7226426139999997 3.960578593409234e-10
3.723993845 7.352786924045067e-10
3.725345076 8.359334378484985e-10
3.726696308 3.957197737819314e-10
3.7280475390000003 8.066769159362412e-11
3.729398771 1.1945801262329103e-09
3.730750002 8.197860177723503e-10
3.7321012340000004 5.127256265242182e-10
3.733452465 9.955124185334599e-10
3.7348036959999997 1.506433461241539e-09
3.736154928 1.5843664091805108e-09
3.737506159 2.6693635800425603e-09
3.738857391 5.925944137713181e-09
3.740208622 8.599269668264805e-09
3.741559854 8.143567406991773e-09
3.7429110850000002 5.689057994387989e-09
3.744262317 4.053396429050983e-09
3.7456135479999997 2.993268236839319e-09
3.746964779 2.9719675647719246e-09
3.748316011 3.240546094790496e-09
3.749667242 2.1596530892863785e-09
3.751018474 2.436273686512238e-09
3.752369705 4.134493593593402e-09
3.753720937 3.949012820608312e-09
3.7550721680000003 1.588762511394269e-09
3.7564234 1.9557958142657323e-09
3.757774631 3.2498487290851157e-09
3.759125862 3.3195310372210074e-09
3.7604770939999996 5.693548020921282e-11
3.7618283249999998 1.1839040025209402e-11
3.763179557 1.254858445311693e-11
3.764530788 2.2468885605157312e-10
3.76588202 6.484516377406307e-09
3.767233251 1.6793442763586387e-08
3.768584482 1.6975473743088115e-08
3.7699357140000003 5.145468746545826e-10
3.771286945 2.3171666169397366e-11
3.7726381769999997 1.8635268935482125e-11
3.773989408 1.9686842073156236e-11
3.77534064 6.425649183619173e-11
3.776691871 1.4388512087355205e-09
3.778043103 1.3247873203180058e-08
3.779394334 2.2833509318775536e-08
3.780745565 1.9404919917557454e-08
3.7820967970000003 1.3049807587033826e-08
3.7834480279999996 1.2662733532871999e-08
3.7847992599999998 1.555619308822283e-08
3.786150491 1.493519864414788e-08
3.7875017229999997 1.9981261235324737e-08
3.7888529539999998 2.896343529537461e-08
3.790204185 2.578813071149426e-08
3.791555417 2.1131047130224937e-08
3.792906648 1.2715394984891794e-08
3.79425788 1.499884581750233e-08
3.795609111 1.6714857923078108e-08
3.7969603430000003 1.3965018303035692e-08
3.798311574 1.3774045275700313e-08
3.7996628059999997 1.6261824000742392e-08
3.801014037 4.883963256328486e-09
3.802365268 6.426467472731334e-11
3.8037165 1.3367928201960214e-08
3.8050677310000003 3.33783770414664e-08
3.806418963 4.671715157823461e-08
3.807770194 9.184346028198774e-08
3.8091214260000004 1.1237997045657826e-07
3.8104726569999996 6.315623469541176e-08
3.811823889 2.8689469604248857e-08
3.81317512 1.8811256590942e-08
3.814526351 2.5043248649926513e-09
3.815877583 2.8290734731665468e-08
3.817228814 5.643108637839889e-08
3.818580046 6.250577259853251e-08
3.8199312770000002 6.486655431750975e-08
3.821282509 1.0732515800161327e-07
3.82263374 6.569164667566905e-08
3.823984971 4.09736062644462e-08
3.825336203 1.7287922783455055e-08
3.826687434 9.390058758460163e-09
3.828038666 1.1245395910860228e-08
3.829389897 3.24068333128136e-09
3.830741129 2.5539091196567536e-10
3.8320923600000003 3.9412755800403216e-10
3.833443592 3.540918841020139e-08
3.834794823 2.2486258329105835e-07
3.836146054 3.8309942828434597e-07
3.8374972859999996 3.972343616344262e-07
3.8388485169999997 3.3575808925376815e-07
3.840199749 3.068861185376583e-07
3.84155098 3.6856406641579714e-07
3.842902212 5.319481997873934e-07
3.844253443 5.260940927365706e-07
3.845604674 2.637371449822422e-07
3.8469559060000003 4.024281712001921e-07
3.848307137 4.5038562257377514e-07
3.849658369 5.065793750697891e-07
3.8510096 5.99086420203308e-07
3.852360832 7.096651507158098e-07
3.853712063 7.540199541357018e-07
3.855063295 8.606307116643886e-07
3.856414526 1.3452598925203883e-06
3.857765757 1.4270664266858204e-06
3.859116989 1.1862138484638899e-06
3.86046822 9.562196029243264e-07
3.861819452 8.343146262455592e-07
3.863170683 6.700950222956135e-07
3.8645219149999996 4.611416337983589e-07
3.8658731459999998 1.3757809502496299e-06
3.867224377 3.002654211707278e-06
3.868575609 2.4225765579579387e-06
3.86992684 7.286224110887516e-07
3.871278072 3.638201179746535e-07
3.872629303 4.803774965049781e-07
3.8739805350000003 5.101364566175568e-08
3.875331766 2.451711477832124e-07
3.876682998 3.856663857656236e-08
3.878034229 2.6505080804499336e-07
3.87938546 1.5957256595634142e-06
3.880736692 3.189583729317851e-06
3.882087923 3.3811861331828756e-06
3.883439155 2.197239146172105e-06
3.884790386 2.440356516905596e-06
3.886141618 2.0063164264539697e-06
3.887492849 1.7249238089537842e-08
3.8888440810000002 3.5296903824329194e-09
3.890195312 2.1938157209766427e-08
3.891546543 1.828675973297935e-08
3.892897775 3.769043437162776e-09
3.894249006 3.8412077730792816e-09
3.895600238 3.909716322067205e-09
3.8969514690000002 3.9745945245145395e-09
3.898302701 5.210667817996682e-09
3.899653932 5.640911818320307e-07
3.9010051629999998 6.943260147168612e-07
3.902356395 7.526191459121337e-07
3.903707626 1.9917485367327252e-06
3.905058858 3.061479117346858e-06
3.906410089 2.9728312139176427e-06
3.9077613209999997 2.7330901340177328e-06
3.909112552 2.3852480739435293e-06
3.910463784 1.4995143947731246e-06
3.911815015 2.2392217671719434e-06
3.913166246 2.629025539288401e-06
3.914517478 3.267224248342075e-06
3.9158687089999997 4.811467751913717e-06
3.917219941 4.866026444848867e-06
3.918571172 1.8706955646748449e-06
3.919922404 1.4939602456548252e-06
3.921273635 2.9569261987782263e-06
3.922624866 1.8749708630774386e-06
3.9239760980000002 1.9414003500157012e-07
3.9253273290000004 3.0784780936222325e-07
3.926678561 4.2857330339963183e-07
3.928029792 1.1289884496018513e-07
3.929381024 2.06639425197856e-06
3.9307322549999997 3.780025639647443e-06
3.932083487 3.225764912788339e-06
3.933434718 2.53882427690583e-06
3.934785949 2.3005224450909585e-06
3.936137181 1.7997683422500878e-06
3.937488412 2.0437725341210723e-06
3.938839644 4.6503371348877875e-06
3.940190875 4.488173800082302e-06
3.941542107 2.879606666153551e-06
3.9428933379999997 2.222082883155083e-06
3.944244569 3.10191872445142e-06
3.945595801 3.289477031150423e-06
3.946947032 2.5532510365404613e-06
3.948298264 2.9624458974734624e-06
3.949649495 3.090665540779342e-06
3.9510007270000003 3.6123750186601505e-06
3.9523519580000004 4.2472207939459115e-06
3.95370319 6.48014888211379e-07
3.955054421 5.3606802841811215e-08
3.956405652 6.297646304771362e-07
3.9577568839999997 3.526414445023625e-07
3.959108115 4.0186100603476236e-07
3.960459347 1.4201721008815076e-06
3.961810578 1.5432382634850107e-06
3.96316181 1.1717330601756863e-06
3.964513041 1.4180301814532813e-06
3.965864273 1.2295641507128458e-06
3.967215504 1.8665034485052495e-06
3.968566735 4.50360083199802e-07
3.9699179669999998 7.845229597120194e-07
3.971269198 1.6635660967249057e-06
3.97262043 3.107348319699349e-06
3.973971661 3.114379902498454e-06
3.975322893 3.1096124819123753e-06
3.976674124 3.442287108551812e-06
3.978025355 2.0926506385073975e-06
3.9793765870000004 1.5321855478991014e-07
3.9807278179999996 4.942110926081983e-09
3.98207905 5.916056014015086e-09
3.983430281 2.000858926906283e-07
3.9847815129999997 1.66414660841114e-06
3.986132744 4.588743762539024e-06
3.987483976 6.788355126239819e-06
3.988835207 6.592185274156487e-06
3.9901864380000003 4.280813469328272e-06
3.99153767 2.7174738418142e-06
3.9928889009999997 1.9213399381852943e-06
3.994240133 2.6297802158746214e-06
3.995591364 1.1559009138472464e-06
3.996942596 1.9701450546935723e-07
3.998293827 1.7975990982203995e-07
3.999645058 8.978943831488067e-07
4.00099629 8.565212660343707e-08
4.002347521 1.1366956320772839e-08
4.003698753 1.059715820690012e-06
4.005049984 2.4458788940221224e-06
4.006401216 2.397431829874888e-06
4.007752447 2.514365695561738e-06
4.009103679 2.2123512136275334e-06
4.01045491 1.2822790983297916e-06
4.011806141 8.489048602058775e-07
4.013157373 1.0961891428853703e-06
4.014508604 1.7582276830319756e-06
4.015859836 1.7550069455369276e-06
4.017211067 1.4850112565881974e-06
4.018562299 1.1003884575612422e-06
4.01991353 3.0817186016984066e-08
4.021264761 2.7766973221989625e-08
4.022615993 1.0436042233935396e-06
4.023967224 1.9269106212038063e-06
4.025318456 2.2397506170946534e-06
4.026669687 1.4922234581133e-06
4.028020919 1.9714675417306942e-06
4.02937215 2.7608837997102146e-06
4.030723382 2.8432850750727408e-06
4.032074613 1.2745094997218536e-06
4.033425844 2.074020416279623e-06
4.034777076 1.4146121399173946e-06
4.036128307 7.475861069215766e-08
4.037479539 6.7406249832493694e-09
4.03883077 4.961531470198737e-09
4.040182002 4.961812757728615e-09
4.041533233 4.962656638813267e-09
4.042884465 4.963476906402327e-09
4.044235696 4.964329870258157e-09
4.0455869269999996 4.965161672120276e-09
4.046938159 8.450559087767224e-08
4.04828939 9.204751334851572e-07
4.049640622 2.0345282549909574e-06
4.050991853 8.172878182432331e-07
4.052343085 1.267878026698748e-06
4.053694316 2.888333025417551e-06
4.055045547 3.102474076775507e-06
4.056396779 1.4420529537822392e-06
4.05774801 2.2901118359184803e-08
4.059099241999999 5.2349090769833825e-08
4.0604504729999995 2.787331293058325e-06
4.061801705 4.843096888679745e-06
4.063152936 4.973726732551653e-06
4.064504168 2.490932299495128e-06
4.065855399 1.6011180172912143e-08
4.06720663 4.972334987534e-09
4.0685578620000005 2.3136347937745604e-08
4.069909093000001 9.250205027343679e-07
4.071260325 2.2418132582457165e-06
4.072611556 4.798477647395542e-06
4.073962788 7.609259633626379e-06
4.075314019 7.317739856688497e-06
4.07666525 5.292298898410408e-06
4.078016482 3.9583753839742855e-06
4.079367713 2.8835953532559956e-06
4.080718945 1.939727154103364e-06
4.082070176 8.411597749939239e-07
4.083421408 1.736461002456623e-06
4.084772639 5.749363079582665e-06
4.086123871 7.789339390521625e-06
4.087475102 4.407497197885357e-06
4.088826333 4.360591133860038e-06
4.090177565 5.3851752211700795e-06
4.091528796 3.4481774092837234e-06
4.092880028 1.3058221056087805e-06
4.094231259 7.297504450288931e-07
4.095582491 6.373067322019077e-07
4.096933722 6.38239844392174e-07
4.098284953 1.1783403498993584e-06
4.0996361850000005 2.03693908185994e-06
4.100987416 2.043418675649987e-06
4.102338648 1.1521035270299061e-06
4.103689878999999 6.020376369228214e-07
4.105041110999999 9.207225105880326e-07
4.106392342 8.832234335887254e-07
4.107743574 9.446097777016594e-07
4.109094805 3.156633967120213e-08
4.110446036 4.981971502295509e-09
4.111797268 4.982043359704563e-09
4.113148499 4.982156121902699e-09
4.1144997309999995 4.982262719164453e-09
4.115850962000001 3.1168269212366847e-07
4.117202194000001 3.6639652668436728e-06
4.118553425 6.675516291514369e-06
4.119904657 4.382385528375176e-06
4.121255887999999 2.1335036761267854e-06
4.122607119 1.7451558671194485e-06
4.123958351000001 1.8093767772094498e-06
4.125309582 1.2352590579906996e-06
4.126660814 1.30182749438602e-07
4.128012045 6.512717488097996e-09
4.129363277 3.0267107406479387e-07
4.130714508 2.4839664459210585e-06
4.132065739 5.9633996495392324e-06
4.133416971 5.030036998362438e-06
4.134768202 2.072570975205002e-06
4.136119434 7.776791698763307e-07
4.1374706649999995 1.3087912994194117e-07
4.138821897 1.1671894598780188e-08
4.140173128000001 4.2666100289824094e-08
4.14152436 1.3620285082873172e-07
4.142875591 4.977206735191131e-09
4.144226821999999 4.976859327757092e-09
4.145578054 3.761069164947237e-07
4.146929285000001 2.4849760339080127e-06
4.148280517 2.8456047859797505e-06
4.149631748 2.6203203791982803e-06
4.15098298 2.0240020218237904e-06
4.152334211 1.4005120192247838e-06
4.153685442 1.5687814275356225e-06
4.155036674 2.17472736646384e-06
4.156387905 2.733004344649315e-06
4.157739136999999 2.2677829089227737e-06
4.159090368 9.178699774993202e-07
4.1604416 4.1570560886704067e-07
4.161792831 7.012702216458337e-07
4.163144063 1.8687590431223717e-06
4.164495294 2.8446555117676216e-06
4.165846525 3.1201664369035267e-06
4.167197757 3.270794394868407e-06
4.1685489879999995 3.8695006411280105e-06
4.169900220000001 4.845052323098021e-06
4.171251451 5.704351352356805e-06
4.172602683 5.297679539728419e-06
4.173953914 3.6155642104391774e-06
4.1753051459999995 3.0240104532735136e-06
4.1766563770000005 3.4400618940339914e-06
4.178007608 4.768289131325079e-06
4.17935884 5.71257370203773e-06
4.180710071 4.661236800013162e-06
4.182061303 3.28138755999385e-06
4.183412534 1.8078703953430913e-06
4.184763766 9.984318986736918e-07
4.186114997 1.0620885455952624e-06
4.187466228 2.364789108118575e-06
4.18881746 3.4230580621474888e-06
4.190168691 2.952065895658283e-06
4.1915199229999995 5.602951208485045e-07
4.1928711540000005 5.268525883412736e-09
4.194222386000001 4.938943245332699e-09
4.195573617 4.937388075116275e-09
4.196924849 1.491393826430915e-08
4.198276079999999 4.517260979718797e-07
4.199627311 1.8189557636897264e-06
4.200978543 1.577511538039597e-06
4.202329774 1.6066959235259526e-06
4.203681006 1.593819245110911e-06
4.205032237 1.1055196328888875e-06
4.206383469 4.826412389892738e-07
4.2077347 9.06291451299462e-07
4.209085931 1.403362084565676e-06
4.210437163 1.6327364666589598e-07
4.211788394 4.926857805125171e-09
4.213139626 4.9258363579218935e-09
4.2144908569999995 1.7152220974147553e-07
4.215842089 1.5798862709427293e-06
4.217193320000001 2.3353425456695177e-06
4.218544552 3.084593683653631e-06
4.219895783 4.171708106872067e-06
4.221247013999999 4.398091470846892e-06
4.2225982459999996 2.9487648140037643e-06
4.223949477 2.959930908107374e-06
4.225300709 2.3264136045461403e-06
4.22665194 1.9579611422506558e-08
4.228003171999999 4.915283628033616e-09
4.229354403 4.914280388562953e-09
4.2307056339999995 4.913272690085753e-09
4.232056866 4.912230191192633e-09
4.233408097000001 4.9111479446648655e-09
4.234759329 4.910059372287552e-09
4.23611056 4.908956559512613e-09
4.237461792 4.907853364702333e-09
4.238813023 4.906798189928419e-09
4.240164255 4.905785677080453e-09
4.241515486 1.871048972116575e-08
4.242866717 1.4803882992261344e-06
4.244217949 3.4428670397980157e-06
4.24556918 3.2171444700072767e-06
4.246920412000001 9.671918702768288e-07
4.248271643 1.0219828584879875e-07
4.249622875 4.909673702173901e-09
4.250974105999999 1.5210010137904723e-07
4.2523253379999995 7.30054197154494e-07
4.2536765690000005 1.2060579716130245e-06
4.2550278 2.245132879267998e-06
4.256379032 3.3909250556259425e-06
4.257730263 3.4510067532733324e-06
4.259081495 3.279132870769037e-06
4.260432726 1.6148332727153034e-06
4.261783958 4.776843626561715e-07
4.263135189 6.343570244871762e-07
4.26448642 1.0747816849295353e-06
4.265837652 2.918526277077385e-06
4.267188883 3.4100892624684172e-06
4.2685401149999995 1.2577507052897836e-06
4.2698913460000005 2.666969390187424e-08
4.271242578000001 1.5528051843347624e-08
4.272593809 6.632578451871222e-07
4.273945041 2.4976290280090225e-06
4.275296271999999 3.2491910441187247e-06
4.276647503 3.2275616186603762e-06
4.277998735 3.1195639806505056e-06
4.279349966 3.55333428900922e-06
4.280701198 3.6700978121276406e-06
4.282052429 3.6947744107376843e-06
4.283403661 3.50363395910105e-06
4.284754892 3.1492609008329456e-06
4.286106123 2.3508719812975505e-06
4.287457355 1.4310258151231259e-06
4.288808586 1.454538814817814e-06
4.290159818 2.689632484427668e-06
4.2915110489999995 2.959617011806122e-06
4.292862281 2.7789596956335976e-06
4.294213512000001 3.731405265389773e-06
4.295564744 2.48870184141038e-06
4.296915975 1.3573684416922904e-07
4.298267206 7.449674531607407e-08
4.299618438 7.471084312311928e-08
4.300969669 4.8689122140070064e-09
4.302320901 4.867125389834836e-09
4.303672132 3.883431796138736e-08
4.305023363999999 3.115423294881258e-07
4.306374595 5.666435952308308e-07
4.3077258259999995 6.068388039138308e-07
4.309077058 5.852240558085381e-07
4.310428289000001 8.261147393529199e-07
4.311779521 7.204705044420492e-07
4.313130752 2.1036671848612103e-07
4.314481984 1.057731605910514e-08
4.315833215 4.84876404976386e-09
4.317184447 4.846917876000715e-09
4.318535678 4.845058384579738e-09
4.319886909 4.8431946575292725e-09
4.321238141 4.841463613623692e-09
4.322589372 9.30905473438671e-09
4.323940604000001 1.216001540790565e-06
4.325291835 1.3181549913505878e-06
4.326643067 6.792099782746685e-08
4.327994297999999 4.832697074453349e-09
4.329345529999999 4.830922879316053e-09
4.3306967610000004 4.829113565943657e-09
4.332047992 4.827262693023878e-09
4.333399224 4.8254066491680564e-09
4.334750455 4.82354527652709e-09
4.336101687 4.82170198703982e-09
4.337452918 4.8198673434476586e-09
4.33880415 4.818034901873901e-09
4.340155381 4.816193232549684e-09
4.341506612 4.72752001947146e-08
4.342857844 4.2206396793071034e-08
4.344209075 4.810545253091594e-09
4.3455603069999995 4.811564732842996e-09
4.3469115380000005 4.811925427227994e-09
4.34826277 4.809896576229691e-09
4.349614001 5.979428330154482e-09
4.350965233 2.3324854190549408e-07
4.352316464 2.3800061489280728e-08
4.353667695 4.806389211862238e-09
4.355018927 5.287774291714797e-09
4.356370158 1.0156264827249815e-07
4.35772139 4.340386533751221e-08
4.359072621 3.042579145550637e-07
4.360423853 5.035190732607983e-07
4.361775084 2.2892868264138919e-07
4.363126315000001 1.7323241956003858e-06
4.364477547000001 2.3298647458598776e-06
4.365828778 1.345404755795918e-06
4.36718001 1.4628586164750316e-07
4.3685312409999995 2.3627650169778678e-07
4.369882473 1.9013283133918838e-06
4.371233704 2.9195329934738284e-06
4.372584936 3.4964430800773325e-06
4.373936167 3.8805494728478785e-06
4.375287398 3.973496086782365e-06
4.37663863 2.7359228449713416e-06
4.377989861 2.129876061641117e-07
4.379341093 1.5340926238671323e-08
4.380692324 4.792396684778534e-09
4.382043555999999 1.088141490678258e-07
4.383394787 3.7889689797481163e-07
4.3847460179999995 1.0669425599112485e-07
4.38609725 5.537517845652929e-09
4.387448481000001 4.737164688725675e-09
4.388799713 4.733991559137173e-09
4.390150944 4.730801110914925e-09
4.391502176 4.727585678955551e-09
4.392853407 4.724375556257223e-09
4.394204639 1.2798129373684964e-08
4.39555587 2.807931346376038e-07
4.396907101 8.874628939283622e-07
4.398258332999999 1.8184660865430856e-06
4.399609564 1.6075893203442762e-06
4.400960796000001 8.075553007481832e-07
4.402312027 1.852695424982719e-08
4.403663259 4.7016893417595315e-09
4.405014489999999 4.699137658503593e-09
4.406365721999999 4.701642367956152e-09
4.407716953 4.69909688633664e-09
4.409068184 4.69661177545587e-09
4.410419416 4.694166709614812e-09
4.411770647 4.69177386572263e-09
4.413121879 4.690081961259368e-09
4.41447311 4.6924843787393015e-09
4.415824342 4.690238506198858e-09
4.417175573000001 2.60676785013558e-08
4.418526804 4.196776120762065e-07
4.419878036 2.925710241679139e-06
4.421229266999999 3.9851749232619595e-06
4.4225804989999995 2.7014492246192047e-06
4.4239317300000005 5.306802312696228e-07
4.425282962 7.275694031006194e-09
4.426634193 4.673802095728837e-09
4.427985425 4.671931558972185e-09
4.429336656 4.670108601922848e-09
4.430687887 4.668273902602011e-09
4.432039119 4.666449636115498e-09
4.43339035 4.664656286184737e-09
4.434741582 4.662910753031722e-09
4.436092813 4.661193949284569e-09
4.437444045 4.6595105049395234e-09
4.438795276 4.657856782809144e-09
4.440146507000001 4.6562409441640765e-09
4.441497739000001 4.654706499566295e-09
4.44284897 4.653183566672256e-09
4.444200202 4.651653373700127e-09
4.445551432999999 4.649947771358884e-09
4.446902665 4.648263227118148e-09
4.448253896 4.646571478342606e-09
4.449605128 4.644898199190516e-09
4.450956359 4.643193894894616e-09
4.45230759 4.6414904242299226e-09
4.453658822 4.639769267768289e-09
4.455010053 4.6380413157998e-09
4.456361285 4.636310641983757e-09
4.457712516 4.634581339855402e-09
4.459063747999999 4.632848149325904e-09
4.460414979 4.631110495480337e-09
4.4617662110000005 4.6294046237937366e-09
4.463117442 4.627696562378734e-09
4.464468673000001 4.625997976696681e-09
4.465819905 4.6242744217400464e-09
4.467171136 4.622550456784864e-09
4.468522368 6.321385373535886e-08
4.469873599 1.7071635838559516e-06
4.471224831000001 2.126681962823772e-06
4.472576062 2.5353482582843656e-08
4.473927293 4.613614340002044e-09
4.475278524999999 4.611756821025192e-09
4.476629756 4.613051416777686e-09
4.4779809880000006 4.612986612211475e-09
4.479332219 4.611033932477586e-09
4.480683451 4.609037114576924e-09
4.482034682 4.607012180026545e-09
4.483385914 4.604937376549589e-09
4.484737145 4.606703183994962e-09
4.486088376 4.60593672835263e-09
4.487439608 1.4868849442622151e-08
4.488790839 1.1045469684752089e-06
4.490142071 2.231383165480136e-06
4.491493302 3.1986423370373367e-06
4.492844534 3.3349934354228556e-06
4.494195765000001 2.3391640392119485e-06
4.495546996 8.797529770411164e-07
4.496898228 1.3777734189033126e-07
4.498249458999999 6.253284135122618e-09
4.4996006909999995 4.5819325956292936e-09
4.5009519220000005 4.5792703827226556e-09
4.502303154 4.576594618860636e-09
4.503654385 4.573854559031216e-09
4.505005617 4.571049112106879e-09
4.506356848 4.684838002045538e-09
4.507708079 2.1236845025738703e-07
4.509059311 1.8293712494116665e-06
4.510410542 1.1420868655290595e-06
4.511761774 1.1135699781834447e-08
4.513113005 4.553341858874906e-09
4.514464237 4.550258422490794e-09
4.5158154679999996 4.547126946405035e-09
4.517166699000001 4.5439569273671344e-09
4.518517931 8.471773485848316e-09
4.519869162 4.116126788775132e-07
4.521220394 7.83344322936239e-08
4.522571624999999 1.5650779578729284e-07
4.523922857 5.145866251607585e-09
4.525274088 4.524275476709056e-09
4.52662532 4.520855576138146e-09
4.527976551 4.5173854625312135e-09
4.529327782 4.5138975359059e-09
4.530679014 4.510371769279096e-09
4.532030245 4.506796127493783e-09
4.533381477 4.503216055165328e-09
4.534732708 4.499621691759933e-09
4.53608394 4.4960505449085434e-09
4.537435171 4.492459411962485e-09
4.5387864030000005 4.48886471987093e-09
4.540137634 4.4852597121413986e-09
4.541488865 4.481667902430811e-09
4.542840097 4.4780702199334105e-09
4.544191328 5.453091455835603e-09
4.5455425599999995 2.1834993890074203e-08
4.5468937910000005 8.955515849145026e-08
4.548245023000001 2.4853684395890425e-07
4.549596254 6.151463563747949e-07
4.550947485 2.1647016475380992e-06
4.552298716999999 6.262138837066154e-06
4.553649948 1.2788709007825437e-05
4.5550011800000005 2.0050981109969555e-05
4.556352411 2.764125719279552e-05
4.557703643 3.3132108265498435e-05
4.559054874 3.772760183436032e-05
4.560406106 4.277688944410956e-05
4.561757337 4.857353538913547e-05
4.563108568 5.552751389902131e-05
4.5644598 6.416131117369503e-05
4.565811031 7.507298282851593e-05
4.567162263 8.94818567533898e-05
4.568513493999999 0.0001076631523980859
4.569864726 0.00013081849594615043
4.571215957000001 0.0001595558883977941
4.572567188 0.00019310591845127302
4.57391842 0.00023141636096768632
4.575269650999999 0.00027211589862613105
4.5766208829999995 0.00031689671764296854
4.5779721140000005 0.0003654759849641158
4.579323346 0.00041450566975508566
4.580674577 0.00046872323159251556
4.582025809 0.0005285051792708981
4.58337704 0.000592342696435704
4.584728271 0.0006612359791966957
4.586079503 0.0007354198381577977
4.587430734 0.0008219845161399886
4.588781966 0.0009237206266796122
4.590133197 0.0010434625985650935
4.591484429 0.001187496884874885
4.5928356599999995 0.001358774974490838
4.5941868910000005 0.0015630384252041255
4.595538123 0.001819315835213569
4.596889354 0.002126632937214381
4.598240586 0.002496749532227011
4.599591817 0.002956188885707835
4.6009430490000005 0.00351453248210494
4.60229428 0.004196680237354104
4.603645512 0.005049190417429533
4.604996743 0.0060967426034951415
4.606347974 0.007391422034516587
4.607699206 0.009007293483022438
4.609050437 0.010994553358828383
4.610401669 0.01344548131080539
4.611752900000001 0.016463839695364194
4.613104132 0.02014997264556063
4.614455363 0.02463895350097849
4.6158065950000005 0.030024680623725503
4.617157826 0.03649084813500016
4.618509057 0.04417643918932004
4.619860289 0.05312731956711097
4.62121152 0.06361094757549551
4.622562751999999 0.07566996423230017
4.6239139830000004 0.0893510304877291
4.625265215000001 0.10500606709116214
4.626616446 0.12246008527703779
4.627967677 0.1415734730291691
4.629318908999999 0.16265679691045237
4.63067014 0.1846985842068735
4.6320213720000005 0.20714197159213255
4.633372603 0.23017292160303293
4.634723835 0.2508549208708804
4.636075066 0.2694648050013901
4.637426298 0.28624938542470807
4.638777529 0.2976212398533211
4.64012876 0.3062690615698491
4.641479992 0.3123312394059808
4.642831223 0.314158043577752
4.644182455 0.31477516529429067
4.645533685999999 0.3139729805942155
4.646884918 0.3121765640189128
4.648236149000001 0.3103379690458414
4.64958738 0.3085659499835922
4.650938612 0.30737720171274674
4.652289842999999 0.30689633019115076
4.6536410749999995 0.30670703263261645
4.6549923060000005 0.30709095521059654
4.656343538 0.30773627319330027
4.657694769 0.3086518854366227
4.659046001 0.3094999493730202
4.660397232 0.310266972460167
4.661748463 0.3106189118420378
4.663099695 0.31052574006193745
4.664450926000001 0.3100728158202942
4.665802158 0.308568330963032
4.667153389 0.30640562323812276
4.668504621 0.3034344822741784
4.6698558519999995 0.2983098763173721
4.6712070830000005 0.2917163365228436
4.672558315 0.28275108840183694
4.673909546 0.2697955228185249
4.675260778 0.25473681664783077
4.676612009 0.23534180648527797
4.6779632410000005 0.21266841152358398
4.679314472 0.18931164166378575
4.680665704 0.1629705551054431
4.682016935 0.13763172681355013
4.683368166 0.11428282838446649
4.684719398 0.0921337621509243
4.686070629 0.07356988341255907
4.687421861 0.05799534859798184
4.688773092 0.04528892152989561
4.690124324 0.03528474413748042
4.691475555 0.027452873300595173
4.6928267869999996 0.021435514219734136
4.694178018 0.016782845987811913
4.695529249 0.013243761611107227
4.696880481 0.010516505282721607
4.698231712 0.008403834009775167
4.699582943999999 0.0067904836098791515
4.700934175 0.005514573120652133
4.702285407000001 0.004510134716575895
4.703636638 0.00372122855058395
4.704987869 0.003084461571720609
4.706339100999999 0.002577818140604261
4.707690332 0.0021664985139342357
4.7090415640000005 0.0018272149586312963
4.710392795 0.0015516209601654733
4.711744027 0.0013221940669953828
4.713095258 0.0011306172240121335
4.71444649 0.0009684885326125801
4.7157977209999995 0.0008306748865961567
4.717148952 0.0007140598166361937
4.718500184000001 0.0006173930897341559
4.719851415 0.0005353264633301987
4.721202647 0.0004659999609827261
4.722553877999999 0.00040720026408395694
4.72390511 0.00035691841145402316
4.725256341000001 0.0003163745471141664
4.726607572 0.0002824535468939843
4.727958804 0.0002550627782242572
4.729310035 0.00023567039126853602
4.730661267 0.0002195849125473084
4.7320124980000005 0.00020621680033174698
4.73336373 0.0001925360248353207
4.734714961 0.0001791607706963247
4.736066193 0.00016779344858489724
4.737417424 0.00015698447556052552
4.738768654999999 0.00014670375794119977
4.740119887 0.0001348870215786447
4.741471118000001 0.0001234341844526335
4.74282235 0.00011261728959799868
4.744173581 0.00010218156345755805
4.745524813 9.23548647911596e-05
4.7468760439999995 8.231930161730994e-05
4.748227276 7.375157494801359e-05
4.749578507 6.670492369490224e-05
4.750929738 6.0219386982711765e-05
4.75228097 5.4498521068942537e-05
4.753632201 4.988277874519349e-05
4.7549834330000005 4.677659290490154e-05
4.756334664 4.4796486156582916e-05
4.757685896 4.073907746783047e-05
4.759037127 3.598847337449734e-05
4.760388358 3.006639194309457e-05
4.76173959 2.5554872778336124e-05
4.763090821 2.1822443674124724e-05
4.764442053 1.723695188429169e-05
4.765793284 1.0380368527791131e-05
4.767144516 6.786328514276098e-06
4.768495747 4.552363860467978e-06
4.7698469789999995 3.1068939365803098e-06
4.77119821 1.6937100341630458e-06
4.772549441 1.1783355834026799e-07
4.773900673 4.182345248812582e-09
4.775251904 3.8267644934717784e-09
4.776603135999999 3.822554558258374e-09
4.777954367 3.81833518772147e-09
4.779305599000001 3.814107604525185e-09
4.78065683 4.372608570382537e-09
4.782008061000001 1.1522891138373303e-07
4.783359293 1.1465638158016463e-06
4.784710524 2.687220080687722e-06
4.7860617560000005 5.743015040861288e-06
4.787412987 7.97125577412612e-06
4.788764219 9.291795022252648e-06
4.79011545 9.911320242411145e-06
4.791466682 9.51430615994695e-06
4.7928179129999995 8.994997869929293e-06
4.7941691440000005 8.876112596835638e-06
4.795520376000001 8.722087230780911e-06
4.796871607 7.90212073068721e-06
4.798222839 6.678816885488338e-06
4.799574069999999 6.384302208246477e-06
4.800925302 6.8394256660982845e-06
4.802276533000001 7.987527289010974e-06
4.803627764 8.832517212474002e-06
4.804978996 9.662937231373478e-06
4.806330227 8.846589686611593e-06
4.807681459 7.528279892060687e-06
4.80903269 6.028939799575365e-06
4.810383922 5.278612915672414e-06
4.811735153 4.7781570346294955e-06
4.813086384999999 4.427395087499824e-06
4.814437616 4.124935752947658e-06
4.815788846999999 3.3196439355296935e-06
4.817140079 3.093988620862031e-06
4.818491310000001 2.9220328468477644e-06
4.819842542 2.4270122392022573e-06
4.821193773 1.5294451933693265e-06
4.822545005 7.235765267478509e-07
4.8238962359999995 3.4575781654450204e-08
4.825247468 3.689876267336394e-09
4.826598699 3.6862326451251707e-09
4.82794993 3.6825490385501097e-09
4.829301162 3.6787808694410773e-09
4.830652393 1.2623305230742988e-08
4.8320036250000005 7.087676811039269e-08
4.833354856 7.361948732793288e-09
4.834706088 3.6627399564022333e-09
4.836057318999999 3.6585205877677984e-09
4.83740855 1.3568158067406945e-08
4.838759782 1.4794481657836263e-07
4.840111013 5.658076110224494e-07
4.841462245 1.788738429318675e-07
4.842813476 5.328253424735071e-09
4.844164708 2.1080454490655915e-08
4.845515939 4.438246683597464e-07
4.8468671709999995 9.046168002162917e-07
4.8482184020000005 1.492306511555042e-06
4.849569633 1.94483929485458e-06
4.850920865 2.705277563401825e-06
4.852272096 3.893563008973469e-06
4.853623327999999 4.623513908444101e-06
4.854974559 5.308847613562985e-06
4.856325791000001 5.3622471312103785e-06
4.857677022 5.318072943418517e-06
4.859028253 5.278457125914022e-06
4.860379485 5.507004656052781e-06
4.861730716 5.730061834354245e-06
4.863081948 5.9580078001041815e-06
4.864433179 5.530517786598814e-06
4.865784411 5.391128467832375e-06
4.867135642 4.186408007445574e-06
4.868486874 3.3513525507785794e-06
4.8698381049999995 2.06043615824198e-06
4.8711893360000005 4.679033784107397e-07
4.872540568000001 5.417132036847485e-08
4.873891799 8.603136667483808e-09
4.875243031 3.4777167274175367e-09
4.876594261999999 3.472104172130452e-09
4.8779454939999995 3.465750916684305e-09
4.879296725000001 3.4564899437574903e-09
4.880647956 3.447223389632048e-09
4.881999188 3.4380002608090333e-09
4.883350419 3.4287974686298896e-09
4.884701651 3.4196388490326094e-09
4.8860528819999995 3.4105723547694763e-09
4.887404114 3.401587733573115e-09
4.888755345 3.392678516358569e-09
4.890106576999999 3.383838929554555e-09
4.891457808 3.375076254647493e-09
4.892809038999999 3.366442830910542e-09
4.894160271 3.357920495200045e-09
4.895511502000001 3.349502212693004e-09
4.896862734 3.3411756491468766e-09
4.898213965 3.332968365036445e-09
4.899565197 3.32490262355507e-09
4.900916428 3.316956480562902e-09
4.902267660000001 3.3091191573655805e-09
4.903618891 3.3013781678053793e-09
4.904970122 3.29376068857024e-09
4.906321354 3.2862587547350703e-09
4.907672585 3.2788493912600455e-09
4.9090238170000005 3.2714862014832455e-09
4.910375048 3.2641512416818206e-09
4.91172628 3.256863991458258e-09
4.913077511 3.249591709324542e-09
4.914428742 3.242299126716378e-09
4.915779974 3.2349190827444106e-09
4.917131205 7.383462786393219e-09
4.918482437 2.64770843346623e-07
4.919833668 1.0580346923366976e-06
4.9211849 1.2786961974476673e-06
4.922536131 9.940163225331645e-07
4.9238873629999995 8.362891600428124e-07
4.9252385940000005 1.0102800169891602e-06
4.926589825 1.2963116520204579e-06
4.927941057 1.7712758410071892e-06
4.929292288 2.111134687284562e-06
4.930643519999999 2.3903928853126267e-06
4.931994751 1.9791581403632588e-06
4.933345983000001 1.2064640305466467e-06
4.934697214 3.4393603122343723e-07
4.936048445 8.562517069331103e-08
4.937399677 2.0115283653875302e-08
4.938750908 7.645798293510067e-08
4.94010214 4.1604254633855095e-07
4.941453371 1.3352084878484594e-08
4.942804603 3.0065597699871907e-09
4.944155834 2.986421151837999e-09
4.945507066 8.117363969512585e-09
4.9468582969999995 1.425134723433146e-07
4.9482095280000005 4.596285804205844e-07
4.949560760000001 9.55039246721693e-07
4.950911991 1.031454239531574e-06
4.952263223 9.83128441300948e-07
4.953614453999999 7.350122561446056e-07
4.9549656859999995 7.357510077678361e-08
4.9563169170000005 3.5232943380933748e-09
4.957668148 2.7135824734607075e-09
4.95901938 2.6788457129233566e-09
4.960370611 2.642825673943549e-09
4.961721843 2.605614539920259e-09
4.9630730739999995 2.5670976979909016e-09
4.964424306 2.527554435614041e-09
4.965775537000001 2.486809792460231e-09
4.967126769 2.4451833921635583e-09
4.968478 2.402596636237463e-09
4.969829230999999 2.359172736718493e-09
4.971180463 2.315059244636929e-09
4.972531694000001 2.270223558294187e-09
4.973882926 2.224944335074611e-09
4.975234157 2.17907559465826e-09
4.976585389 2.1329158532236478e-09
4.97793662 2.086411472686926e-09
4.979287852000001 2.0397502353403828e-09
4.980639083 1.9930182879928597e-09
4.981990314 1.9462569088447984e-09
4.983341545999999 1.8996368398023277e-09
4.984692777 1.8530941359613021e-09
4.986044009 1.8068868797582667e-09
4.98739524 1.760971601678165e-09
4.988746472 1.715501811742785e-09
4.990097703 1.6704892415865998e-09
4.991448934 1.625989535174083e-09
4.992800166 1.5820999522023993e-09
4.9941513969999995 1.5388180399221344e-09
4.995502629 1.496273969706537e-09
4.99685386 1.4544008995256414e-09
4.998205092 1.4132908528058968e-09
4.999556323 1.3729261354119868e-09
5.0009075549999995 1.3334889692019784e-09
5.0022587860000005 1.2949111791082707e-09
5.003610017 1.2571092201995615e-09
5.004961249 1.2201116261578681e-09
5.006312479999999 1.183873820295624e-09
5.007663711999999 1.1484628041508234e-09
5.009014943 1.1150386222470892e-09
5.010366175 1.0811591622558884e-09
5.011717406 1.0480406903728612e-09
5.013068637 1.015674982015985e-09
5.014419869 9.840625257845785e-10
5.0157711 9.531684022841135e-10
5.017122332 9.230053400944835e-10
5.018473563 8.935135454771685e-10
5.019824795000001 8.647198354016619e-10
5.021176026 8.365735940542319e-10
5.022527258 8.090864028208095e-10
5.0238784889999994 8.589376109783205e-10
5.0252297200000005 1.131819870054372e-08
5.026580952000001 1.5689829526587874e-07
5.027932183 2.692038947458632e-07
5.029283415 3.604086152192579e-07
5.030634646 3.6360503874497205e-07
5.031985878 2.3813441570634888e-08
5.033337109 7.765351629170747e-10
5.034688341 5.874610861737632e-10
5.036039572 5.654143383052844e-10
5.037390803 5.438520149749806e-10
5.038742035 5.227727037274758e-10
5.0400932659999995 5.021485928441922e-10
5.041444498 4.820157816281942e-10
5.042795729000001 4.6232601952743166e-10
5.044146961 4.4314145008197115e-10
5.045498192 4.2440294337441597e-10
5.046849422999999 2.6291547639747814e-09
5.048200655 8.37923746208478e-08
5.049551886000001 2.5720636897171953e-08
5.050903118 6.017982638741262e-09
5.052254349 7.606005740955037e-10
5.053605581 3.2205526887943786e-10
5.054956812 3.066791353446314e-10
5.056308044000001 2.918184265655199e-10
5.057659275 2.7743645133133797e-10
5.059010506 2.6356839910727515e-10
5.060361737999999 2.501823773418529e-10
5.061712969 2.3729641547926385e-10
5.063064201 2.2490292613690216e-10
5.064415432 2.130632340529657e-10
5.065766664 2.017061415649992e-10
5.067117895 1.9081620073809902e-10
5.068469126 1.804005860261037e-10
5.069820358 1.7043585089438196e-10
5.0711715889999995 1.6093450134387412e-10
5.072522821 1.5187294681526135e-10
5.073874052 1.4325297184119412e-10
5.075225284 1.3505403038949296e-10
5.076576515 1.2726980687191885e-10
5.0779277469999995 1.2000706217334108e-10
5.0792789780000005 1.1301327468046908e-10
5.080630209 1.063860832134852e-10
5.081981441 1.0011732427878086e-10
5.083332671999999 9.419440552009562e-11
5.084683904 8.859863771528473e-11
5.086035135 8.331974146700736e-11
5.087386367 7.834028697087236e-11
5.088737598 7.364838269293289e-11
5.090088829 6.922851752032603e-11
5.091440061 6.506792575367858e-11
5.092791292 6.11547162061904e-11
5.094142524 5.7476221241248196e-11
5.095493755000001 6.11558951720784e-11
5.096844987000001 9.621842881593283e-10
5.098196218 1.5947291258303403e-08
5.09954745 2.3227042831744526e-08
