Wavelength_microns Throughput
2.0004663860000003 1.2651748885728547e-15
2.002074478 7.874104431833184e-16
2.00368257 7.202000711226481e-16
2.005290662 7.063786902042855e-16
2.006898754 8.02991136887727e-16
2.008506846 6.318873689300627e-16
2.010114938 9.065512494320553e-16
2.01172303 6.136892857794089e-16
2.013331122 2.6125703808053114e-16
2.014939214 2.871082038300046e-16
2.016547306 9.184313733398544e-16
2.018155398 6.951640310654573e-16
2.01976349 2.5226788251191603e-16
2.021371582 2.1784791290805878e-16
2.022979674 2.33702992325151e-16
2.0245877660000002 3.490859980284111e-16
2.026195858 5.139816127774224e-16
2.027803949 4.757924554073554e-16
2.029412041 3.047476775015335e-16
2.031020133 1.7910282807567664e-16
2.032628225 4.9155434229295816e-17
2.034236317 7.902577592856925e-17
2.035844409 1.930333598576918e-16
2.037452501 2.1404372558314639e-16
2.039060593 1.9154674654135226e-16
2.040668685 3.1770583659605553e-16
2.042276777 3.3204389361273116e-16
2.0438848689999998 2.816681652156453e-16
2.045492961 2.3826030649467304e-16
2.047101053 2.5130567955725263e-16
2.0487091449999997 3.0352120115801426e-16
2.0503172370000002 4.4041385835571015e-16
2.0519253290000004 5.555362552732305e-16
2.053533421 5.232001131108577e-16
2.055141513 5.410576190618038e-16
2.056749605 6.954784963468658e-16
2.058357697 8.6653918098479e-16
2.059965788 1.0088064740712937e-15
2.06157388 1.0177953725506511e-15
2.0631819719999998 1.0250472643930807e-15
2.064790064 1.0190372194929987e-15
2.066398156 1.021762311667624e-15
2.068006248 1.081066256311563e-15
2.06961434 1.112214472833599e-15
2.071222432 7.781532848576369e-16
2.072830524 5.394649134175925e-16
2.074438616 5.197948749370375e-16
2.076046708 9.088752109412716e-16
2.0776548 1.378710733066478e-15
2.079262892 1.2578653428128022e-15
2.080870984 1.6354357233486418e-15
2.0824790760000003 2.285116144365554e-15
2.084087168 2.8955832856238105e-15
2.08569526 2.3507287825165744e-15
2.0873033519999997 2.0435896379222266e-15
2.088911444 1.800172166373866e-15
2.090519536 4.381069322660642e-15
2.092127627 5.660397868349534e-15
2.0937357189999997 8.85436990091675e-15
2.0953438110000002 5.27817408189693e-15
2.0969519030000003 5.932779608141368e-15
2.098559995 6.559463039170295e-15
2.100168087 9.961526904200164e-15
2.101776179 8.522298464607545e-15
2.103384271 6.496678405353875e-15
2.104992363 8.094946008198869e-15
2.1066004549999997 1.2345962736831859e-14
2.1082085470000003 2.831592211624061e-15
2.109816639 1.450438865997138e-16
2.111424731 1.1155806451704332e-16
2.113032823 1.9110342838750617e-15
2.114640915 1.1738765419943853e-14
2.116249007 8.787389061559172e-15
2.1178570989999996 7.47082127708318e-15
2.1194651909999997 3.495942059883106e-15
2.1210732830000003 1.6267659260516864e-15
2.122681375 5.572372328158668e-15
2.124289466 2.5913535981122556e-14
2.125897558 2.4602721041707294e-15
2.1275056500000002 1.0690186780438465e-16
2.129113742 2.68816238736825e-16
2.130721834 4.935134491999335e-15
2.1323299259999997 1.2987913288279616e-14
2.133938018 7.974036882830777e-15
2.1355461100000004 7.082924667677433e-15
2.137154202 1.0720693363210152e-14
2.138762294 2.1203464430784487e-14
2.140370386 1.844437432283293e-14
2.141978478 1.8287600943383784e-14
2.14358657 1.3132422101806573e-14
2.1451946619999998 1.216022832956009e-14
2.146802754 1.4495961817499907e-14
2.1484108460000004 2.0939338451540924e-14
2.150018938 1.4615030156495202e-14
2.15162703 9.046066464119075e-15
2.153235122 8.86514583610575e-15
2.154843214 1.5203372955721473e-14
2.156451305 3.3320760851511657e-14
2.158059397 1.633641050255276e-14
2.159667489 9.662118901654647e-15
2.161275581 9.240397801498856e-15
2.1628836729999996 1.1558869390342061e-14
2.164491765 1.2308491136960466e-14
2.1660998570000003 8.805013848278922e-15
2.167707949 7.610502895103284e-15
2.169316041 8.670562611330984e-15
2.170924133 1.0356649705722061e-14
2.172532225 1.5390079138231137e-14
2.174140317 3.0312600638418893e-14
2.1757484089999997 2.268044414706013e-14
2.177356501 1.5586371133895043e-14
2.1789645930000003 2.0394259443410017e-14
2.180572685 3.856743381174741e-14
2.182180777 3.009265136580853e-14
2.183788869 9.531461261533175e-15
2.185396961 4.532240935938773e-15
2.187005053 4.939548633743647e-15
2.1886131449999997 1.4709977313340754e-14
2.1902212359999997 1.4932960226801568e-14
2.191829328 1.2391269840038165e-14
2.1934374200000004 1.1254490359720185e-14
2.195045512 1.181456400689512e-14
2.196653604 2.3495171692457514e-14
2.198261696 3.179211397331862e-14
2.199869788 4.515076376136531e-14
2.20147788 3.34387656430213e-14
2.203085972 2.78407499564407e-14
2.204694064 3.331079710685988e-14
2.206302156 5.151566829030664e-14
2.207910248 5.071149711027659e-14
2.2095183400000002 1.4686226173600006e-14
2.211126432 9.747948274286555e-15
2.212734524 2.7028083243997515e-14
2.2143426159999997 9.64007546723791e-14
2.215950708 1.450978803162134e-13
2.2175588 1.308788685217433e-13
2.219166892 1.280981880096765e-13
2.220774984 1.3001506378833942e-13
2.222383075 2.1221660179579577e-13
2.2239911670000003 2.5055547205746497e-13
2.225599259 2.7668959770820395e-13
2.227207351 2.798731215714513e-13
2.228815443 2.379334956277758e-13
2.230423535 2.1008291213096753e-13
2.232031627 2.7431418623291335e-13
2.2336397189999997 3.7799624448385335e-13
2.2352478110000003 2.0804611971379371e-13
2.236855903 1.0915269033435916e-13
2.238463995 8.677817562307597e-14
2.240072087 1.500709264750178e-13
2.241680179 5.193186444361575e-13
2.243288271 1.8123159922303407e-13
2.2448963629999996 1.2920441534001527e-13
2.2465044549999997 1.707075498128191e-13
2.2481125470000003 3.6875312490575417e-13
2.249720639 1.189021386986586e-12
2.251328731 1.3290513159140355e-12
2.252936823 1.6835220324975962e-12
2.2545449140000002 1.683970786892787e-12
2.256153006 1.5559370871142526e-12
2.257761098 1.5026987879113517e-12
2.2593691899999997 1.605955746336834e-12
2.260977282 1.8014170358592722e-12
2.262585374 2.3960167407330676e-13
2.264193466 2.1361315300408595e-14
2.265801558 1.417719717912733e-14
2.2674096500000003 2.5977772698932144e-13
2.269017742 4.778612751177177e-12
2.270625834 2.9614835942606607e-12
2.2722339259999997 1.7739858811826658e-12
2.273842018 1.848852869944231e-12
2.2754501100000004 3.202254550377975e-12
2.277058202 5.729259356021259e-12
2.278666294 3.3207931537789292e-12
2.280274386 2.8786206244154875e-12
2.281882478 2.419536174551761e-12
2.28349057 1.8403881752403115e-12
2.285098662 1.4033657019988364e-12
2.286706753 9.725936971424174e-13
2.288314845 1.1040309916088574e-12
2.2899229369999996 7.96146548499682e-13
2.291531029 8.443427770423215e-14
2.2931391210000003 1.2864629687097753e-14
2.294747213 5.996288136830704e-14
2.296355305 7.400829089974418e-13
2.297963397 1.1181828088729936e-12
2.299571489 1.0580638981921004e-13
2.301179581 2.0806031798838604e-14
2.3027876729999996 1.8810318585184596e-13
2.304395765 2.8200635437244857e-12
2.3060038570000003 1.2951260726640102e-11
2.307611949 8.791142196892722e-12
2.309220041 6.744771402470835e-12
2.310828133 1.1581508866472792e-12
2.312436225 3.573150435419246e-12
2.314044317 2.813274408637492e-11
2.3156524089999997 3.45612569551923e-11
2.3172605010000003 4.289677885458351e-11
2.318868592 8.114484972016542e-12
2.3204766840000004 7.18146547230784e-13
2.322084776 1.67346989837925e-13
2.323692868 2.7409831549714642e-12
2.32530096 4.6968456883143014e-11
2.326909052 1.0859517339635302e-10
2.328517144 4.7108287703701197e-11
2.3301252359999998 2.085417949914106e-11
2.331733328 6.200286149470204e-11
2.33334142 2.112519032996724e-10
2.334949512 5.421020055956303e-10
2.3365576040000002 7.104551338021662e-10
2.338165696 9.388133729748532e-10
2.339773788 1.3201612485789113e-09
2.3413818799999997 1.8913845850115563e-09
2.342989972 2.651483742516832e-09
2.344598064 3.1267893253249557e-09
2.346206156 3.666115041481949e-09
2.347814248 4.1421155966235765e-09
2.3494223400000003 4.517085861719873e-09
2.3510304310000003 4.939872529810059e-09
2.352638523 5.3589930773308304e-09
2.354246615 5.8324124592380495e-09
2.3558547069999998 6.225280752186045e-09
2.357462799 6.06076345239227e-09
2.359070891 5.91745816181762e-09
2.3606789829999997 5.8870517959773926e-09
2.3622870750000002 5.9295127739942904e-09
2.363895167 5.981540412663696e-09
2.365503259 5.424969557498717e-09
2.367111351 4.818855596250642e-09
2.368719443 4.261994359812371e-09
2.370327535 3.748957472653157e-09
2.371935627 3.2758492778217635e-09
2.3735437189999997 2.568775641210294e-09
2.3751518110000003 1.7982873978800064e-09
2.376759903 1.2601012193625007e-09
2.378367995 6.796979865688268e-10
2.379976087 4.420909918104947e-10
2.381584179 3.148604840833757e-10
2.383192271 2.9377278190507366e-10
2.384800362 2.7492524464862625e-10
2.3864084539999997 1.484221363921011e-10
2.388016546 6.985225698394352e-11
2.389624638 5.312538354710184e-11
2.39123273 7.581441606078812e-11
2.392840822 1.6572497611476723e-10
2.3944489140000003 5.975049635862337e-10
2.396057006 6.496288221171057e-11
2.397665098 4.581702719449844e-12
2.3992731899999997 7.051129158436376e-13
2.400881282 8.154119127759627e-12
2.4024893740000004 9.503643975515144e-11
2.404097466 3.307683377946549e-10
2.405705558 2.1190735786734456e-10
2.40731365 1.4634538664606588e-10
2.408921742 1.551520144634921e-10
2.410529834 2.1206328715745577e-10
2.4121379259999998 2.8990950952485073e-10
2.413746018 2.8566337705038885e-10
2.41535411 2.734156130422275e-10
2.416962201 2.8648623251643807e-10
2.418570293 9.736159573908118e-11
2.4201783850000003 4.5838524306633935e-11
2.421786477 3.567135027739174e-11
2.423394569 9.533694138341105e-11
2.425002661 3.0575045257541396e-10
2.426610753 5.242869642545824e-10
2.428218845 3.259145770929875e-10
2.4298269369999996 2.1782394907960337e-10
2.431435029 2.2666349313845612e-10
2.4330431210000003 3.195024846997117e-10
2.434651213 5.768640263923904e-10
2.436259305 2.9993034575477993e-10
2.4378673969999998 1.5484272685528298e-10
2.439475489 9.490180988413047e-11
2.441083581 1.1958502509507737e-10
2.4426916729999997 1.6908470998437212e-10
2.4442997650000002 3.2012540517307655e-10
2.4459078570000004 3.3461112033445406e-10
2.447515949 3.563010878403421e-10
2.44912404 2.8414594902090255e-10
2.450732132 1.237163344872602e-10
2.452340224 7.189482352580296e-11
2.453948316 6.024369811989794e-11
2.455556408 9.055561358947022e-11
2.4571644999999998 1.5181052086185135e-10
2.458772592 7.767079535822889e-11
2.460380684 7.940411321164694e-12
2.461988776 9.486062641946994e-13
2.463596868 1.2546325929310635e-12
2.46520496 1.0821249951529436e-11
2.466813052 1.0484354222317953e-10
2.468421144 1.4277739923847291e-10
2.470029236 9.59698651694383e-11
2.471637328 7.119958670486971e-11
2.47324542 9.003731929212235e-11
2.474853512 1.4412352282239273e-10
2.4764616040000003 3.274570178411344e-10
2.478069696 3.2316773040125074e-10
2.479677788 2.552620958821098e-10
2.481285879 2.1479846129752537e-10
2.4828939709999998 2.0179232391041394e-10
2.484502063 2.1849908777133118e-10
2.486110155 2.496283437384077e-10
2.4877182469999997 3.094247027447607e-10
2.489326339 3.96387281650086e-10
2.4909344310000003 5.796631141901777e-10
2.492542523 2.7634546377044414e-10
2.494150615 6.107028782518225e-09
2.495758707 3.901552329987285e-09
2.497366799 6.365775236310053e-09
2.498974891 1.150613981459498e-08
2.499778162 3.168168280852642e-08
2.5005829829999997 2.192629794189418e-08
2.5011293930000003 1.811270051211846e-08
2.5021910750000003 1.9981299053079662e-08
2.502480624 1.569023486614328e-08
2.5038318559999997 2.3245331709980092e-08
2.505183087 4.186416910921648e-09
2.506534319 9.635725404881207e-10
2.50788555 6.424101346476272e-10
2.509236782 1.932373475402085e-09
2.510588013 4.324054013951236e-09
2.511939244 3.223856039068758e-09
2.5132904760000003 3.0738221406265063e-10
2.514641707 1.9562988934378984e-10
2.515992939 1.8728047958019276e-09
2.51734417 2.3909678034191843e-09
2.5186954019999996 1.3870235519302757e-09
2.5200466329999998 1.3594982132923087e-09
2.521397865 9.868317954422718e-10
2.522749096 1.004292693161207e-09
2.524100327 1.4025229304891045e-10
2.525451559 2.9980040513853087e-10
2.52680279 3.1262787599726655e-10
2.5281540220000003 2.528622470715393e-10
2.529505253 2.1049778860888384e-10
2.5308564849999997 7.100371796050847e-10
2.532207716 2.144541395286368e-10
2.533558948 4.665154509540331e-10
2.534910179 2.4607221187075677e-10
2.5362614100000003 1.2864190041422183e-10
2.537612642 4.982311642162374e-10
2.538963873 1.0219368581015727e-10
2.5403151050000004 2.327996733407327e-11
2.5416663359999996 1.299297755471295e-10
2.5430175680000002 3.1168799528974595e-11
2.544368799 5.221249984996363e-11
2.54572003 3.84412012339397e-11
2.547071262 6.961005204912138e-11
2.548422493 4.803055078918164e-12
2.549773725 1.0877119959503258e-10
2.551124956 1.768924385057511e-11
2.552476188 5.835622640859352e-12
2.553827419 1.5936801307893866e-11
2.5551786510000003 7.271373392535066e-11
2.556529882 8.149306812036089e-11
2.557881113 5.0465167053742684e-11
2.559232345 4.489744422362651e-11
2.560583576 2.2405595987109318e-11
2.561934808 1.91016733330215e-12
2.5632860390000003 3.534875108730576e-12
2.564637271 9.142001051002096e-12
2.565988502 1.5806796247195705e-11
2.567339733 2.1524903129167533e-11
2.5686909649999996 1.3669922154055894e-11
2.5700421959999997 7.0991059176818e-13
2.571393428 8.973655176788455e-12
2.572744659 1.0684133858822208e-11
2.574095891 9.884218650174902e-12
2.575447122 1.3919054210630178e-11
2.576798354 1.1936418725993657e-11
2.5781495850000002 1.86464955895007e-11
2.5795008160000004 2.857677046051802e-11
2.580852048 1.4252383201842517e-11
2.582203279 1.754519242944457e-11
2.583554511 2.786654364847199e-12
2.584905742 1.0536979826502915e-11
2.586256974 2.6370188751215205e-11
2.587608205 1.754269740424956e-11
2.588959437 1.5914701251726754e-11
2.590310668 3.528864918473565e-11
2.591661899 1.6311683643048297e-11
2.593013131 1.1100893248829694e-11
2.594364362 7.06050267207703e-12
2.5957155939999996 1.7751488415609993e-11
2.5970668249999997 6.094974243524785e-13
2.598418057 2.93488977286318e-13
2.599769288 1.471106871109214e-11
2.601120519 2.794991121814095e-11
2.602471751 1.7057128226191366e-11
2.603822982 5.451029571208595e-12
2.6051742140000003 1.383883577627393e-11
2.6065254450000004 1.806821969839292e-11
2.607876677 8.785551483910362e-12
2.609227908 1.1258448725460924e-11
2.61057914 2.124455039653204e-11
2.611930371 3.8586794001391786e-11
2.613281602 1.7841067174854736e-11
2.614632834 2.0415583337183913e-11
2.615984065 2.759491254620159e-12
2.617335297 2.173619198373119e-12
2.618686528 8.115542529728936e-12
2.62003776 1.5584250669987626e-11
2.621388991 1.5435903668047662e-11
2.622740222 1.7450543359301304e-11
2.6240914539999998 1.085219055455511e-11
2.625442685 1.7597321522306577e-11
2.626793917 1.535096375163977e-11
2.628145148 8.38656293611289e-12
2.62949638 7.918447037048883e-14
2.630847611 3.8926923933439734e-13
2.6321988430000003 7.782115855388317e-12
2.6335500740000004 1.109500427604504e-11
2.634901305 4.928245024644686e-12
2.636252537 4.314592270759574e-12
2.637603768 8.847172141658378e-12
2.6389549999999997 1.0750445065946616e-11
2.640306231 9.143068042284015e-12
2.641657463 4.215254518053823e-12
2.643008694 7.113727540467559e-12
2.6443599250000003 1.2369477390208807e-11
2.645711157 1.915568901666915e-11
2.6470623879999997 1.6191464864397655e-11
2.64841362 4.283471223314793e-12
2.649764851 5.0371304158741224e-12
2.651116083 9.22000089346701e-12
2.652467314 5.525515301000232e-12
2.653818546 1.2432420156887492e-11
2.6551697770000002 2.1812159608466054e-11
2.6565210080000004 1.5777080971972572e-11
2.65787224 2.0522968478500938e-11
2.659223471 1.7055294040101204e-11
2.6605747030000004 1.1866396676277308e-11
2.6619259339999997 1.5121000483692323e-11
2.663277166 3.1472574122662414e-11
2.664628397 2.4243515287281363e-11
2.6659796289999997 7.336414904276755e-12
2.66733086 1.5115653496676973e-11
2.668682091 1.9223189234263422e-11
2.670033323 1.3821182023351995e-11
2.6713845540000003 7.088066187094282e-12
2.672735786 3.732784307680913e-12
2.6740870169999997 1.21255767212746e-11
2.675438249 1.700861785093502e-11
2.67678948 1.4344429985332484e-11
2.678140711 1.1546618510631453e-12
2.679491943 6.108679951937122e-12
2.680843174 2.805722799400846e-12
2.6821944060000003 9.77546703398511e-13
2.6835456370000004 7.187954241751703e-12
2.684896869 1.3002082949414632e-11
2.6862481 1.2053149554913077e-11
2.6875993319999996 1.544938561540807e-12
2.6889505629999997 1.1985673131857493e-11
2.690301794 1.3547230325362708e-11
2.691653026 4.403154825694192e-12
2.693004257 4.25128558396641e-12
2.694355489 5.574846184044899e-12
2.69570672 5.09750840094767e-12
2.697057952 5.460119733357846e-12
2.6984091830000003 6.6077970625922505e-12
2.699760414 3.116304342238038e-12
2.7011116459999998 1.005294465398829e-12
2.702462877 1.5505477167775765e-12
2.703814109 3.4422610947929e-12
2.70516534 5.795138908247807e-12
2.706516572 2.3229103709649816e-14
2.707867803 3.544294061508081e-13
2.7092190350000003 4.027475556619154e-14
2.7105702660000004 6.143356194555644e-14
2.7119214969999996 4.821875683916702e-12
2.713272729 4.862382393104261e-12
2.71462396 3.042711334642582e-12
2.7159751919999997 3.749122073157359e-12
2.717326423 2.700663037633843e-12
2.718677655 1.0433231062103422e-14
2.720028886 1.3329126054945296e-14
2.7213801170000003 7.315995938203361e-13
2.722731349 8.464151555491686e-12
2.7240825799999997 3.4850440875313587e-12
2.7254338120000003 8.409253655802735e-12
2.726785043 5.05309361908147e-12
2.7281362749999998 1.152809209694779e-11
2.729487506 2.3621568021633025e-12
2.730838738 3.792114531616449e-12
2.732189969 9.474670801121903e-12
2.7335412000000003 9.630483246975722e-12
2.734892432 3.640056187049974e-12
2.736243663 2.3649593915523507e-12
2.737594895 2.5444938622837937e-12
2.7389461259999996 6.274594339020992e-12
2.740297358 9.150062004418405e-12
2.741648589 1.7691619149968933e-14
2.7429998209999997 6.872916870635538e-12
2.744351052 6.45324134852996e-12
2.745702283 1.5842188703768434e-13
2.747053515 1.9015170191035545e-13
2.7484047460000003 1.5535815537287092e-11
2.749755978 7.261100077968163e-12
2.7511072089999997 2.472633073720598e-14
2.7524584410000004 6.313464100823257e-12
2.753809672 6.1518307246670595e-12
2.755160903 4.451807319847196e-12
2.756512135 2.15564792804167e-12
2.757863366 7.263582651499948e-13
2.7592145980000002 5.814699515142974e-12
2.760565829 4.70303794639116e-12
2.761917061 5.978448564870726e-12
2.7632682920000002 5.870883906967607e-12
2.764619524 8.531140197697133e-12
2.7659707549999997 2.4859974811282127e-12
2.767321986 2.8344497739265508e-12
2.768673218 3.1620015176177504e-12
2.770024449 8.357128890859956e-12
2.771375681 1.1315415636879254e-11
2.772726912 9.732631796893913e-12
2.774078144 1.2235651593210645e-11
2.7754293750000003 8.151656995532592e-12
2.776780606 1.712166633064407e-11
2.7781318379999997 8.780657444572594e-12
2.779483069 2.084385711067798e-12
2.780834301 5.573642223041924e-13
2.782185532 8.378980920452878e-12
2.783536764 5.633077730753937e-12
2.784887995 1.1467720453714314e-13
2.786239227 1.1559595928532763e-12
2.787590458 5.27608205049015e-12
2.788941689 1.3767830087777334e-11
2.7902929210000003 5.66414010586757e-12
2.791644152 3.127061138690501e-12
2.7929953839999997 1.683352325311229e-13
2.794346615 1.0103460272338573e-12
2.795697847 2.4356882093254927e-12
2.797049078 1.2517015917287732e-12
2.7984003090000003 1.9808924912933094e-14
2.799751541 1.9828541485523905e-12
2.801102772 6.936868436298359e-12
2.8024540040000003 1.049138576275387e-11
2.803805235 1.5575209595368154e-11
2.8051564669999998 1.1276214981018722e-11
2.806507698 1.371632558085672e-11
2.80785893 2.1425361743394142e-11
2.8092101609999998 1.2065424633814861e-11
2.810561392 5.9023363748544695e-12
2.811912624 6.547039228576618e-14
2.813263855 1.124352332997916e-11
2.814615087 2.353276935379404e-14
2.8159663179999996 5.74265600216049e-13
2.8173175500000003 9.945270539112922e-12
2.818668781 1.019695258888373e-11
2.8200200129999997 6.853469342293571e-12
2.821371244 3.706054966275181e-14
2.822722475 3.077592718310286e-12
2.824073707 1.0187391209787805e-12
2.8254249380000003 2.3895907352394024e-12
2.82677617 1.4410123456926436e-11
2.828127401 2.911375071344908e-12
2.8294786330000004 2.325008026721742e-12
2.830829864 8.420374864998249e-13
2.8321810949999997 3.4522381325076394e-13
2.833532327 7.188835276395945e-13
2.834883558 1.831333316855715e-13
2.83623479 1.5672053320795427e-12
2.837586021 3.4896003427247093e-13
2.838937253 4.7746789851740005e-15
2.8402884840000002 5.660389803465344e-15
2.841639716 7.059967107522323e-15
2.8429909469999997 2.6724814147114057e-13
2.8443421779999998 5.92723106849583e-14
2.84569341 2.8077151812712077e-14
2.847044641 8.031767648659768e-12
2.848395873 3.4511840045580892e-12
2.849747104 1.2053651602666913e-12
2.851098336 2.1408972882921562e-12
2.8524495670000003 1.1353044141641498e-11
2.8538007980000004 6.9445819834893815e-12
2.85515203 4.7559178794215475e-12
2.856503261 3.484448713371293e-12
2.8578544929999996 3.2915131785082287e-12
2.8592057239999997 3.0255117783842485e-14
2.860556956 3.766655076056345e-15
2.861908187 2.252449969554346e-15
2.863259419 3.5198029472192015e-13
2.86461065 5.395376218944127e-13
2.865961881 2.548902388656157e-12
2.8673131130000002 2.047438319497294e-12
2.868664344 5.689843645681027e-12
2.8700155759999997 6.408686630194206e-14
2.871366807 1.0940144497215806e-14
2.872718039 1.1791077831491046e-14
2.87406927 1.2844800620623395e-13
2.8754205010000002 2.9317446063963038e-12
2.876771733 1.822052059080817e-12
2.878122964 3.2543799754193334e-12
2.8794741960000003 3.6072333121187207e-12
2.8808254270000004 1.4520510476385822e-14
2.882176659 1.0841907765379953e-13
2.88352789 3.4564276479393965e-14
2.8848791219999996 3.5177726728517916e-15
2.8862303529999997 2.523223951354737e-13
2.887581584 5.10335813666285e-15
2.888932816 5.173706042529693e-15
2.890284047 4.8334697469440855e-15
2.891635279 7.121925208814294e-15
2.89298651 2.4452987232974302e-12
2.8943377420000003 1.1258689226193808e-12
2.895688973 5.0716099799900505e-15
2.8970402049999997 3.908624475549446e-15
2.898391436 1.2699749575108164e-12
2.899742667 8.949107948217919e-13
2.901093899 2.541302186145117e-14
2.9024451300000003 5.360921171023959e-13
2.903796362 1.0046164833652622e-12
2.905147593 1.9166091527105143e-12
2.9064988250000003 6.519460831568327e-13
2.907850056 2.313776200442567e-12
2.9092012869999997 1.3749479333520323e-12
2.910552519 6.903007836555013e-12
2.91190375 1.1562284451282133e-12
2.9132549819999998 9.36707529568945e-15
2.914606213 4.5776053922536856e-14
2.915957445 7.257721642754297e-12
2.917308676 1.7410875490402784e-12
2.918659908 3.016669348638184e-12
2.920011139 3.28055296672621e-12
2.9213623699999998 2.795837902583217e-12
2.922713602 6.778462706099128e-12
2.924064833 1.8417186415544498e-11
2.925416065 1.707325407837741e-11
2.926767296 1.851825105954263e-12
2.928118528 3.926166286863071e-12
2.9294697590000003 2.1746128593091156e-13
2.93082099 6.917826461256595e-12
2.932172222 1.8235602452412014e-12
2.933523453 1.7069030501295308e-12
2.934874685 1.0575304383228277e-11
2.9362259159999997 2.5122504383563676e-12
2.937577148 4.096058361332793e-12
2.938928379 1.581019681852632e-11
2.940279611 1.0166863801370643e-11
2.941630842 6.3370733596853395e-12
2.942982073 5.722083047289983e-12
2.9443333050000002 4.29214882159119e-12
2.9456845360000004 1.9366260456817175e-12
2.947035768 1.8398677556696873e-14
2.948386999 2.7889493124372424e-14
2.949738231 4.495979635200121e-14
2.951089462 1.582836994246197e-13
2.952440694 1.540926440911895e-11
2.953791925 1.411885548405019e-11
2.955143156 8.117078463327025e-12
2.956494388 1.1964072436319514e-11
2.957845619 2.0883056221586997e-11
2.959196851 3.103286481072939e-11
2.960548082 1.7542730344942882e-11
2.9618993139999996 1.939266092517534e-11
2.9632505449999997 1.4455068143182535e-11
2.964601776 1.6773606098250547e-11
2.965953008 1.2912274695829927e-11
2.967304239 3.441498452171749e-12
2.968655471 1.3138901469887017e-12
2.970006702 1.1026623284651611e-11
2.9713579340000003 1.0827982595911125e-12
2.9727091650000004 1.976637188429483e-14
2.974060397 1.9990435825723232e-14
2.975411628 4.86257291761248e-12
2.976762859 6.709696503717167e-12
2.978114091 8.833752082200724e-12
2.979465322 7.911781184337242e-12
2.980816554 6.031876004013477e-12
2.982167785 1.4267153509850304e-11
2.983519017 1.7499646100112247e-13
2.984870248 4.8734688629649534e-12
2.9862214789999997 2.4174686943693463e-12
2.987572711 5.241540341740604e-12
2.988923942 6.444644822437927e-12
2.9902751739999998 2.328950751327343e-12
2.991626405 7.138783484564407e-13
2.992977637 4.632869646822134e-12
2.994328868 3.991634642825779e-12
2.9956801 1.6914551019867263e-11
2.997031331 1.9970045812865047e-11
2.9983825619999998 1.7140093820340847e-11
2.9997337940000004 1.0970329437288935e-11
3.001085025 1.1803080312325883e-11
3.002436257 2.052093950642461e-11
3.003787488 2.3992113127667154e-11
3.0051387199999997 9.428035627723351e-12
3.006489951 3.437239188934415e-13
3.007841182 1.1169699380829613e-13
3.009192414 5.5475368588899655e-12
3.0105436450000003 4.942548957344694e-13
3.011894877 3.5031379875161874e-12
3.0132461079999997 8.613569668522702e-13
3.01459734 3.2805423393195132e-12
3.015948571 1.874998673942648e-12
3.017299803 1.7011771114119487e-12
3.018651034 1.1330000745754576e-11
3.020002265 9.194800368797422e-12
3.021353497 8.77132813612071e-12
3.0227047280000003 7.666994463633842e-12
3.02405596 1.4081264656758526e-11
3.0254071909999998 1.4563741059345007e-11
3.0267584230000004 7.2411355252615735e-12
3.0281096539999997 4.462567757153376e-12
3.029460886 7.967189739916478e-12
3.030812117 4.350211506053082e-12
3.032163348 5.597387507141555e-13
3.03351458 3.759951541824183e-12
3.034865811 1.514410162376558e-12
3.036217043 8.210292463086592e-13
3.0375682740000003 2.953729287811522e-13
3.038919506 1.5821955264207828e-12
3.0402707369999997 1.1600347880045507e-13
3.041621968 8.685312606063787e-13
3.0429732 8.980268642698796e-12
3.044324431 8.013473154643149e-12
3.045675663 2.4529592213412366e-13
3.047026894 1.4661768719183125e-12
3.0483781260000002 5.732641919014762e-12
3.0497293570000004 4.02866869348501e-12
3.051080589 5.682355639449114e-12
3.05243182 1.1241494892669777e-11
3.053783051 2.9586467502076154e-13
3.0551342829999997 4.083779474003589e-12
3.056485514 9.636217362012444e-12
3.057836746 7.697079537176331e-12
3.059187977 6.704351667497736e-12
3.060539209 3.9084472645570076e-12
3.06189044 2.563562768919463e-12
3.063241671 5.696746880926798e-12
3.0645929030000003 1.4341335515438041e-11
3.065944134 1.4909506489214094e-11
3.0672953659999997 7.1252185477210025e-12
3.068646597 1.3744329557730582e-12
3.069997829 8.168918974010265e-13
3.07134906 1.2853766921007818e-12
3.072700292 3.2322606714598864e-14
3.074051523 8.353229152058938e-13
3.075402754 9.15833482481408e-13
3.0767539860000004 1.6107511157615144e-12
3.0781052169999996 3.2345559485613156e-12
3.079456449 3.242710253137731e-12
3.08080768 1.79324896020727e-12
3.0821589119999997 2.5747221636326278e-12
3.083510143 2.780487142998602e-12
3.084861374 2.931013773172009e-14
3.086212606 9.018303963154415e-13
3.0875638370000003 1.9084782769085373e-12
3.088915069 6.441633100401329e-12
3.0902662999999997 4.327792813636484e-12
3.0916175320000003 1.9754340539283257e-12
3.092968763 3.789096389176426e-12
3.0943199949999998 1.462301139432303e-12
3.095671226 1.328922707503043e-14
3.097022457 7.960115414806966e-16
3.098373689 3.773998024090211e-15
3.0997249200000003 3.547885408432015e-13
3.101076152 2.2003254529483303e-14
3.102427383 1.7752761243651497e-14
3.103778615 5.238158071138605e-14
3.1051298459999996 3.4247463607987307e-13
3.106481078 6.987790659540023e-13
3.107832309 5.024302932270759e-13
3.10918354 2.7613248010230303e-13
3.110534772 4.745240391128365e-15
3.111886003 4.220056595347133e-16
3.113237235 1.5057931211441116e-13
3.1145884660000003 6.715930451573074e-14
3.115939698 3.733297668740294e-14
3.1172909289999997 1.7100917449636804e-14
3.11864216 4.6439155678943446e-14
3.119993392 1.7258648385285564e-14
3.121344623 5.0218082986197715e-14
3.122695855 5.050954032846274e-14
3.124047086 6.663559895850762e-17
3.1253983180000002 7.769344396143424e-15
3.126749549 3.2912723370364736e-13
3.128100781 1.832011147216865e-12
3.1294520120000002 1.3006639434651412e-12
3.130803243 2.54772799615666e-12
3.1321544749999997 7.118764691295766e-12
3.133505706 6.892719770583233e-12
3.134856938 4.842138049331918e-12
3.136208169 1.5293294010467385e-12
3.137559401 1.0691276965601028e-12
3.138910632 1.019092772408446e-12
3.140261863 5.536684643912475e-13
3.1416130950000003 4.884185490033937e-13
3.142964326 3.396632040371492e-13
3.1443155579999997 2.3602729042634287e-14
3.145666789 4.148285425301534e-12
3.147018021 3.754803945616647e-12
3.148369252 1.9166701566192057e-12
3.149720484 2.9852105142975267e-12
3.151071715 7.2384709919790406e-12
3.152422946 1.1291086265109613e-11
3.153774178 2.2377336877861642e-12
3.155125409 2.1217544323507147e-14
3.1564766410000002 2.0422257039499358e-14
3.157827872 5.723515566339684e-12
3.1591791039999997 2.0911933076386775e-11
3.160530335 1.9986296287764213e-11
3.161881566 8.288871511782563e-12
3.163232798 3.2532326854966835e-12
3.1645840290000002 8.410296289881239e-13
3.165935261 9.07095941546326e-13
3.167286492 7.90088728755206e-13
3.1686377240000003 5.700694011426607e-14
3.169988955 2.7812253681013997e-14
3.1713401869999998 7.531950951736618e-16
3.172691418 4.787293603850629e-17
3.174042649 3.3068379787600198e-15
3.1753938809999998 1.0418600618520123e-14
3.176745112 5.8160084952668416e-15
3.178096344 1.0767770583485742e-15
3.179447575 7.82312268331406e-17
3.180798807 7.144899295464769e-17
3.182150038 2.6042917592902994e-14
3.1835012700000003 7.196271550690555e-14
3.184852501 7.377639430565469e-14
3.186203732 5.194059841063913e-14
3.187554964 4.5797305324746434e-14
3.188906195 3.638247620362729e-14
3.190257427 2.7663515882238734e-14
3.1916086580000003 2.530401780446547e-16
3.19295989 2.8352227887715555e-14
3.194311121 6.690706130704951e-14
3.195662352 1.4324872052435178e-13
3.197013584 8.086723444167825e-13
3.1983648149999997 1.0921476439242045e-12
3.199716047 2.9866821414824447e-13
3.201067278 1.4366953924780645e-13
3.2024185099999998 9.600984493717576e-13
3.203769741 3.6143622978912853e-13
3.205120973 1.8299814494355931e-13
3.206472204 8.818677331119482e-13
3.207823435 5.427275993317271e-13
3.209174667 1.1684418844582916e-13
3.2105258979999998 5.507653570938922e-14
3.21187713 1.3661217904383636e-13
3.213228361 2.200311909328215e-13
3.214579593 2.9743801207318403e-12
3.215930824 8.589873900752322e-12
3.217282055 1.0938978777923467e-11
3.2186332870000003 6.4131502396161406e-12
3.2199845180000004 3.811946349502301e-14
3.22133575 1.2904358715444193e-14
3.222686981 2.3322111019600935e-14
3.2240382129999996 5.674037379269287e-13
3.2253894439999997 1.3686268682638627e-14
3.226740676 1.0727208668457472e-12
3.228091907 7.236047018933668e-13
3.229443138 1.9662662130303283e-14
3.23079437 4.483617261967515e-15
3.232145601 9.34008855485142e-14
3.2334968330000002 1.006264959756585e-13
3.234848064 7.222808760657136e-13
3.2361992959999997 1.2897996066245242e-12
3.237550527 8.339521833497661e-13
3.238901759 1.4627349874657408e-13
3.24025299 8.21858869046745e-13
3.2416042210000002 1.3898569136310442e-13
3.242955453 2.7792869124401096e-12
3.244306684 1.1593932628254492e-12
3.2456579160000003 6.4965049044672496e-15
3.2470091470000004 4.830673571813357e-14
3.248360379 7.146876033872358e-13
3.24971161 1.6470098953772285e-12
3.251062841 6.1388737350775844e-12
3.2524140729999997 1.6176404964647327e-11
3.253765304 2.7428915487156603e-11
3.255116536 6.1511570954391524e-12
3.256467767 2.1307267603238222e-12
3.257818999 2.4494462581620485e-12
3.25917023 1.4093095257461461e-11
3.2605214620000003 9.689270012669515e-12
3.261872693 2.541667947830358e-11
3.263223924 2.2880127682080045e-11
3.264575156 1.247719120141041e-11
3.265926387 1.1593471850752634e-11
3.267277619 8.791205129451217e-12
3.2686288500000003 2.9385110938520754e-12
3.269980082 4.094558338477495e-12
3.271331313 3.626042323668748e-12
3.272682544 3.2741225157105578e-12
3.274033776 3.3428937402989714e-12
3.2753850069999997 1.1639164423820348e-12
3.276736239 1.767746689582377e-13
3.27808747 1.3054929831961593e-12
3.2794387019999998 6.50364864226267e-12
3.280789933 3.4678184710586132e-12
3.282141165 4.018474283106817e-12
3.283492396 7.581843171847162e-13
3.2848436270000003 1.5080118819101915e-14
3.286194859 5.646164056480913e-13
3.2875460899999998 1.5404284121938588e-15
3.288897322 1.8948251139741926e-14
3.290248553 2.0270937518945476e-14
3.291599785 2.0667269319727077e-15
3.292951016 1.5760290945368095e-15
3.294302247 4.8507004389701054e-15
3.2956534790000003 6.3452012931993e-14
3.29700471 1.4179465822013483e-12
3.298355942 1.6333676666522688e-12
3.299707173 4.8739238835342e-14
3.301058405 4.4268448258582135e-14
3.3024096359999997 1.2289901211963688e-12
3.303760868 3.1489344140236267e-13
3.305112099 8.963691969178807e-15
3.30646333 6.660951441527113e-13
3.307814562 3.640259468276531e-12
3.309165793 7.25701784282228e-12
3.3105170250000002 6.254824870549605e-12
3.3118682560000003 4.9746005671670566e-12
3.313219488 5.049887564080558e-12
3.3145707189999998 7.764632081797113e-13
3.315921951 2.0562827429118923e-12
3.317273182 2.8203691079945885e-13
3.318624413 2.1856154557698458e-13
3.319975645 5.765396173263921e-13
3.321326876 6.548391665573277e-14
3.322678108 3.8676445103205795e-15
3.324029339 1.2008987050535597e-14
3.325380571 1.0355610170278471e-13
3.326731802 7.259969973833022e-14
3.328083033 7.295216002991627e-14
3.3294342649999997 2.2454791478078198e-13
3.330785496 2.1836698897293948e-13
3.332136728 2.109329361288093e-13
3.333487959 2.601765601509498e-13
3.334839191 3.7638512559887804e-13
3.336190422 1.60433777915241e-12
3.3375416540000002 7.878872665751677e-13
3.3388928850000004 1.8547625580402106e-14
3.340244116 5.100054633222776e-14
3.341595348 6.248914257034926e-13
3.342946579 2.0361455314540252e-13
3.344297811 1.8799815215081916e-13
3.345649042 4.94023697523075e-13
3.347000274 4.619399244094309e-14
3.348351505 5.856740163830722e-14
3.3497027360000002 3.2530483441553945e-14
3.351053968 3.0976791025342985e-14
3.3524051989999997 2.7365578983701795e-14
3.353756431 3.1545837351121585e-14
3.355107662 2.81087057084001e-14
3.3564588939999997 3.2605962126637584e-14
3.357810125 3.9264610239829696e-13
3.359161357 2.699862732584808e-13
3.360512588 9.14963219485097e-14
3.3618638190000003 8.407014067100621e-14
3.363215051 1.5990223018684436e-13
3.3645662819999997 6.232256613856674e-13
3.3659175140000004 7.087216518838659e-13
3.367268745 8.790940758651363e-14
3.368619977 4.693034269390188e-14
3.369971208 1.6223748371586888e-13
3.371322439 9.276330407635179e-14
3.372673671 1.5903291428503612e-13
3.374024902 2.2533412187393168e-13
3.375376134 1.5445930631054348e-12
3.3767273650000003 1.2554863897854674e-12
3.378078597 1.6034866889809408e-12
3.3794298279999997 1.059136413947277e-13
3.38078106 6.010807068850896e-15
3.382132291 9.156292822325421e-13
3.383483522 2.1389151899797796e-12
3.384834754 2.022708390017246e-12
3.386185985 1.2666678965937402e-12
3.387537217 3.1023381774049886e-15
3.3888884480000003 6.840597638974339e-16
3.39023968 2.756289208450172e-14
3.3915909109999998 1.325244180972354e-13
3.3929421430000004 1.7289088658103704e-13
3.3942933739999996 1.0473476623282094e-12
3.3956446049999998 6.439938414927538e-13
3.396995837 1.7889907236821605e-14
3.398347068 5.103471518324614e-13
3.3996983 5.17811254694731e-12
3.401049531 3.4508567985225616e-12
3.402400763 2.0447114804293948e-12
3.4037519940000003 1.0069998642981507e-12
3.405103225 8.631639695374721e-12
3.4064544569999997 1.4015626999409588e-11
3.407805688 1.3880505165263851e-11
3.40915692 9.080997594280182e-12
3.410508151 2.760559491872527e-12
3.411859383 5.91246161843127e-12
3.413210614 8.205763370822584e-12
3.4145618460000002 3.846579069860782e-12
3.4159130770000004 9.242193757332802e-13
3.4172643079999996 2.1892962824926766e-14
3.41861554 7.283911164565611e-13
3.419966771 6.04451586551873e-12
3.4213180029999997 8.332811181497491e-12
3.422669234 3.1308913134412986e-12
3.424020466 2.6113963183119174e-13
3.425371697 8.73958391151109e-14
3.4267229280000002 7.925831595909909e-13
3.42807416 1.7362435535226271e-12
3.429425391 1.2877632173053672e-12
3.4307766230000003 2.2129575143965313e-12
3.432127854 3.5443989783489283e-12
3.4334790859999997 4.225199848908688e-12
3.434830317 4.706058743319308e-12
3.436181549 7.1560856837444195e-12
3.43753278 6.86061827534838e-12
3.4388840110000003 6.5925925767073635e-12
3.440235243 1.48542957329771e-11
3.441586474 1.221622926277417e-11
3.4429377060000004 1.8486117619384493e-12
3.4442889369999996 1.4514437210225023e-11
3.445640169 1.6823498923820243e-11
3.4469914 3.6728930914135695e-12
3.448342631 2.6933191651139503e-14
3.449693863 2.115646970905035e-14
3.451045094 1.7746185664657588e-14
3.452396326 1.35115730989817e-13
3.4537475570000002 1.5877752883302832e-12
3.455098789 3.2602425651157185e-12
3.45645002 6.3025475483794036e-12
3.4578012520000003 6.901078752175417e-13
3.459152483 9.784489802637443e-15
3.460503714 1.144405883733166e-13
3.461854946 2.9795109426765316e-12
3.463206177 1.5975229755747194e-12
3.464557409 8.370407850568489e-13
3.4659086400000003 2.7821881886352895e-13
3.467259872 1.2115553300711397e-14
3.468611103 1.5593073635383856e-14
3.469962335 9.58952192085262e-13
3.4713135659999996 2.8942987939317497e-12
3.4726647969999997 1.2882233586244788e-14
3.474016029 1.5182951430941122e-14
3.47536726 9.105191411119615e-14
3.476718492 5.721521615892861e-12
3.478069723 9.830704934482671e-12
3.479420955 4.591444987151386e-12
3.4807721860000003 1.4918951229977449e-12
3.482123417 1.0371548598088406e-12
3.483474649 2.4805073130537166e-12
3.48482588 1.8560200004047333e-12
3.486177112 1.786067865474471e-12
3.487528343 3.3374378663440314e-12
3.488879575 5.184136688979623e-12
3.490230806 9.88281679337272e-12
3.491582038 9.571868773830634e-12
3.492933269 5.659701908043074e-12
3.4942845 7.862277636941525e-12
3.495635732 1.4158090255420988e-11
3.496986963 1.3201904525195929e-11
3.4983381949999997 7.98060091127625e-12
3.4996894259999998 6.520133513713495e-12
3.501040658 5.129849329679581e-12
3.502391889 1.6639710096834897e-13
3.50374312 5.341768527305697e-15
3.505094352 1.3789717122911437e-13
3.506445583 1.8768785471470867e-12
3.5077968150000003 3.835238748364745e-12
3.509148046 8.444306473156381e-13
3.5104992779999997 2.3286080022237992e-14
3.511850509 2.6556236591146975e-12
3.513201741 9.478093298472495e-12
3.514552972 3.567074997362439e-12
3.515904203 3.5967782904747213e-13
3.517255435 1.5027680382109447e-12
3.518606666 5.4960882026488254e-12
3.519957898 6.573797501218833e-12
3.521309129 4.913160858924631e-12
3.5226603610000002 4.654807292585029e-12
3.524011592 8.141070853656894e-12
3.5253628239999997 5.535730006256744e-12
3.526714055 3.4554144171969543e-12
3.528065286 2.5774542196246975e-14
3.529416518 2.959507160024452e-14
3.5307677490000002 1.5527888243101546e-12
3.532118981 3.93653102736277e-12
3.533470212 2.083977271700108e-12
3.5348214440000003 4.113691326489142e-14
3.536172675 7.184027802337796e-13
3.537523906 2.203183609532765e-12
3.538875138 8.118163188726415e-13
3.540226369 2.0261995850153302e-13
3.5415776009999997 2.498606921604026e-15
3.542928832 9.53588780154093e-16
3.544280064 5.370478095486651e-16
3.545631295 5.372487867789804e-16
3.546982527 1.5031083726658217e-15
3.548333758 2.0082351660997915e-13
3.5496849889999997 2.05059706651194e-12
3.551036221 1.1777838005475078e-12
3.552387452 1.1712676417302712e-14
3.553738684 5.331169333856907e-13
3.555089915 1.354415667445123e-14
3.556441147 1.787871889149962e-14
3.5577923780000003 2.448964061147077e-13
3.5591436090000004 6.1615006706120556e-12
3.560494841 5.044267393359928e-12
3.561846072 1.7135555246547341e-12
3.563197304 5.224709549755044e-12
3.5645485349999997 6.829052650708027e-12
3.565899767 6.765659437405668e-12
3.567250998 6.7100482383486876e-12
3.5686022299999998 3.221958206977299e-13
3.569953461 1.5350386740428704e-13
3.571304692 1.510406370336782e-13
3.572655924 2.5591049036508197e-13
3.574007155 3.4544965900289055e-12
3.575358387 5.681789614132991e-14
3.5767096179999998 3.773113101991068e-14
3.57806085 4.0363744101958555e-14
3.579412081 4.5367484555743805e-13
3.580763312 1.1090711476481554e-12
3.582114544 1.3457550315320378e-11
3.583465775 1.4026697265903798e-11
3.5848170070000003 8.696435777337664e-12
3.5861682380000004 6.559038400658638e-12
3.58751947 5.067447744937558e-12
3.588870701 4.4566939192059345e-12
3.5902219329999996 1.5926734751202262e-11
3.5915731639999997 1.4372740489641054e-11
3.592924395 1.448943023270431e-11
3.594275627 7.329227616162182e-12
3.595626858 6.2866477444552036e-12
3.59697809 3.137227416765068e-11
3.598329321 3.329522501253898e-11
3.5996805530000002 2.3625727230991325e-11
3.601031784 1.1308816664849837e-11
3.602383016 2.307320957804201e-11
3.603734247 2.7815930982683498e-11
3.605085478 1.2786552900901258e-11
3.60643671 5.6299572991342485e-12
3.607787941 2.0291914069181517e-11
3.609139173 4.447296273489241e-11
3.610490404 8.860570661385256e-12
3.6118416360000003 9.190962302768783e-14
3.6131928670000004 2.0164321526153103e-11
3.6145440979999997 2.0113223405350823e-11
3.61589533 1.7261176849814376e-12
3.617246561 4.1719474342663026e-13
3.6185977929999997 1.3527900257648267e-11
3.619949024 4.028590692562384e-13
3.621300256 1.325949865840903e-12
3.622651487 3.0000483757342924e-11
3.624002719 5.125682640844578e-11
3.62535395 2.689394740148714e-11
3.6267051809999997 2.8694380596945486e-11
3.628056413 3.0604672053119457e-11
3.629407644 8.4524039378211e-12
3.630758876 2.3675502696020568e-11
3.632110107 5.264637155481489e-11
3.633461339 5.862625088683163e-11
3.6348125700000002 5.4649363350696405e-11
3.6361638010000004 5.006235128344553e-11
3.637515033 4.462100323806742e-11
3.638866264 3.683031877712367e-11
3.640217496 2.7538414208840785e-11
3.6415687269999997 4.5533906364502594e-11
3.642919959 7.810456881994863e-11
3.64427119 7.439895849153216e-11
3.6456224219999998 4.155032431998036e-12
3.646973653 1.762912821186128e-13
3.648324884 1.3250618707568573e-13
3.649676116 1.1332550696285202e-11
3.6510273470000003 3.480573326730037e-11
3.652378579 4.8305988020810116e-11
3.6537298099999997 6.930492743089851e-11
3.655081042 1.0729132134259253e-10
3.656432273 1.0106061702998126e-10
3.657783504 6.532718190426628e-11
3.659134736 3.735369796743249e-11
3.660485967 2.2365644927966843e-11
3.6618371990000003 7.473658414228123e-11
3.66318843 6.071768917295494e-11
3.664539662 1.0287265571593943e-10
3.665890893 9.527437931193951e-11
3.667242125 1.795444340031392e-10
3.6685933559999997 2.755313520723051e-10
3.669944587 2.6588535417364857e-10
3.671295819 2.12520328870364e-10
3.67264705 1.2900636871758588e-10
3.673998282 7.271464266783792e-11
3.675349513 2.344556022163035e-11
3.676700745 8.036270660267483e-11
3.6780519760000003 1.1543436056129418e-10
3.679403208 2.601575703469917e-10
3.6807544389999998 4.185741563156907e-10
3.68210567 4.2122646918237383e-10
3.683456902 2.0699996343254282e-10
3.684808133 9.066557870588306e-11
3.686159365 1.1982829255141422e-10
3.687510596 4.798202730216391e-11
3.688861828 3.418080668934441e-13
3.690213059 3.6261750700439957e-13
3.6915642899999996 5.821273484731447e-13
3.692915522 9.997177601389291e-11
3.694266753 1.4409304854682146e-10
3.6956179849999997 2.022632871575538e-11
3.696969216 5.51552759593465e-13
3.698320448 1.5191117970417986e-12
3.699671679 1.7128689712598059e-10
3.701022911 4.3321897101029585e-10
3.702374142 3.139626250104522e-10
3.703725373 1.7133664291093644e-10
3.7050766050000004 1.224207317220402e-10
3.706427836 1.3842058648347638e-10
3.707779068 1.1957404539580748e-10
3.709130299 5.117204402595736e-10
3.710481531 9.27214052640654e-10
3.711832762 1.1805492816625802e-09
3.713183993 1.0682151355582673e-09
3.714535225 5.29695932312606e-10
3.7158864560000002 4.2774911018650386e-11
3.717237688 3.218135342503747e-12
3.7185889189999997 1.5462880165092026e-12
3.719940151 1.646005966312934e-12
3.721291382 6.822914928294992e-12
3.7226426139999997 1.381772481799611e-10
3.723993845 4.3094593948062746e-10
3.725345076 1.0059041079398179e-09
3.726696308 3.9547219743618917e-10
3.7280475390000003 1.1272293333244742e-11
3.729398771 1.3302561936064872e-10
3.730750002 2.5084230485965756e-09
3.7321012340000004 3.3678230490523755e-09
3.733452465 2.8215250490123806e-09
3.7348036959999997 1.9227533704510245e-09
3.736154928 1.6891006977654732e-09
3.737506159 1.7272919157840426e-09
3.738857391 1.8256488833295965e-09
3.740208622 2.0091369615542604e-09
3.741559854 1.8125367104702247e-09
3.7429110850000002 2.3405217027210725e-09
3.744262317 2.679761333142079e-09
3.7456135479999997 2.5802424312219567e-09
3.746964779 4.191812883018821e-09
3.748316011 6.653672152195215e-09
3.749667242 5.7088669596127526e-09
3.751018474 3.0105250248103813e-09
3.752369705 3.748875859078276e-09
3.753720937 6.469561799620868e-09
3.7550721680000003 6.779135093700479e-09
3.7564234 3.833745200101619e-09
3.757774631 9.292447040112645e-09
3.759125862 9.699941129593709e-09
3.7604770939999996 4.699626090180748e-09
3.7618283249999998 3.0825041002799085e-09
3.763179557 6.328774058898016e-11
3.764530788 2.6649918785026835e-10
3.76588202 7.042906609108714e-09
3.767233251 1.0769645466042922e-08
3.768584482 1.0466766127439646e-08
3.7699357140000003 7.506375372885984e-09
3.771286945 3.3642150911618124e-09
3.7726381769999997 1.203093433356761e-10
3.773989408 1.2809569213124898e-10
3.77534064 4.32882604120604e-09
3.776691871 8.071183188187094e-09
3.778043103 3.053023596566893e-09
3.779394334 2.906851296970369e-10
3.780745565 3.3287940111199975e-09
3.7820967970000003 9.284823262526389e-09
3.7834480279999996 1.7427827925984035e-08
3.7847992599999998 1.5353654297793215e-08
3.786150491 1.6045946067172842e-08
3.7875017229999997 1.3843953775395724e-08
3.7888529539999998 1.4357147815577503e-08
3.790204185 1.0415327505233404e-08
3.791555417 1.026213712029472e-08
3.792906648 1.0956044908880652e-08
3.79425788 1.596262439203664e-08
3.795609111 4.887835369349588e-08
3.7969603430000003 4.9285785104322004e-08
3.798311574 3.499523461381525e-08
3.7996628059999997 2.549254620666652e-08
3.801014037 1.913267835854677e-08
3.802365268 1.365878895570489e-08
3.8037165 1.3224607785567811e-08
3.8050677310000003 3.0196887561697646e-08
3.806418963 7.143275374711458e-08
3.807770194 1.0565012660039567e-07
3.8091214260000004 7.670069816037062e-08
3.8104726569999996 2.919282124240037e-10
3.811823889 9.735351596110396e-11
3.81317512 7.014364305938082e-10
3.814526351 3.975218832422161e-09
3.815877583 6.769897209993548e-09
3.817228814 1.8902643357590532e-08
3.818580046 8.053488425373376e-08
3.8199312770000002 4.357906882366347e-08
3.821282509 4.5575456979523627e-08
3.82263374 5.567105576083599e-08
3.823984971 7.071045636516164e-08
3.825336203 4.873460146429471e-08
3.826687434 4.297319405729186e-09
3.828038666 2.2067438186941706e-10
3.829389897 2.9945301971330736e-10
3.830741129 2.114605878566855e-09
3.8320923600000003 3.003750512547943e-08
3.833443592 1.2583502047204401e-09
3.834794823 3.193912276750675e-10
3.836146054 3.444794383804858e-10
3.8374972859999996 3.717059431436249e-10
3.8388485169999997 4.0161931945542417e-10
3.840199749 8.031046367507244e-08
3.84155098 3.277708430465422e-07
3.842902212 4.6650813047633147e-07
3.844253443 5.401666519280173e-07
3.845604674 4.317775752768768e-07
3.8469559060000003 3.078277677056644e-07
3.848307137 1.9128846146226388e-07
3.849658369 5.4957303892422294e-08
3.8510096 9.700330545883936e-08
3.852360832 2.807172663636421e-07
3.853712063 3.9770383643179274e-07
3.855063295 3.4012880130449565e-07
3.856414526 2.722676658415285e-07
3.857765757 3.542343025212139e-07
3.859116989 5.230782481206905e-07
3.86046822 7.566140461354015e-07
3.861819452 1.321883070181083e-06
3.863170683 1.3878578386832202e-06
3.8645219149999996 1.8525521656046592e-06
3.8658731459999998 2.513711043565112e-06
3.867224377 2.706900016037618e-06
3.868575609 2.3800607019975705e-06
3.86992684 2.193768374349067e-06
3.871278072 1.8890715811972286e-06
3.872629303 1.0975170814757559e-06
3.8739805350000003 6.267324648134123e-07
3.875331766 1.919570080332382e-06
3.876682998 3.7905800357675756e-06
3.878034229 2.3716875863951508e-06
3.87938546 1.3757197738359523e-06
3.880736692 1.7259825830403633e-06
3.882087923 2.7893435592564048e-06
3.883439155 2.6368627232978673e-06
3.884790386 1.475136330532675e-06
3.886141618 5.551100531639707e-07
3.887492849 2.475813290913668e-07
3.8888440810000002 9.97495865882891e-09
3.890195312 3.6133274056031345e-09
3.891546543 4.716928210342184e-08
3.892897775 1.489591366805099e-06
3.894249006 2.099031696877393e-06
3.895600238 1.3661620970279915e-06
3.8969514690000002 2.2404766944275252e-07
3.898302701 5.2417067730555295e-09
3.899653932 6.402064569854964e-07
3.9010051629999998 1.0990023011477054e-06
3.902356395 1.6514834861414505e-06
3.903707626 3.359794125315564e-06
3.905058858 4.11764804755176e-06
3.906410089 3.1985621333355347e-06
3.9077613209999997 2.028779336377464e-06
3.909112552 1.1553677167582084e-06
3.910463784 6.101138788136283e-07
3.911815015 5.896065112042883e-07
3.913166246 2.505295983617694e-06
3.914517478 6.046192636937365e-06
3.9158687089999997 7.508174723463912e-06
3.917219941 4.331600572507415e-06
3.918571172 6.921376117198788e-07
3.919922404 5.836438792335338e-07
3.921273635 1.3155450278666473e-08
3.922624866 4.7013778902906085e-09
3.9239760980000002 7.859093081170073e-08
3.9253273290000004 1.58982802082435e-06
3.926678561 1.1291852429285795e-06
3.928029792 1.6141236558578034e-07
3.929381024 6.921840949622493e-09
3.9307322549999997 6.443248891343842e-07
3.932083487 9.281778161054528e-07
3.933434718 1.2273594197913775e-06
3.934785949 9.495218043674672e-07
3.936137181 8.340279568986603e-07
3.937488412 4.1212484006217057e-07
3.938839644 2.5632313594527954e-08
3.940190875 4.86246341096615e-09
3.941542107 4.8693609099795905e-09
3.9428933379999997 6.925474209071601e-09
3.944244569 9.477522246888237e-08
3.945595801 4.9883562322632955e-09
3.946947032 1.604840956077888e-07
3.948298264 8.398527332872744e-07
3.949649495 1.2440214772061549e-06
3.9510007270000003 1.233194040430558e-06
3.9523519580000004 5.380882371909936e-08
3.95370319 3.7004255703596755e-08
3.955054421 2.1046565812442753e-06
3.956405652 2.6494110903592464e-06
3.9577568839999997 9.4944482965709e-07
3.959108115 5.8800969647432585e-09
3.960459347 4.72022246098066e-08
3.961810578 4.825850478212439e-07
3.96316181 9.133801251752017e-07
3.964513041 3.1513841976260147e-06
3.965864273 3.482851124058e-06
3.967215504 5.118281554481685e-06
3.968566735 4.6348011991805915e-06
3.9699179669999998 2.2799036137055656e-06
3.971269198 4.4662160317496297e-07
3.97262043 8.724934796463119e-07
3.973971661 1.8927647573849617e-06
3.975322893 2.1878929454468484e-06
3.976674124 1.8792371871629772e-06
3.978025355 1.093975686688254e-06
3.9793765870000004 3.6056646385488675e-06
3.9807278179999996 4.8554738241249825e-06
3.98207905 5.651502190769734e-06
3.983430281 6.201644575012244e-06
3.9847815129999997 5.787787192743717e-06
3.986132744 3.827479891253886e-06
3.987483976 8.75281145087201e-07
3.988835207 1.2050666827013547e-06
3.9901864380000003 1.4875583142579507e-06
3.99153767 1.0678222654585683e-06
3.9928889009999997 1.9897078565835857e-06
3.994240133 2.332106128587377e-06
3.995591364 4.6810948589634394e-07
3.996942596 9.840601252661764e-09
3.998293827 5.988517393137288e-08
3.999645058 8.382444642619483e-07
4.00099629 1.2443357338603045e-06
4.002347521 2.591225465832031e-07
4.003698753 7.211607503073663e-09
4.005049984 1.6802541385325096e-06
4.006401216 1.866317497606913e-06
4.007752447 1.9128285089359085e-06
4.009103679 2.221151266106553e-06
4.01045491 2.6233809386605047e-06
4.011806141 4.506779223938982e-06
4.013157373 4.374615124917086e-06
4.014508604 1.2590709094319177e-06
4.015859836 5.724980029942969e-09
4.017211067 4.9459667741935194e-09
4.018562299 4.949939632475272e-09
4.01991353 4.9531769778312535e-09
4.021264761 3.4227537744519794e-08
4.022615993 1.3050836025237197e-06
4.023967224 1.8241122569831552e-06
4.025318456 2.457562495908584e-06
4.026669687 2.9552907018953087e-06
4.028020919 3.406445303638826e-06
4.02937215 5.656239659869959e-06
4.030723382 5.3108434160469764e-06
4.032074613 2.25250729081163e-06
4.033425844 2.3082843552621127e-07
4.034777076 5.794865211598314e-09
4.036128307 2.959979898201652e-07
4.037479539 4.581363924862849e-07
4.03883077 1.5960824648576822e-06
4.040182002 2.504191058910921e-06
4.041533233 6.688154256062401e-07
4.042884465 5.219306186602566e-07
4.044235696 3.4500245763241153e-06
4.0455869269999996 5.11520763662102e-06
4.046938159 5.670542838715038e-06
4.04828939 5.978182187679244e-06
4.049640622 5.443414452302766e-06
4.050991853 4.432591712766746e-06
4.052343085 3.628999630122065e-06
4.053694316 4.2366063543083846e-06
4.055045547 4.868474617008987e-06
4.056396779 3.495731757948611e-06
4.05774801 2.3673764432010426e-06
4.059099241999999 2.611868254207543e-06
4.0604504729999995 3.974540207413689e-06
4.061801705 5.452471208504002e-06
4.063152936 6.657415367109784e-06
4.064504168 6.253289520356267e-06
4.065855399 3.882206701081756e-06
4.06720663 2.5617097794226516e-06
4.0685578620000005 3.89933966625311e-06
4.069909093000001 4.891649158616235e-06
4.071260325 2.946847446798131e-06
4.072611556 1.7846751959793054e-06
4.073962788 2.050495579236065e-06
4.075314019 1.5921153312202885e-06
4.07666525 8.283242169177703e-07
4.078016482 6.27542580281961e-07
4.079367713 1.7547584422460204e-06
4.080718945 2.99374429275391e-06
4.082070176 3.1020635895177695e-06
4.083421408 4.436737942895756e-06
4.084772639 5.388356223474848e-06
4.086123871 5.386590655805966e-06
4.087475102 4.2034840640902084e-06
4.088826333 3.2776951572122856e-06
4.090177565 2.9333558689468585e-06
4.091528796 2.690483174171314e-06
4.092880028 2.0625670787540636e-06
4.094231259 4.504407456941434e-07
4.095582491 1.51526529655173e-06
4.096933722 1.346437070149454e-06
4.098284953 6.998685966824724e-07
4.0996361850000005 1.3355065814771244e-06
4.100987416 2.003463972784914e-06
4.102338648 1.930912672764515e-06
4.103689878999999 3.036949034872032e-07
4.105041110999999 7.638993486081766e-07
4.106392342 2.405142729976554e-06
4.107743574 4.068218231060759e-06
4.109094805 3.9645209615712975e-06
4.110446036 1.8703929629159715e-06
4.111797268 6.436640679689858e-07
4.113148499 1.4284340294444541e-06
4.1144997309999995 4.710616709819307e-06
4.115850962000001 7.1697680799384815e-06
4.117202194000001 6.2821729877642525e-06
4.118553425 3.2608963558007214e-06
4.119904657 1.641932805234557e-06
4.121255887999999 2.3357631500816316e-06
4.122607119 4.563400293315339e-06
4.123958351000001 5.58621375463078e-06
4.125309582 4.941873223061078e-06
4.126660814 3.2136407238129577e-06
4.128012045 1.1845821792799093e-06
4.129363277 2.734811636217497e-07
4.130714508 8.821620857232694e-09
4.132065739 4.985058356097206e-09
4.133416971 4.9840108252530295e-09
4.134768202 1.0159416247406956e-08
4.136119434 1.0071573765674314e-06
4.1374706649999995 2.0773819790835083e-06
4.138821897 1.9718103798338937e-06
4.140173128000001 5.965065100980437e-08
4.14152436 4.977481771734856e-09
4.142875591 4.977206735191131e-09
4.144226821999999 4.976859327757092e-09
4.145578054 3.893746215713909e-07
4.146929285000001 2.1206205370619235e-06
4.148280517 1.1504590997077873e-06
4.149631748 8.603867869828557e-07
4.15098298 2.830228404612345e-07
4.152334211 5.773942349103691e-07
4.153685442 2.850952012831003e-06
4.155036674 1.9683969548396555e-06
4.156387905 2.0643514571335037e-07
4.157739136999999 6.080460704750416e-09
4.159090368 5.92445567464723e-07
4.1604416 2.114406890461228e-06
4.161792831 3.2483021918677818e-06
4.163144063 4.144494622949726e-06
4.164495294 4.3570738132931225e-06
4.165846525 3.365844701855281e-06
4.167197757 2.346555108113799e-06
4.1685489879999995 2.7690612655582467e-06
4.169900220000001 2.286639588459241e-06
4.171251451 2.009437511535964e-06
4.172602683 2.9522484632268507e-06
4.173953914 4.571088811967626e-06
4.1753051459999995 5.0453832439864185e-06
4.1766563770000005 6.349877687885798e-06
4.178007608 5.398575350449847e-06
4.17935884 5.274976252012068e-06
4.180710071 4.375010857601104e-06
4.182061303 3.2400805376409754e-06
4.183412534 2.8067625621283178e-06
4.184763766 2.872358942388075e-06
4.186114997 3.1871079962284818e-06
4.187466228 3.928532320527755e-06
4.18881746 4.835363523675792e-06
4.190168691 5.585852842764938e-06
4.1915199229999995 6.09853912298391e-06
4.1928711540000005 6.953168277623131e-06
4.194222386000001 8.317938958615799e-06
4.195573617 9.0055403396767e-06
4.196924849 9.395932451989771e-06
4.198276079999999 1.0210529919692503e-05
4.199627311 1.14163957795866e-05
4.200978543 1.1764359519199062e-05
4.202329774 1.1654796492801991e-05
4.203681006 1.285254111110948e-05
4.205032237 1.3458624528146597e-05
4.206383469 1.3425056160873416e-05
4.2077347 1.2797235342183908e-05
4.209085931 1.2397794726841739e-05
4.210437163 1.1696123764073206e-05
4.211788394 1.0006751135378985e-05
4.213139626 9.863675629676744e-06
4.2144908569999995 1.1998919716071967e-05
4.215842089 1.3101061156766948e-05
4.217193320000001 1.4188198713406272e-05
4.218544552 1.300455444638892e-05
4.219895783 9.281611423055321e-06
4.221247013999999 8.401628316841267e-06
4.2225982459999996 8.936326193132957e-06
4.223949477 1.1115987772542836e-05
4.225300709 1.3100625899493944e-05
4.22665194 1.2066033070030908e-05
4.228003171999999 1.0024368357216499e-05
4.229354403 8.661826137242656e-06
4.2307056339999995 6.20436892128471e-06
4.232056866 4.308786990973233e-06
4.233408097000001 3.4675204035529654e-06
4.234759329 3.0751692348285043e-06
4.23611056 2.5970429738006136e-06
4.237461792 2.1033846242062785e-06
4.238813023 9.264068815060562e-07
4.240164255 6.726652958196266e-07
4.241515486 7.147437277163028e-08
4.242866717 6.718287779113017e-09
4.244217949 5.434519203498978e-07
4.24556918 2.1904666348373077e-06
4.246920412000001 3.4188580310189023e-06
4.248271643 2.2234648601822196e-06
4.249622875 1.4224952476149465e-06
4.250974105999999 2.2951053299422167e-07
4.2523253379999995 1.507283664781012e-08
4.2536765690000005 4.906163880890765e-09
4.2550278 4.90498070381385e-09
4.256379032 4.9037863541031005e-09
4.257730263 4.9025822190208165e-09
4.259081495 4.901383978442908e-09
4.260432726 7.50678287041418e-09
4.261783958 2.040862377741112e-07
4.263135189 1.006428919699198e-06
4.26448642 1.6607107352679692e-06
4.265837652 1.5883014190701043e-06
4.267188883 4.5397547701061724e-07
4.2685401149999995 8.058555976025166e-09
4.2698913460000005 4.824363472201989e-09
4.271242578000001 6.5405460318164655e-09
4.272593809 2.5733887046323363e-08
4.273945041 8.386459817057713e-07
4.275296271999999 4.328989872939825e-07
4.276647503 3.1474605841672677e-08
4.277998735 4.73373417649803e-09
4.279349966 4.718572563440921e-09
4.280701198 1.7020457279837974e-08
4.282052429 1.0537496954490234e-07
4.283403661 3.3387826140731735e-07
4.284754892 2.7617129372953396e-07
4.286106123 8.492977220732867e-09
4.287457355 4.8272695702933335e-09
4.288808586 4.8481201683668135e-09
4.290159818 4.86636769760019e-09
4.2915110489999995 4.865424535171678e-09
4.292862281 4.864463436804932e-09
4.294213512000001 1.7666399115408053e-08
4.295564744 1.121415608848867e-06
4.296915975 1.6260794066602787e-06
4.298267206 2.7259956303470894e-08
4.299618438 4.8704578917231045e-09
4.300969669 4.8689122140070064e-09
4.302320901 4.867125389834836e-09
4.303672132 1.2183663857208531e-08
4.305023363999999 1.1663514306340341e-07
4.306374595 1.3262664991814546e-06
4.3077258259999995 1.795138605685358e-06
4.309077058 7.570508530215807e-07
4.310428289000001 4.713245234094749e-08
4.311779521 4.8543188637723015e-09
4.313130752 4.852459503863824e-09
4.314481984 1.403442491779716e-07
4.315833215 1.3626216500804337e-06
4.317184447 1.6863874219992116e-06
4.318535678 1.3344467478884426e-06
4.319886909 6.938321291379075e-07
4.321238141 4.4580965782491796e-08
4.322589372 4.8397307177912165e-09
4.323940604000001 4.8379784344975184e-09
4.325291835 4.83622132023913e-09
4.326643067 4.834463217896109e-09
4.327994297999999 4.832697074453349e-09
4.329345529999999 4.830922879316053e-09
4.3306967610000004 2.4655508094123545e-07
4.332047992 2.687426452030529e-06
4.333399224 4.3646000551479525e-06
4.334750455 4.144293289638378e-06
4.336101687 3.54165718051975e-06
4.337452918 2.6095149507132e-06
4.33880415 7.067857129614035e-07
4.340155381 7.779940599435896e-09
4.341506612 4.8143356687381336e-09
4.342857844 2.1346761648386422e-08
4.344209075 8.001386335994946e-07
4.3455603069999995 3.98976987504649e-07
4.3469115380000005 4.154103416298753e-08
4.34826277 2.2883796930400539e-07
4.349614001 2.51183751596454e-07
4.350965233 7.268083259735995e-09
4.352316464 4.808688443950956e-09
4.353667695 4.806389211862238e-09
4.355018927 5.388756800794674e-09
4.356370158 2.0892951119828137e-07
4.35772139 3.2570501792731595e-08
4.359072621 4.796873988789724e-09
4.360423853 4.794421704284059e-09
4.361775084 4.792013489309144e-09
4.363126315000001 4.789551939166522e-09
4.364477547000001 4.7870277536984435e-09
4.365828778 4.784443899595507e-09
4.36718001 4.781813737270579e-09
4.3685312409999995 4.779138963650912e-09
4.369882473 6.657594285069588e-09
4.371233704 1.6449814198715398e-07
4.372584936 7.742299547441381e-07
4.373936167 1.6430520688247811e-06
4.375287398 2.125866026697653e-06
4.37663863 1.4200629416328138e-06
4.377989861 3.687412578887105e-08
4.379341093 4.755828418980947e-09
4.380692324 4.7527673522185934e-09
4.382043555999999 4.749700524947377e-09
4.383394787 4.746604114685849e-09
4.3847460179999995 4.743474871152343e-09
4.38609725 4.740331289576915e-09
4.387448481000001 4.737164688725675e-09
4.388799713 4.733991559137173e-09
4.390150944 4.730801110914925e-09
4.391502176 4.727585678955551e-09
4.392853407 4.724375556257223e-09
4.394204639 4.721182183440507e-09
4.39555587 4.71800309199362e-09
4.396907101 4.715124119750776e-09
4.398258332999999 4.712404042522756e-09
4.399609564 4.7097007391052e-09
4.400960796000001 4.707015750404668e-09
4.402312027 4.704337333401222e-09
4.403663259 4.7016893417595315e-09
4.405014489999999 4.699137658503593e-09
4.406365721999999 4.701642367956152e-09
4.407716953 4.69909688633664e-09
4.409068184 4.69661177545587e-09
4.410419416 4.694166709614812e-09
4.411770647 4.69177386572263e-09
4.413121879 4.690081961259368e-09
4.41447311 4.6924843787393015e-09
4.415824342 4.690238506198858e-09
4.417175573000001 4.688042382608921e-09
4.418526804 4.685880859331321e-09
4.419878036 4.68375115272624e-09
4.421229266999999 7.898623311071908e-08
4.4225804989999995 6.310869811679773e-07
4.4239317300000005 1.202011200371986e-06
4.425282962 9.97966182845622e-07
4.426634193 7.461898655959151e-07
4.427985425 1.1482029091344835e-07
4.429336656 4.675796722997688e-09
4.430687887 4.668273902602011e-09
4.432039119 2.4673576438459323e-08
4.43339035 3.1400309300044324e-07
4.434741582 6.9637799630591045e-09
4.436092813 4.661193949284569e-09
4.437444045 4.6595105049395234e-09
4.438795276 4.657856782809144e-09
4.440146507000001 2.2178061799751778e-07
4.441497739000001 1.9644390875245876e-06
4.44284897 3.996723224227793e-06
4.444200202 4.337237276723821e-06
4.445551432999999 2.8028188736262947e-06
4.446902665 4.638640668580418e-07
4.448253896 6.097649045429618e-09
4.449605128 4.644898199190516e-09
4.450956359 4.643193894894616e-09
4.45230759 4.6414904242299226e-09
4.453658822 4.639769267768289e-09
4.455010053 4.6380413157998e-09
4.456361285 4.636310641983757e-09
4.457712516 4.634581339855402e-09
4.459063747999999 4.632848149325904e-09
4.460414979 4.631110495480337e-09
4.4617662110000005 4.6294046237937366e-09
4.463117442 4.627696562378734e-09
4.464468673000001 4.625997976696681e-09
4.465819905 4.6242744217400464e-09
4.467171136 4.622550456784864e-09
4.468522368 5.3499644771371407e-08
4.469873599 9.801939637564845e-07
4.471224831000001 7.214419682329504e-07
4.472576062 7.512076933128505e-07
4.473927293 2.018458983760364e-06
4.475278524999999 2.257625325065505e-06
4.476629756 1.4059101709074296e-06
4.4779809880000006 1.915194423690035e-06
4.479332219 1.2341222396449218e-06
4.480683451 4.07795751977917e-07
4.482034682 2.218804941775427e-08
4.483385914 4.604937376549589e-09
4.484737145 4.606703183994962e-09
4.486088376 4.60593672835263e-09
4.487439608 4.603765602484447e-09
4.488790839 4.601565181370887e-09
4.490142071 4.599336837375199e-09
4.491493302 4.597043661210493e-09
4.492844534 4.5947000261806794e-09
4.494195765000001 4.592309489853522e-09
4.495546996 4.5897798498471455e-09
4.496898228 4.587221708462922e-09
4.498249458999999 4.5845983866111185e-09
4.4996006909999995 4.5819325956292936e-09
4.5009519220000005 6.88113871565075e-09
4.502303154 5.30395729529204e-08
4.503654385 9.086332567381272e-09
4.505005617 4.571049112106879e-09
4.506356848 4.568212817949972e-09
4.507708079 4.565329639702147e-09
4.509059311 4.562411178333994e-09
4.510410542 5.623141517634951e-09
4.511761774 2.7416723040247494e-07
4.513113005 1.7317609213375946e-06
4.514464237 2.4534099419458805e-06
4.5158154679999996 2.6536291636023708e-06
4.517166699000001 2.748020471566874e-06
4.518517931 2.675231988337624e-06
4.519869162 2.326693917569233e-06
4.521220394 4.3623390673774327e-07
4.522571624999999 4.315923356446488e-08
4.523922857 4.944094860500966e-09
4.525274088 4.524275476709056e-09
4.52662532 4.520855576138146e-09
4.527976551 4.5173854625312135e-09
4.529327782 4.5138975359059e-09
4.530679014 4.510371769279096e-09
4.532030245 4.846102559173801e-09
4.533381477 4.242077431547613e-08
4.534732708 2.4367790699504715e-08
4.53608394 4.4960505449085434e-09
4.537435171 4.492459411962485e-09
4.5387864030000005 4.48886471987093e-09
4.540137634 4.4852597121413986e-09
4.541488865 4.481667902430811e-09
4.542840097 4.4780702199334105e-09
4.544191328 4.4744429502470315e-09
4.5455425599999995 4.47080110065796e-09
4.5468937910000005 4.467145479206957e-09
4.548245023000001 4.4635191374467526e-09
4.549596254 4.459889982714522e-09
4.550947485 4.456329575581409e-09
4.552298716999999 1.1461955621410289e-08
4.553649948 1.3665957446073815e-06
4.5550011800000005 3.901499079664727e-06
4.556352411 4.987569789635225e-06
4.557703643 4.8506317156132524e-06
4.559054874 3.5754679059264396e-06
4.560406106 2.023983985221117e-06
4.561757337 8.289528755514447e-07
4.563108568 1.8141869153126384e-08
4.5644598 4.427074331999224e-09
4.565811031 4.423791278047461e-09
4.567162263 4.420520988463411e-09
4.568513493999999 4.417250926977594e-09
4.569864726 4.4140292297843445e-09
4.571215957000001 4.411878088636668e-09
4.572567188 4.412587214176842e-09
4.57391842 4.409353446367921e-09
4.575269650999999 1.1600934056051371e-07
4.5766208829999995 1.48548205351919e-06
4.5779721140000005 6.263008304550742e-06
4.579323346 6.897078004663278e-06
4.580674577 6.304547272676052e-06
4.582025809 6.105589832008731e-06
4.58337704 7.2596432377705255e-06
4.584728271 8.054826400409803e-06
4.586079503 8.379992646933236e-06
4.587430734 5.848130183541208e-06
4.588781966 3.1910686584753795e-07
4.590133197 4.37090365550396e-09
4.591484429 4.36748842487729e-09
4.5928356599999995 4.364040733423331e-09
4.5941868910000005 4.36058226621953e-09
4.595538123 1.4731339342265063e-08
4.596889354 1.143898013315564e-07
4.598240586 1.2255914505248454e-06
4.599591817 1.9309239440694106e-06
4.6009430490000005 2.8076358213162498e-06
4.60229428 5.669048351721524e-06
4.603645512 9.060748207137615e-06
4.604996743 1.596758684765489e-05
4.606347974 2.3496743582343966e-05
4.607699206 2.9089818446349378e-05
4.609050437 3.388447965923154e-05
4.610401669 3.721178679360867e-05
4.611752900000001 4.127396423912353e-05
4.613104132 4.5691056745217906e-05
4.614455363 4.9807162076582935e-05
4.6158065950000005 5.360651218651903e-05
4.617157826 5.843946560137811e-05
4.618509057 6.548927646500364e-05
4.619860289 7.344010420544842e-05
4.62121152 8.218254823088809e-05
4.622562751999999 9.116907143927784e-05
4.6239139830000004 0.00010077465096309447
4.625265215000001 0.00011085923109427339
4.626616446 0.00012066827230078221
4.627967677 0.00013231488863610895
4.629318908999999 0.00014559726999020253
4.63067014 0.00016062715535844805
4.6320213720000005 0.00017437608593069248
4.633372603 0.0001877370451583892
4.634723835 0.00020176078976639453
4.636075066 0.0002189799214216977
4.637426298 0.00023951636185758933
4.638777529 0.0002665616158654539
4.64012876 0.0003011754802549267
4.641479992 0.00034485775567669614
4.642831223 0.0004001559000979012
4.644182455 0.0004648517345162633
4.645533685999999 0.0005407111246509177
4.646884918 0.0006327253128312126
4.648236149000001 0.0007402149354515065
4.64958738 0.000864855327646629
4.650938612 0.0010075404708729545
4.652289842999999 0.001175312520625048
4.6536410749999995 0.0013723429925374254
4.6549923060000005 0.0016038746184591952
4.656343538 0.0018766233974866833
4.657694769 0.002203552251874354
4.659046001 0.0026042692650966436
4.660397232 0.0030911762440335878
4.661748463 0.0036974596155139026
4.663099695 0.004444850589610606
4.664450926000001 0.0053651594199915125
4.665802158 0.006550245445927875
4.667153389 0.00803753488807927
4.668504621 0.009924698519479646
4.6698558519999995 0.012396823463357392
4.6712070830000005 0.015581016411497737
4.672558315 0.0197720539780493
4.673909546 0.025354304321271542
4.675260778 0.03268109852718535
4.676612009 0.04246248797435278
4.6779632410000005 0.055253019268648035
4.679314472 0.07186803166052852
4.680665704 0.09247904337734132
4.682016935 0.11711913777276571
4.683368166 0.1462495105631097
4.684719398 0.17469145838037925
4.686070629 0.20388319274290334
4.687421861 0.23036198249037335
4.688773092 0.24952768099652525
4.690124324 0.26531303036698417
4.691475555 0.2742555552288248
4.6928267869999996 0.27905668288564495
4.694178018 0.28162300744549457
4.695529249 0.28174809784954735
4.696880481 0.2815684251955719
4.698231712 0.2814549563482168
4.699582943999999 0.2812871927053757
4.700934175 0.28124150627780753
4.702285407000001 0.2813648020665406
4.703636638 0.2814235999244301
4.704987869 0.28134192784834294
4.706339100999999 0.28086143620077236
4.707690332 0.27990968173222164
4.7090415640000005 0.27867616059214645
4.710392795 0.27693627416792826
4.711744027 0.27513919109295804
4.713095258 0.2732607319041793
4.71444649 0.271743646212161
4.7157977209999995 0.27055746014498144
4.717148952 0.26997177488606483
4.718500184000001 0.27004637383879987
4.719851415 0.2703743418590019
4.721202647 0.2707520078187198
4.722553877999999 0.27006993824130665
4.72390511 0.26854953553474625
4.725256341000001 0.2623933115380242
4.726607572 0.2533825371605815
4.727958804 0.240105529368023
4.729310035 0.22068878334101752
4.730661267 0.19948213075536034
4.7320124980000005 0.17390289802702893
4.73336373 0.14788516975926164
4.734714961 0.12362835971239612
4.736066193 0.09976121985908461
4.737417424 0.07971202200592252
4.738768654999999 0.06277460159082932
4.740119887 0.04905684608325049
4.741471118000001 0.03826237263060585
4.74282235 0.029868256710862233
4.744173581 0.023418618964321226
4.745524813 0.018423373735092743
4.7468760439999995 0.01465137396471814
4.748227276 0.011709069056921127
4.749578507 0.009433685529406793
4.750929738 0.007670193553269057
4.75228097 0.006266229858922245
4.753632201 0.00517254949243294
4.7549834330000005 0.004294350883978546
4.756334664 0.00358408150111905
4.757685896 0.0030166112648939733
4.759037127 0.0025481919138607236
4.760388358 0.0021666822279795116
4.76173959 0.0018520172980291908
4.763090821 0.001587575527785254
4.764442053 0.0013683235814773945
4.765793284 0.00118306405851933
4.767144516 0.0010270009325255474
4.768495747 0.0008938583235326967
4.7698469789999995 0.000778169591973441
4.77119821 0.0006763602522592676
4.772549441 0.0005885735697735567
4.773900673 0.0005126546100933812
4.775251904 0.0004477971695018046
4.776603135999999 0.0003920860944167082
4.777954367 0.0003449360144417398
4.779305599000001 0.00030796882284793724
4.78065683 0.00027707416053187256
4.782008061000001 0.00025297290464228715
4.783359293 0.00023110009673538195
4.784710524 0.0002112648633010634
4.7860617560000005 0.00019299569782534745
4.787412987 0.00017609037665021322
4.788764219 0.0001597444929839547
4.79011545 0.00014480121619228221
4.791466682 0.0001311574367244431
4.7928179129999995 0.00011844651430844526
4.7941691440000005 0.00010640350557168436
4.795520376000001 9.41174825569802e-05
4.796871607 8.410615000882623e-05
4.798222839 7.567571943776131e-05
4.799574069999999 6.994611450371265e-05
4.800925302 6.372897825888178e-05
4.802276533000001 5.6093474186659285e-05
4.803627764 4.8096434871711566e-05
4.804978996 4.077533608715119e-05
4.806330227 3.600011242095256e-05
4.807681459 3.1966478009691676e-05
4.80903269 2.8715997386399753e-05
4.810383922 2.5684538677826646e-05
4.811735153 2.3106594917112693e-05
4.813086384999999 2.0330346448957386e-05
4.814437616 1.7344045832220572e-05
4.815788846999999 1.421141567674533e-05
4.817140079 1.0877230541689723e-05
4.818491310000001 7.9785747672322e-06
4.819842542 4.8346634560939665e-06
4.821193773 2.4032015447569245e-06
4.822545005 1.2709901452199405e-06
4.8238962359999995 4.62190753565049e-08
4.825247468 3.689876267336394e-09
4.826598699 3.6862326451251707e-09
4.82794993 3.6825490385501097e-09
4.829301162 3.6787808694410773e-09
4.830652393 3.6748976120695787e-09
4.8320036250000005 3.670900625619029e-09
4.833354856 3.6668503558891294e-09
4.834706088 3.6627399564022333e-09
4.836057318999999 3.6585205877677984e-09
4.83740855 3.654180008301118e-09
4.838759782 4.6140394679533565e-09
4.840111013 1.8317727160073618e-07
4.841462245 2.205221283169887e-06
4.842813476 2.8450601776620125e-06
4.844164708 2.963832326087696e-06
4.845515939 2.890428472972288e-06
4.8468671709999995 2.643948935905788e-06
4.8482184020000005 2.575510216596211e-06
4.849569633 2.7215786351901886e-06
4.850920865 2.9246035578642315e-06
4.852272096 3.119646090307921e-06
4.853623327999999 2.4776253796393227e-06
4.854974559 1.2864079579883028e-06
4.856325791000001 3.4575941727013315e-07
4.857677022 2.7370327620483134e-08
4.859028253 3.6222248029172805e-09
4.860379485 8.186080191545968e-09
4.861730716 3.17265430806578e-08
4.863081948 1.7464456534566734e-07
4.864433179 3.835525403144253e-07
4.865784411 1.1003670619324847e-06
4.867135642 7.587418205345271e-07
4.868486874 2.6569291422755035e-07
4.8698381049999995 8.064153356358268e-09
4.8711893360000005 1.3274484592625816e-08
4.872540568000001 5.02863938201082e-07
4.873891799 3.750399398023105e-07
4.875243031 1.1081328430404252e-07
4.876594261999999 7.582211222265388e-09
4.8779454939999995 3.465750916684305e-09
4.879296725000001 3.4564899437574903e-09
4.880647956 3.447223389632048e-09
4.881999188 3.4380002608090333e-09
4.883350419 3.4287974686298896e-09
4.884701651 3.4196388490326094e-09
4.8860528819999995 3.4105723547694763e-09
4.887404114 3.401587733573115e-09
4.888755345 3.392678516358569e-09
4.890106576999999 3.383838929554555e-09
4.891457808 3.375076254647493e-09
4.892809038999999 3.366442830910542e-09
4.894160271 3.357920495200045e-09
4.895511502000001 3.349502212693004e-09
4.896862734 3.3411756491468766e-09
4.898213965 3.332968365036445e-09
4.899565197 3.32490262355507e-09
4.900916428 3.316956480562902e-09
4.902267660000001 3.3091191573655805e-09
4.903618891 3.3013781678053793e-09
4.904970122 3.29376068857024e-09
4.906321354 3.2862587547350703e-09
4.907672585 3.2788493912600455e-09
4.9090238170000005 3.2714862014832455e-09
4.910375048 3.2641512416818206e-09
4.91172628 3.256863991458258e-09
4.913077511 3.249591709324542e-09
4.914428742 3.242299126716378e-09
4.915779974 3.2349190827444106e-09
4.917131205 3.227435836457817e-09
4.918482437 3.2198167892464436e-09
4.919833668 3.2120573985280753e-09
4.9211849 3.204051899105412e-09
4.922536131 3.195758369741528e-09
4.9238873629999995 3.1871456007607617e-09
4.9252385940000005 3.1781636174677533e-09
4.926589825 3.1688256786026503e-09
4.927941057 3.1589866041894235e-09
4.929292288 3.148633884744616e-09
4.930643519999999 3.1376704981134423e-09
4.931994751 3.1260807964286674e-09
4.933345983000001 3.113843082781986e-09
4.934697214 3.100814240518593e-09
4.936048445 3.0870091841231853e-09
4.937399677 3.0722281334590675e-09
4.938750908 3.0565573095458884e-09
4.94010214 3.039872320375952e-09
4.941453371 3.023624963358652e-09
4.942804603 3.0065597699871907e-09
4.944155834 2.986421151837999e-09
4.945507066 2.9651510538030482e-09
4.9468582969999995 2.9425281490486302e-09
4.9482095280000005 2.9186757058202797e-09
4.949560760000001 2.8934528359567767e-09
4.950911991 2.8668617096984825e-09
4.952263223 2.838975441099096e-09
4.953614453999999 2.809639979274712e-09
4.9549656859999995 2.77905444448596e-09
4.9563169170000005 2.746960344776739e-09
4.957668148 2.7135824734607075e-09
4.95901938 2.6788457129233566e-09
4.960370611 2.642825673943549e-09
4.961721843 2.605614539920259e-09
4.9630730739999995 2.5670976979909016e-09
4.964424306 2.527554435614041e-09
4.965775537000001 2.486809792460231e-09
4.967126769 2.4451833921635583e-09
4.968478 2.402596636237463e-09
4.969829230999999 2.359172736718493e-09
4.971180463 2.315059244636929e-09
4.972531694000001 2.270223558294187e-09
4.973882926 2.224944335074611e-09
4.975234157 2.17907559465826e-09
4.976585389 2.1329158532236478e-09
4.97793662 2.086411472686926e-09
4.979287852000001 2.0397502353403828e-09
4.980639083 1.9930182879928597e-09
4.981990314 1.9462569088447984e-09
4.983341545999999 1.8996368398023277e-09
4.984692777 1.8530941359613021e-09
4.986044009 1.8068868797582667e-09
4.98739524 1.760971601678165e-09
4.988746472 1.715501811742785e-09
4.990097703 1.6704892415865998e-09
4.991448934 1.625989535174083e-09
4.992800166 1.5820999522023993e-09
4.9941513969999995 1.5388180399221344e-09
4.995502629 1.496273969706537e-09
4.99685386 1.4544008995256414e-09
4.998205092 1.4132908528058968e-09
4.999556323 1.3729261354119868e-09
5.0009075549999995 1.3334889692019784e-09
5.0022587860000005 1.2949111791082707e-09
5.003610017 1.2571092201995615e-09
5.004961249 1.2201116261578681e-09
5.006312479999999 1.183873820295624e-09
5.007663711999999 1.1484628041508234e-09
5.009014943 1.1150386222470892e-09
5.010366175 1.0811591622558884e-09
5.011717406 1.0480406903728612e-09
5.013068637 1.015674982015985e-09
5.014419869 9.840625257845785e-10
5.0157711 9.531684022841135e-10
5.017122332 9.230053400944835e-10
5.018473563 8.935135454771685e-10
5.019824795000001 8.647198354016619e-10
5.021176026 8.365735940542319e-10
5.022527258 8.090864028208095e-10
5.0238784889999994 7.822175703184222e-10
5.0252297200000005 7.559464526430095e-10
5.026580952000001 7.302638531982043e-10
5.027932183 7.051322184783477e-10
5.029283415 2.451270991321932e-09
5.030634646 8.282650682679204e-08
5.031985878 3.069245667800457e-07
5.033337109 3.2694240606933217e-07
5.034688341 1.7328082244017241e-07
5.036039572 7.473457696063123e-08
5.037390803 2.7832095799975984e-09
5.038742035 5.227727037274758e-10
5.0400932659999995 5.021485928441922e-10
5.041444498 4.820157816281942e-10
5.042795729000001 4.6232601952743166e-10
5.044146961 4.4314145008197115e-10
5.045498192 4.2440294337441597e-10
5.046849422999999 4.0615425438565143e-10
5.048200655 3.8836826769810206e-10
5.049551886000001 3.710648263121433e-10
5.050903118 3.542450317422601e-10
5.052254349 3.379009938641262e-10
5.053605581 5.672019157561327e-10
5.054956812 1.2324685941083583e-08
5.056308044000001 6.53531024529797e-08
5.057659275 5.834346690548566e-08
5.059010506 5.375218081009165e-08
5.060361737999999 5.02262828142251e-08
5.061712969 5.760051115801904e-08
5.063064201 6.879034247955107e-08
5.064415432 1.0424576489165153e-07
5.065766664 1.5128332768176257e-07
5.067117895 1.8434857321727437e-07
5.068469126 1.9141970290954399e-07
5.069820358 1.504824116189918e-07
5.0711715889999995 7.472568476940188e-08
5.072522821 2.4756030528143386e-08
5.073874052 1.9307864341716097e-09
5.075225284 1.610768940512972e-10
5.076576515 1.4133085202264446e-09
5.0779277469999995 6.482982232070857e-08
5.0792789780000005 5.975718225157036e-08
5.080630209 4.807350240752004e-08
5.081981441 2.0534913190782767e-08
5.083332671999999 3.980321975666345e-09
5.084683904 2.1023895267277989e-10
5.086035135 8.331974146700736e-11
5.087386367 7.834028697087236e-11
5.088737598 7.364838269293289e-11
5.090088829 6.922851752032603e-11
5.091440061 6.506792575367858e-11
5.092791292 6.11547162061904e-11
5.094142524 5.7476221241248196e-11
5.095493755000001 5.4020266009396064e-11
5.096844987000001 5.077350136500839e-11
5.098196218 4.772301621872174e-11
5.09954745 4.48580768359709e-11
