Wavelength_microns Throughput
2.0004663860000003 2.003371525129877e-12
2.002074478 1.1592364285163672e-12
2.00368257 7.794398427208013e-13
2.005290662 3.97357430739042e-13
2.006898754 3.683203696609794e-13
2.008506846 3.5940120024654476e-13
2.010114938 3.952726296383904e-13
2.01172303 4.885832564563015e-13
2.013331122 5.394662533711606e-13
2.014939214 5.387411654158068e-13
2.016547306 3.7575119197166965e-13
2.018155398 3.9230564622403797e-13
2.01976349 5.981822889830356e-13
2.021371582 8.75696888933818e-13
2.022979674 8.096203303302285e-13
2.0245877660000002 5.282006975989857e-13
2.026195858 3.469392851721448e-13
2.027803949 3.597533267105225e-13
2.029412041 6.023193839357967e-13
2.031020133 5.850791205433932e-13
2.032628225 4.3515753006198565e-13
2.034236317 5.107386855916434e-13
2.035844409 6.604034346944284e-13
2.037452501 8.613581916424826e-13
2.039060593 8.025038276353424e-13
2.040668685 7.636962208639996e-13
2.042276777 6.730258088537616e-13
2.0438848689999998 4.940774153364988e-13
2.045492961 5.258511583116482e-13
2.047101053 6.673203525488918e-13
2.0487091449999997 7.691281756014451e-13
2.0503172370000002 8.451496307348003e-13
2.0519253290000004 5.88492665010404e-13
2.053533421 4.994959541261666e-13
2.055141513 5.847303897092644e-13
2.056749605 9.609643850973074e-13
2.058357697 1.7085101823872948e-12
2.059965788 2.214174203142973e-12
2.06157388 2.6123825765888384e-12
2.0631819719999998 2.7215791978952637e-12
2.064790064 2.9917292871653083e-12
2.066398156 3.3118042440474808e-12
2.068006248 3.442652588862241e-12
2.06961434 3.7779617691662175e-12
2.071222432 4.33862755724005e-12
2.072830524 4.530975914480242e-12
2.074438616 4.287155234627378e-12
2.076046708 4.038401660080116e-12
2.0776548 4.351980874949408e-12
2.079262892 3.950058435295656e-12
2.080870984 3.63856323338018e-12
2.0824790760000003 3.2841578992048876e-12
2.084087168 3.205609190497529e-12
2.08569526 4.850332288688912e-12
2.0873033519999997 7.926468820894168e-12
2.088911444 1.1157647882968013e-11
2.090519536 1.5939336649672316e-11
2.092127627 1.5433131187053745e-11
2.0937357189999997 1.5061268178028273e-11
2.0953438110000002 1.31165892771396e-11
2.0969519030000003 1.1212834127940257e-11
2.098559995 1.2124089547793111e-11
2.100168087 1.479942583151711e-11
2.101776179 1.0898019503249252e-11
2.103384271 7.374749598927818e-12
2.104992363 1.6722569981105772e-12
2.1066004549999997 1.9467442649915583e-13
2.1082085470000003 2.0300417271491525e-13
2.109816639 4.240139693878413e-12
2.111424731 5.285440360154105e-11
2.113032823 7.305417155110812e-11
2.114640915 9.228101893296945e-11
2.116249007 7.75162771577852e-11
2.1178570989999996 6.349297082212247e-11
2.1194651909999997 6.757421292722136e-11
2.1210732830000003 9.241804935792055e-11
2.122681375 8.172526826310782e-11
2.124289466 5.847887965545776e-11
2.125897558 7.449337035434509e-12
2.1275056500000002 4.587796675673703e-13
2.129113742 1.4455204207640298e-13
2.130721834 1.4040299918559783e-13
2.1323299259999997 1.3630342857911713e-13
2.133938018 1.3242365104935054e-13
2.1355461100000004 1.7166733956121394e-13
2.137154202 2.0688799043256133e-12
2.138762294 3.189048089917986e-11
2.140370386 5.034630835268168e-11
2.141978478 8.020447668857894e-11
2.14358657 8.95496888426061e-11
2.1451946619999998 9.864843495874327e-11
2.146802754 9.504293935351971e-11
2.1484108460000004 8.536245703731754e-11
2.150018938 8.199861343727226e-11
2.15162703 8.020469201168436e-11
2.153235122 7.834822436130805e-11
2.154843214 6.38868411875045e-11
2.156451305 5.448972357083794e-11
2.158059397 3.5303552229401114e-12
2.159667489 5.7051514924113455e-12
2.161275581 2.025310717598474e-11
2.1628836729999996 3.6516999707904684e-11
2.164491765 5.1968923067306854e-11
2.1660998570000003 5.404239866744726e-11
2.167707949 6.273114710512042e-11
2.169316041 4.3852475064386456e-11
2.170924133 7.492532966265445e-11
2.172532225 6.538678484929854e-11
2.174140317 7.141140833810664e-11
2.1757484089999997 5.593843227775607e-11
2.177356501 3.8160006833279717e-11
2.1789645930000003 2.404992469789709e-11
2.180572685 1.6627469429029297e-11
2.182180777 2.3304742732412417e-11
2.183788869 2.7956187059509075e-11
2.185396961 3.434680226843756e-11
2.187005053 2.691272631716346e-11
2.1886131449999997 3.2836237277995466e-11
2.1902212359999997 4.062733925993581e-11
2.191829328 4.8154392343011604e-11
2.1934374200000004 5.989504644268205e-11
2.195045512 6.511551354575895e-11
2.196653604 8.661534084173751e-11
2.198261696 8.045458444809321e-11
2.199869788 8.583506068404999e-11
2.20147788 2.6261213995798864e-11
2.203085972 2.583200590909887e-12
2.204694064 4.701091334119269e-13
2.206302156 5.18909770669149e-13
2.207910248 5.763791435157211e-13
2.2095183400000002 7.850988134984277e-12
2.211126432 1.4044012126921164e-10
2.212734524 6.093606475184474e-10
2.2143426159999997 8.74426386364569e-10
2.215950708 1.1537776174792064e-09
2.2175588 1.107315458361877e-09
2.219166892 1.1142687236509984e-09
2.220774984 5.725191080990277e-10
2.222383075 5.070845422058077e-10
2.2239911670000003 4.817090720305561e-10
2.225599259 4.901699261756056e-10
2.227207351 1.2856045666353352e-09
2.228815443 1.7010277556204633e-09
2.230423535 2.4446133406399014e-09
2.232031627 2.040121203529345e-09
2.2336397189999997 1.6410681420089361e-09
2.2352478110000003 5.912926751766257e-10
2.236855903 6.682080510799121e-11
2.238463995 2.97846540090393e-10
2.240072087 8.153970666466033e-10
2.241680179 2.1829927356096085e-09
2.243288271 4.1494499572944045e-09
2.2448963629999996 5.1381250848305966e-09
2.2465044549999997 6.031611773521032e-09
2.2481125470000003 4.995314947234835e-09
2.249720639 4.5666495310765325e-09
2.251328731 6.721871886051517e-10
2.252936823 4.9714969748381456e-11
2.2545449140000002 1.546934689933954e-11
2.256153006 1.7659338810298014e-11
2.257761098 2.0070280264454532e-11
2.2593691899999997 1.0435520423463133e-10
2.260977282 1.489787790807796e-09
2.262585374 1.057346796317585e-08
2.264193466 1.548991708864204e-08
2.265801558 2.5185686276651248e-08
2.2674096500000003 2.2388846755528557e-08
2.269017742 1.8197403284435424e-08
2.270625834 1.6902208234505854e-08
2.2722339259999997 1.9123482186470647e-08
2.273842018 2.2054805448855334e-08
2.2754501100000004 2.1742759102115557e-08
2.277058202 2.393698390313134e-08
2.278666294 2.7657948218528116e-08
2.280274386 2.7571450685697484e-08
2.281882478 2.924507084966926e-08
2.28349057 3.20276507272766e-08
2.285098662 3.727764690584454e-08
2.286706753 4.5881877944553284e-08
2.288314845 5.5202724392495056e-08
2.2899229369999996 7.124433434685797e-08
2.291531029 6.605569019157093e-08
2.2931391210000003 6.073002290647441e-08
2.294747213 5.128518052149929e-08
2.296355305 5.464539833786721e-08
2.297963397 6.863691243213133e-08
2.299571489 8.865525918643473e-08
2.301179581 1.269676168071026e-07
2.3027876729999996 2.0186074163842297e-07
2.304395765 2.5320055203328957e-07
2.3060038570000003 3.437602418512068e-07
2.307611949 4.5523570852927255e-07
2.309220041 5.997023193667401e-07
2.310828133 7.954162592053156e-07
2.312436225 1.0431645530879215e-06
2.314044317 1.3783603874080327e-06
2.3156524089999997 1.8377545533957628e-06
2.3172605010000003 2.4690200918931367e-06
2.318868592 3.32090606889176e-06
2.3204766840000004 4.356364232818334e-06
2.322084776 5.675864994208478e-06
2.323692868 7.280803614909452e-06
2.32530096 9.164999668016994e-06
2.326909052 1.141780553146085e-05
2.328517144 1.4052282601192116e-05
2.3301252359999998 1.71298518837254e-05
2.331733328 2.0328305407645055e-05
2.33334142 2.301440492824842e-05
2.334949512 2.583085539462923e-05
2.3365576040000002 2.809609762790408e-05
2.338165696 3.001689470206537e-05
2.339773788 3.157143295639033e-05
2.3413818799999997 3.250810127936908e-05
2.342989972 3.3147107074217514e-05
2.344598064 3.3382103118071936e-05
2.346206156 3.3331225926668456e-05
2.347814248 3.320423617263603e-05
2.3494223400000003 3.277632682921177e-05
2.3510304310000003 3.2356883460044826e-05
2.352638523 3.197973345540801e-05
2.354246615 3.158673284398722e-05
2.3558547069999998 3.1315712316098576e-05
2.357462799 3.1881155456444465e-05
2.359070891 3.317252001609226e-05
2.3606789829999997 3.475055005920845e-05
2.3622870750000002 3.6295446098907276e-05
2.363895167 3.796911147236291e-05
2.365503259 3.952802350088115e-05
2.367111351 4.0350761518772837e-05
2.368719443 4.111882894660813e-05
2.370327535 4.1475196039801083e-05
2.371935627 4.137005317073486e-05
2.3735437189999997 4.1078932271164335e-05
2.3751518110000003 4.0278653564426546e-05
2.376759903 3.9385684715234486e-05
2.378367995 3.85493183316965e-05
2.379976087 3.7925836618689914e-05
2.381584179 3.735960752170152e-05
2.383192271 3.674668468870167e-05
2.384800362 3.6108152821321855e-05
2.3864084539999997 3.547201904389441e-05
2.388016546 3.5478874191279534e-05
2.389624638 3.579333767976951e-05
2.39123273 3.612955551300498e-05
2.392840822 3.7290847726720856e-05
2.3944489140000003 3.86601125354214e-05
2.396057006 4.00318210784685e-05
2.397665098 4.080546051804578e-05
2.3992731899999997 4.162421598198871e-05
2.400881282 4.2002437648767434e-05
2.4024893740000004 4.1646669472439915e-05
2.404097466 4.1295066855051595e-05
2.405705558 4.1037113710670674e-05
2.40731365 4.084215521656578e-05
2.408921742 4.065711513179941e-05
2.410529834 3.977575817515623e-05
2.4121379259999998 3.8810434941088885e-05
2.413746018 3.788951996072258e-05
2.41535411 3.698329297706376e-05
2.416962201 3.61017094395398e-05
2.418570293 3.5395020604520845e-05
2.4201783850000003 3.5143774308860084e-05
2.421786477 3.493194136578593e-05
2.423394569 3.473935416229053e-05
2.425002661 3.45908535159565e-05
2.426610753 3.44446328451852e-05
2.428218845 3.477402133226054e-05
2.4298269369999996 3.5408248026487244e-05
2.431435029 3.6068395796793615e-05
2.4330431210000003 3.6127172431818425e-05
2.434651213 3.603559240924689e-05
2.436259305 3.595851453850665e-05
2.4378673969999998 3.585956099594782e-05
2.439475489 3.578812049758691e-05
2.441083581 3.566055073354588e-05
2.4426916729999997 3.4760839558842456e-05
2.4442997650000002 3.393369176571784e-05
2.4459078570000004 3.308015040339223e-05
2.447515949 3.195120564967987e-05
2.44912404 3.08693387071326e-05
2.450732132 3.027293403114076e-05
2.452340224 3.058802912878545e-05
2.453948316 3.0974519599737347e-05
2.455556408 3.154982469618884e-05
2.4571644999999998 3.228894855190821e-05
2.458772592 3.304656747888406e-05
2.460380684 3.390005779939228e-05
2.461988776 3.4835723906826994e-05
2.463596868 3.580444029266417e-05
2.46520496 3.55279330536526e-05
2.466813052 3.46399663191932e-05
2.468421144 3.378979891397893e-05
2.470029236 3.2046956643512377e-05
2.471637328 3.0118919471406598e-05
2.47324542 2.832103798448944e-05
2.474853512 2.6360902296525444e-05
2.4764616040000003 2.4461519111032722e-05
2.478069696 2.2708223499785787e-05
2.479677788 2.042629997639602e-05
2.481285879 1.8324560161543445e-05
2.4828939709999998 1.648886203402167e-05
2.484502063 1.4425004892869677e-05
2.486110155 1.2632623171627958e-05
2.4877182469999997 1.110824156651124e-05
2.489326339 9.182084159655722e-06
2.4909344310000003 7.664256933105766e-06
2.492542523 6.476105737642195e-06
2.494150615 6.18162857124086e-06
2.495758707 6.018608162285558e-06
2.497366799 5.978561742779307e-06
2.498974891 6.371490306115016e-06
2.499778162 3.478740394350535e-05
2.5011293930000003 3.67223307637372e-05
2.502480624 3.086741960135115e-05
2.5038318559999997 2.325800171389612e-05
2.505183087 2.6147118042821722e-05
2.506534319 1.8326760669538954e-05
2.50788555 8.730882875440407e-06
2.509236782 1.9742411435287195e-05
2.510588013 1.8988726880203172e-05
2.511939244 8.407451224528029e-06
2.5132904760000003 7.5148839537891505e-06
2.514641707 8.511727460453689e-06
2.515992939 7.494662735367699e-06
2.51734417 1.2115358251094944e-05
2.5186954019999996 7.025606414422242e-06
2.5200466329999998 3.6072943954445973e-06
2.521397865 3.249000804996559e-08
2.522749096 4.713447059868308e-09
2.524100327 1.3455872253880084e-06
2.525451559 1.9441136534051305e-07
2.52680279 2.5081096584777374e-06
2.5281540220000003 1.1021782624983964e-06
2.529505253 1.567665356334493e-06
2.5308564849999997 1.078421377817418e-05
2.532207716 7.740407348516853e-06
2.533558948 4.683302616864177e-06
2.534910179 2.4973991083865348e-06
2.5362614100000003 3.80119022533824e-07
2.537612642 4.72559687268306e-09
2.538963873 1.5232395803892052e-06
2.5403151050000004 3.593736467236454e-06
2.5416663359999996 2.626687930725837e-06
2.5430175680000002 1.9086329217383045e-06
2.544368799 1.3742205400062827e-07
2.54572003 6.5745621922417675e-06
2.547071262 4.657241968434284e-06
2.548422493 4.540613493387767e-06
2.549773725 8.550582624772481e-06
2.551124956 4.75501796608081e-06
2.552476188 3.3625919526532282e-06
2.553827419 1.1595817545532052e-06
2.5551786510000003 2.800583575824797e-06
2.556529882 3.8083711899491426e-06
2.557881113 1.8895614713054119e-06
2.559232345 6.575675489244235e-06
2.560583576 6.002787330571309e-06
2.561934808 7.233944425960215e-06
2.5632860390000003 5.133064268264871e-06
2.564637271 6.621296254466959e-06
2.565988502 1.0664320223616739e-05
2.567339733 6.360899902535293e-06
2.5686909649999996 2.3955559061647173e-06
2.5700421959999997 1.6369863513594834e-06
2.571393428 5.975731941524296e-08
2.572744659 4.0929373869206055e-06
2.574095891 4.387727242539755e-06
2.575447122 3.513347443026057e-06
2.576798354 6.111951602562028e-06
2.5781495850000002 5.9449382633348466e-06
2.5795008160000004 2.6199163962402133e-06
2.580852048 1.7578796856746484e-06
2.582203279 4.4894167562273555e-06
2.583554511 7.131173941263787e-06
2.584905742 4.3219567821668126e-06
2.586256974 9.451826415164133e-06
2.587608205 7.1081793648634875e-06
2.588959437 3.0783726817177786e-06
2.590310668 8.8753339037838e-06
2.591661899 6.502997515960522e-06
2.593013131 6.190869807725965e-06
2.594364362 1.1177585403015934e-05
2.5957155939999996 1.0265657582576122e-05
2.5970668249999997 7.607984752385104e-06
2.598418057 9.306898419904181e-06
2.599769288 3.4318658523844106e-06
2.601120519 1.8083753451455109e-06
2.602471751 1.221401456005886e-06
2.603822982 5.784469456734887e-07
2.6051742140000003 1.5177469359645867e-06
2.6065254450000004 1.4239916026845537e-06
2.607876677 5.488489083044867e-06
2.609227908 3.19579686138777e-06
2.61057914 5.3113699354141605e-06
2.611930371 3.065777344352042e-06
2.613281602 4.575701731751944e-06
2.614632834 7.155701161534545e-07
2.615984065 3.1298847360419247e-06
2.617335297 7.54099558523791e-07
2.618686528 2.361236651567096e-06
2.62003776 5.196409690367368e-07
2.621388991 1.4870550048156298e-06
2.622740222 3.9671387858750495e-06
2.6240914539999998 3.317319473019078e-07
2.625442685 1.3490851358549172e-06
2.626793917 5.936866747675562e-07
2.628145148 2.07583419970804e-06
2.62949638 9.614792853584406e-06
2.630847611 6.633968315448767e-06
2.6321988430000003 2.214632921690405e-06
2.6335500740000004 4.835608579374056e-06
2.634901305 1.7901709981046336e-06
2.636252537 2.2740357401715405e-06
2.637603768 3.8753280975032084e-06
2.6389549999999997 5.429222253977335e-06
2.640306231 3.434500012410721e-06
2.641657463 6.27220630705084e-06
2.643008694 5.798096897561909e-06
2.6443599250000003 6.8250565525787954e-06
2.645711157 1.0019351988589125e-06
2.6470623879999997 6.657696236040407e-06
2.64841362 1.658688096568364e-06
2.649764851 4.593400199757964e-06
2.651116083 2.746411856876922e-06
2.652467314 2.3405396318408375e-06
2.653818546 6.628402138697193e-06
2.6551697770000002 4.1935981366463895e-06
2.6565210080000004 7.411994129698026e-07
2.65787224 1.541137676472869e-06
2.659223471 1.580084860513146e-06
2.6605747030000004 1.6054323601231913e-08
2.6619259339999997 4.727943133326276e-09
2.663277166 2.895674693969094e-06
2.664628397 3.7279603385461285e-08
2.6659796289999997 3.979791535553558e-07
2.66733086 6.798772653683337e-09
2.668682091 7.064311904327621e-07
2.670033323 1.096690989481047e-06
2.6713845540000003 3.406924240912363e-06
2.672735786 2.9440348055390908e-06
2.6740870169999997 5.0020869295847733e-08
2.675438249 2.629760952492281e-06
2.67678948 2.346050290602504e-06
2.678140711 4.110569242509379e-06
2.679491943 2.6480381551007477e-06
2.680843174 3.1564569171431436e-06
2.6821944060000003 1.7666914993989275e-06
2.6835456370000004 4.691302709810926e-09
2.684896869 4.690959735674663e-09
2.6862481 7.88858801498268e-07
2.6875993319999996 7.228109506820379e-07
2.6889505629999997 2.000707118600316e-06
2.690301794 4.561336132871085e-06
2.691653026 1.7298352124577242e-08
2.693004257 4.69184047697899e-09
2.694355489 1.746696911639559e-08
2.69570672 4.6928977019101154e-09
2.697057952 4.6936433324603715e-09
2.6984091830000003 4.694533093877965e-09
2.699760414 7.21505280297889e-07
2.7011116459999998 5.622480453595641e-07
2.702462877 1.1515122456861794e-06
2.703814109 1.7641546876849262e-08
2.70516534 7.945311845700419e-07
2.706516572 1.1480206353865092e-06
2.707867803 8.44405795532801e-09
2.7092190350000003 4.7239997346335664e-09
2.7105702660000004 5.5911532553469044e-08
2.7119214969999996 7.393767780214469e-09
2.713272729 1.7295390649758834e-08
2.71462396 4.729579740069981e-09
2.7159751919999997 5.090920382643043e-07
2.717326423 1.3361083723260936e-07
2.718677655 4.737890058055218e-09
2.720028886 6.094706446604054e-09
2.7213801170000003 1.860924230411294e-07
2.722731349 1.4914199015862665e-08
2.7240825799999997 4.74724102367865e-09
2.7254338120000003 4.7494819583003065e-09
2.726785043 1.2778732476938893e-06
2.7281362749999998 7.50934733062193e-09
2.729487506 1.116068392292327e-06
2.730838738 5.246106471891772e-07
2.732189969 7.017461872693274e-08
2.7335412000000003 1.0143428583622298e-08
2.734892432 1.2248045937939608e-07
2.736243663 2.1099282163518547e-06
2.737594895 4.0536635245460195e-06
2.7389461259999996 2.9801322648188943e-06
2.740297358 2.0737341814377968e-07
2.741648589 5.160666228334743e-09
2.7429998209999997 9.731517967976413e-08
2.744351052 2.3168323227327251e-07
2.745702283 2.1386343099004303e-06
2.747053515 4.78200140256263e-09
2.7484047460000003 4.7843292618049434e-09
2.749755978 6.179114758393832e-09
2.7511072089999997 1.4000142037729084e-06
2.7524584410000004 1.7037904146285275e-06
2.753809672 4.762292463457986e-09
2.755160903 5.946820649589991e-08
2.756512135 3.152201925222672e-06
2.757863366 3.551292694979716e-07
2.7592145980000002 4.903748667736795e-09
2.760565829 1.197870658041873e-06
2.761917061 6.671380176626181e-07
2.7632682920000002 6.511433148856962e-08
2.764619524 1.579770730761239e-06
2.7659707549999997 2.271831314381786e-06
2.767321986 1.7306764816153217e-06
2.768673218 2.0348206791915837e-06
2.770024449 1.2403434899102053e-07
2.771375681 5.157178105297374e-06
2.772726912 1.7590627333497302e-06
2.774078144 1.2837026189581021e-06
2.7754293750000003 2.8513686256403454e-06
2.776780606 1.5372900583065586e-06
2.7781318379999997 1.68986962031864e-08
2.779483069 4.1370861080782425e-08
2.780834301 2.450742840177446e-06
2.782185532 1.0492410087513124e-06
2.783536764 2.287857390677909e-06
2.784887995 2.192801487120493e-07
2.786239227 2.4343781726172985e-06
2.787590458 1.6473576072484689e-07
2.788941689 4.726978359211876e-09
2.7902929210000003 4.728153979971109e-09
2.791644152 2.828252863922687e-07
2.7929953839999997 4.749491479686013e-06
2.794346615 2.9659753514775577e-06
2.795697847 1.2537714092759935e-06
2.797049078 1.5738549837400128e-06
2.7984003090000003 5.19655084528544e-07
2.799751541 4.741560483955534e-09
2.801102772 4.742386370310764e-09
2.8024540040000003 5.765645062760918e-07
2.803805235 2.238622158573029e-06
2.8051564669999998 4.7422639599813214e-09
2.806507698 1.5143649703244344e-08
2.80785893 5.728224796270906e-06
2.8092101609999998 7.635605159562522e-06
2.810561392 4.2467559418379205e-06
2.811912624 3.0121229276846057e-06
2.813263855 2.5360281761170033e-06
2.814615087 1.2553630335787091e-06
2.8159663179999996 1.3125968522760778e-06
2.8173175500000003 4.715504354466152e-08
2.818668781 1.0417647009122437e-08
2.8200200129999997 4.2289898554596905e-06
2.821371244 5.736448749745966e-06
2.822722475 1.480703672893214e-06
2.824073707 9.079175538407618e-07
2.8254249380000003 1.266835807005945e-06
2.82677617 1.0498596145714594e-06
2.828127401 1.918063775981062e-08
2.8294786330000004 3.413530036151359e-08
2.830829864 4.785433740573098e-06
2.8321810949999997 1.0268138344894182e-06
2.833532327 2.899501930328414e-06
2.834883558 6.0375838967670015e-06
2.83623479 2.5954866762719936e-06
2.837586021 4.705236085249703e-09
2.838937253 3.1576622037646165e-07
2.8402884840000002 3.006489103882242e-06
2.841639716 1.888705246063876e-06
2.8429909469999997 1.1639874693015602e-06
2.8443421779999998 2.017505816256851e-06
2.84569341 1.7929502035575598e-06
2.847044641 2.2779554009570973e-06
2.848395873 8.63863914968896e-07
2.849747104 1.2052091034886575e-06
2.851098336 2.4544923306692055e-06
2.8524495670000003 9.345305199408617e-09
2.8538007980000004 6.561290570238731e-08
2.85515203 3.221621736371649e-06
2.856503261 3.008190114098185e-06
2.8578544929999996 9.7749781571594e-07
2.8592057239999997 3.1225767327563264e-08
2.860556956 7.434956223232496e-09
2.861908187 1.9052667609950673e-06
2.863259419 8.644078956298014e-07
2.86461065 4.628839692005614e-09
2.865961881 5.536273943712501e-07
2.8673131130000002 9.985260033915165e-07
2.868664344 1.3207330897638313e-08
2.8700155759999997 2.3128887093719533e-06
2.871366807 7.933755502246126e-07
2.872718039 2.187770596093016e-08
2.87406927 1.8514405649430908e-07
2.8754205010000002 6.215326457154684e-09
2.876771733 4.609280597685575e-09
2.878122964 6.775130064848881e-09
2.8794741960000003 4.6163956935883685e-07
2.8808254270000004 2.5773453982191617e-06
2.882176659 3.6740557678431847e-06
2.88352789 4.141431270131267e-06
2.8848791219999996 3.49646425432299e-06
2.8862303529999997 3.999238748139125e-06
2.887581584 4.599968477762642e-06
2.888932816 2.1428999583560735e-06
2.890284047 5.554805689164525e-08
2.891635279 5.44472233350161e-09
2.89298651 4.31649582288214e-08
2.8943377420000003 3.566743001933147e-06
2.895688973 4.722180260840741e-06
2.8970402049999997 9.619947611911385e-07
2.898391436 3.901014256396201e-08
2.899742667 4.581739949278028e-09
2.901093899 4.866297267983508e-08
2.9024451300000003 6.114440554941364e-08
2.903796362 4.572300102128777e-09
2.905147593 4.5687241132818364e-09
2.9064988250000003 4.564960177686509e-09
2.907850056 3.0768108273198276e-07
2.9092012869999997 3.9615328028286464e-07
2.910552519 1.1203666139401032e-07
2.91190375 1.245396812389323e-06
2.9132549819999998 1.0531465777627214e-06
2.914606213 5.638281339219308e-08
2.915957445 1.4261882853173781e-06
2.917308676 4.112441024821638e-07
2.918659908 5.83350048632723e-07
2.920011139 3.330638112838085e-07
2.9213623699999998 4.511167659375877e-09
2.922713602 6.925786611122268e-09
2.924064833 5.146819538300384e-07
2.925416065 3.203690996538418e-06
2.926767296 5.317226414755836e-06
2.928118528 2.9015932198551106e-06
2.9294697590000003 4.037483356843805e-06
2.93082099 2.9416119338675243e-06
2.932172222 1.5345239003303157e-08
2.933523453 1.932356794458893e-06
2.934874685 2.2646596300298736e-06
2.9362259159999997 4.701134981510827e-06
2.937577148 2.4418599243708896e-06
2.938928379 2.652945462736765e-07
2.940279611 7.2729687699699e-07
2.941630842 3.467578214984783e-06
2.942982073 8.402264168994451e-07
2.9443333050000002 4.388224061307448e-09
2.9456845360000004 2.2791491948358524e-06
2.947035768 3.5574127891471687e-06
2.948386999 9.268688631729858e-07
2.949738231 2.7863952828431164e-06
2.951089462 3.97107804048239e-06
2.952440694 2.722632328348043e-06
2.953791925 1.439757779318761e-06
2.955143156 2.5884577692548543e-06
2.956494388 9.04613756255976e-07
2.957845619 8.953327883050683e-08
2.959196851 9.449163203560154e-07
2.960548082 2.747428423980313e-06
2.9618993139999996 3.855944719485582e-06
2.9632505449999997 6.608448339949918e-06
2.964601776 2.832266525799852e-06
2.965953008 3.7228215717026827e-07
2.967304239 8.184698625516086e-07
2.968655471 4.342012274433843e-06
2.970006702 5.6989631191683145e-06
2.9713579340000003 1.540187409711386e-06
2.9727091650000004 5.376069346164333e-09
2.974060397 1.536200363222028e-06
2.975411628 6.613557158144877e-07
2.976762859 2.351521297664541e-08
2.978114091 3.4409884009851167e-06
2.979465322 7.848535500049384e-06
2.980816554 5.85394874000396e-06
2.982167785 3.6995094579452233e-06
2.983519017 6.451883457624834e-07
2.984870248 4.767075753084034e-07
2.9862214789999997 4.030862836731657e-06
2.987572711 5.069343819358599e-06
2.988923942 5.4757070691358845e-06
2.9902751739999998 5.359452871441429e-06
2.991626405 4.378661848186273e-06
2.992977637 2.4654140527055423e-06
2.994328868 2.2768335894019728e-06
2.9956801 1.093269847621325e-06
2.997031331 3.0048605569670045e-06
2.9983825619999998 7.666945655791628e-06
2.9997337940000004 5.373377541081922e-06
3.001085025 3.0416566037027407e-06
3.002436257 7.014600882056908e-08
3.003787488 1.080920215495338e-06
3.0051387199999997 2.3367651389331404e-06
3.006489951 1.929228634756616e-06
3.007841182 1.0741637387316521e-07
3.009192414 3.3069252200000784e-06
3.0105436450000003 3.2699310091081017e-06
3.011894877 2.4112712902050548e-06
3.0132461079999997 3.7190019628389823e-06
3.01459734 1.8975316598283472e-06
3.015948571 1.586996185092161e-06
3.017299803 1.5257149159250143e-06
3.018651034 3.888830722970738e-07
3.020002265 1.0445332414556782e-06
3.021353497 8.280857033458283e-07
3.0227047280000003 2.1411578281807866e-08
3.02405596 1.6926881443925378e-06
3.0254071909999998 1.2961866673920012e-07
3.0267584230000004 1.3382190197543765e-06
3.0281096539999997 3.121417744726674e-07
3.029460886 3.169082988570874e-06
3.030812117 4.995600973868697e-06
3.032163348 3.83971825913194e-06
3.03351458 2.6428501248847145e-06
3.034865811 2.305167571520633e-06
3.036217043 5.987960453038596e-09
3.0375682740000003 1.868079918353782e-08
3.038919506 1.4155609920148792e-06
3.0402707369999997 2.090293318022542e-06
3.041621968 9.246322862487152e-07
3.0429732 2.1144802645355855e-06
3.044324431 6.250156385535974e-06
3.045675663 6.262960718651938e-06
3.047026894 3.177622327485445e-06
3.0483781260000002 6.213646455390925e-06
3.0497293570000004 7.363800047420279e-06
3.051080589 4.287464443927694e-06
3.05243182 9.656837998303142e-06
3.053783051 4.645770418240437e-06
3.0551342829999997 1.744903067572429e-06
3.056485514 5.252227614577252e-08
3.057836746 1.6999552285031757e-06
3.059187977 2.098662426715553e-06
3.060539209 3.7917476698612954e-06
3.06189044 9.075674406297241e-08
3.063241671 3.948237949359919e-09
3.0645929030000003 3.9485812308066156e-09
3.065944134 3.953448493327722e-09
3.0672953659999997 1.5958858461373577e-08
3.068646597 6.393047837469186e-07
3.069997829 5.153919493809338e-07
3.07134906 3.3522729867798972e-06
3.072700292 2.0352063295430493e-08
3.074051523 3.9545583176394515e-09
3.075402754 2.043534458017045e-06
3.0767539860000004 2.985434370587696e-06
3.0781052169999996 1.896514374749009e-06
3.079456449 3.423131400890667e-06
3.08080768 3.121807295917073e-06
3.0821589119999997 2.833560478243125e-06
3.083510143 1.0995876615260062e-07
3.084861374 1.0817401263655676e-06
3.086212606 3.6266202024976513e-06
3.0875638370000003 2.858184973686308e-06
3.088915069 6.160295675186064e-08
3.0902662999999997 9.210178372281341e-07
3.0916175320000003 2.1982994274836807e-07
3.092968763 3.929821471401218e-08
3.0943199949999998 1.374054874989501e-06
3.095671226 2.816620309352514e-06
3.097022457 3.879310160815407e-06
3.098373689 9.303923123554769e-07
3.0997249200000003 1.0717120448125537e-06
3.101076152 2.7180359190961607e-06
3.102427383 5.699302448226357e-06
3.103778615 1.5244521266181597e-06
3.1051298459999996 1.0283606978942889e-07
3.106481078 6.623856433983287e-08
3.107832309 1.0357696906999536e-06
3.10918354 8.811894226933019e-07
3.110534772 3.39776750270752e-06
3.111886003 1.3089176020000942e-06
3.113237235 2.025209730225289e-06
3.1145884660000003 1.9264458359663645e-06
3.115939698 4.071657563848107e-06
3.1172909289999997 5.266310572078902e-06
3.11864216 5.5437443569794915e-06
3.119993392 7.33849058348208e-07
3.121344623 4.095311121011764e-09
3.122695855 4.103773234500873e-09
3.124047086 1.2458368841511113e-06
3.1253983180000002 5.647236719201193e-06
3.126749549 6.307398820334004e-06
3.128100781 3.280113554118152e-06
3.1294520120000002 2.78347121739356e-06
3.130803243 4.1527562216342175e-09
3.1321544749999997 5.062613155627343e-08
3.133505706 3.626231272978273e-06
3.134856938 3.856517180358611e-06
3.136208169 1.898035545329292e-06
3.137559401 1.786075147327331e-06
3.138910632 2.2068971089022075e-06
3.140261863 2.980062599259519e-06
3.1416130950000003 5.243330348408471e-06
3.142964326 2.0293591419278584e-06
3.1443155579999997 1.0684104144177089e-06
3.145666789 4.03179676598321e-06
3.147018021 6.503224809257892e-06
3.148369252 7.120053576907619e-06
3.149720484 2.970287468022131e-06
3.151071715 9.44273597160252e-07
3.152422946 1.2214613002678046e-06
3.153774178 3.065196281648635e-06
3.155125409 2.2343728256055148e-06
3.1564766410000002 2.026552990427077e-06
3.157827872 4.275006271254743e-06
3.1591791039999997 4.841919973984324e-06
3.160530335 2.696477837433047e-06
3.161881566 8.862028475645966e-07
3.163232798 5.018356602815999e-06
3.1645840290000002 5.684739187522298e-06
3.165935261 3.892569702170095e-06
3.167286492 2.9089245438870027e-06
3.1686377240000003 2.469236985908815e-06
3.169988955 2.3561040663184246e-06
3.1713401869999998 3.83506257214046e-06
3.172691418 3.387893150925914e-06
3.174042649 1.4089408622056738e-06
3.1753938809999998 1.2571203320150023e-06
3.176745112 1.8595765114199997e-07
3.178096344 1.9674974979392896e-06
3.179447575 5.058505753772473e-06
3.180798807 6.060202358149812e-06
3.182150038 5.6056090707436604e-06
3.1835012700000003 3.4379224857519817e-06
3.184852501 6.671657486103343e-08
3.186203732 2.92449235888326e-07
3.187554964 2.8333432856145307e-06
3.188906195 4.255614671031232e-06
3.190257427 2.5589185049663693e-06
3.1916086580000003 1.8456293122043717e-06
3.19295989 1.9151732072812092e-06
3.194311121 1.1369024391615708e-06
3.195662352 1.6785763073888985e-06
3.197013584 2.464327668241994e-06
3.1983648149999997 6.408324459455593e-06
3.199716047 6.2575137636151745e-06
3.201067278 3.981327238200665e-06
3.2024185099999998 7.607282299457542e-06
3.203769741 5.977373739878567e-06
3.205120973 5.19926857234937e-06
3.206472204 4.537358971840496e-07
3.207823435 1.8542036263917283e-07
3.209174667 6.949828968822272e-07
3.2105258979999998 1.5074409890972242e-06
3.21187713 1.6142934733987032e-06
3.213228361 1.9098779599898244e-06
3.214579593 9.411018281489688e-07
3.215930824 4.309133916285617e-06
3.217282055 3.5555376572657195e-06
3.2186332870000003 3.581168445753394e-08
3.2199845180000004 4.623430819280886e-09
3.22133575 6.4286951257218475e-09
3.222686981 1.399408693858628e-06
3.2240382129999996 3.0418669758280783e-06
3.2253894439999997 3.1877005774145602e-06
3.226740676 5.862027858586223e-08
3.228091907 4.673875235103939e-09
3.229443138 7.688681599293577e-09
3.23079437 1.2058044697280286e-06
3.232145601 5.460295636934229e-06
3.2334968330000002 2.491093122646494e-06
3.234848064 1.6614201841996832e-06
3.2361992959999997 6.018875116143716e-09
3.237550527 4.710100308968566e-09
3.238901759 4.71459287554957e-09
3.24025299 1.0546977875920044e-06
3.2416042210000002 6.254741578311802e-06
3.242955453 4.97658062811679e-06
3.244306684 4.264754538178447e-06
3.2456579160000003 2.8235117896771224e-06
3.2470091470000004 3.132449218124738e-08
3.248360379 4.746195902231448e-09
3.24971161 9.595900568653246e-07
3.251062841 3.4520178331763005e-06
3.2524140729999997 6.597815213060424e-07
3.253765304 4.283634011725752e-06
3.255116536 2.159266764275895e-06
3.256467767 2.3328695443035836e-06
3.257818999 3.657975911001539e-06
3.25917023 1.1587851961254571e-06
3.2605214620000003 1.5178145002563668e-06
3.261872693 2.2331434020898587e-06
3.263223924 3.0421032609665027e-06
3.264575156 3.7044985616665696e-06
3.265926387 4.633284530199563e-06
3.267277619 3.470043830987802e-06
3.2686288500000003 1.6791289648400694e-08
3.269980082 4.6053146167076403e-07
3.271331313 2.6534733718829604e-06
3.272682544 2.6391196617813493e-06
3.274033776 3.582261620417455e-06
3.2753850069999997 3.8252797331086e-06
3.276736239 3.6125395150118987e-06
3.27808747 5.094388863680207e-06
3.2794387019999998 1.983529354703108e-06
3.280789933 1.006319919095543e-06
3.282141165 1.1363841105753814e-06
3.283492396 2.6623940222637464e-06
3.2848436270000003 3.266942572050819e-06
3.286194859 4.617824320474955e-06
3.2875460899999998 5.0854667265023605e-06
3.288897322 1.6371199085957945e-06
3.290248553 1.0655429209197616e-06
3.291599785 4.1708851667608105e-07
3.292951016 2.140844404690368e-06
3.294302247 8.066482736214414e-06
3.2956534790000003 9.52877056071601e-06
3.29700471 4.381007128440744e-06
3.298355942 3.1928360897774196e-06
3.299707173 3.850432177537378e-06
3.301058405 3.7614335165084346e-06
3.3024096359999997 1.8572756294403466e-06
3.303760868 1.9546767991138805e-06
3.305112099 3.367925250178937e-06
3.30646333 4.177231619135652e-06
3.307814562 2.7666574899258197e-06
3.309165793 7.657833733448843e-07
3.3105170250000002 1.4983984961288555e-06
3.3118682560000003 2.312580774552341e-06
3.313219488 3.196183291941569e-06
3.3145707189999998 4.894991799757488e-06
3.315921951 2.0643278472655814e-06
3.317273182 3.0790856572131467e-07
3.318624413 4.949545022452646e-09
3.319975645 3.1185028862555926e-07
3.321326876 5.392053857793711e-06
3.322678108 6.050318904884904e-06
3.324029339 5.160452993411307e-06
3.325380571 6.728644137708887e-06
3.326731802 2.8248720730217786e-06
3.328083033 1.2087976309624745e-07
3.3294342649999997 7.511554578532583e-08
3.330785496 5.794598693646097e-08
3.332136728 7.707729486880871e-07
3.333487959 3.325312006138545e-06
3.334839191 1.7531687106296483e-06
3.336190422 3.790927022777887e-07
3.3375416540000002 4.263121160935195e-07
3.3388928850000004 2.9286064741703562e-08
3.340244116 4.956069311510985e-09
3.341595348 3.29696401715874e-07
3.342946579 2.271447629481003e-06
3.344297811 3.5385756885572784e-06
3.345649042 1.7584113072292012e-06
3.347000274 7.639540184828413e-07
3.348351505 2.3931949186503123e-06
3.3497027360000002 7.532281324504151e-08
3.351053968 5.929031482504719e-07
3.3524051989999997 8.130677973203774e-08
3.353756431 1.9164789580809343e-06
3.355107662 1.133845085006274e-07
3.3564588939999997 4.615136967420819e-09
3.357810125 5.415620108272996e-07
3.359161357 6.321430519659104e-09
3.360512588 3.0967552999298555e-07
3.3618638190000003 1.769823560799768e-06
3.363215051 3.1732141377788314e-06
3.3645662819999997 3.893050530315469e-06
3.3659175140000004 1.1002610510902953e-07
3.367268745 5.7319648306858676e-08
3.368619977 3.1817913166723485e-06
3.369971208 2.639218273693717e-06
3.371322439 2.8144053251250113e-08
3.372673671 2.9111889859103074e-07
3.374024902 7.251296587364255e-09
3.375376134 1.20377762253771e-06
3.3767273650000003 4.070451925990743e-07
3.378078597 3.071178544842922e-06
3.3794298279999997 4.544108116972384e-06
3.38078106 4.34712107563135e-06
3.382132291 3.2636807901039625e-06
3.383483522 3.4346454024731825e-06
3.384834754 5.0618664686538e-06
3.386185985 2.6811879421877075e-06
3.387537217 1.0257175068897943e-06
3.3888884480000003 2.165431613674578e-06
3.39023968 5.9101070706338786e-08
3.3915909109999998 5.007782838286614e-09
3.3929421430000004 8.313586402043211e-07
3.3942933739999996 3.5691440533272934e-06
3.3956446049999998 3.566767430798983e-06
3.396995837 2.7291057933488793e-06
3.398347068 5.625754150198744e-06
3.3996983 4.815733683629609e-06
3.401049531 2.9226147526354974e-06
3.402400763 6.4812921922137316e-06
3.4037519940000003 8.275260271774732e-06
3.405103225 6.3156504799581205e-06
3.4064544569999997 4.378537836032112e-06
3.407805688 4.647517464099234e-06
3.40915692 3.718982994190137e-06
3.410508151 4.498013997166438e-06
3.411859383 6.695429077593674e-06
3.413210614 1.374428185308891e-06
3.4145618460000002 3.7977793066340397e-06
3.4159130770000004 4.052240842982293e-06
3.4172643079999996 3.401628817395554e-06
3.41861554 2.4702665156267104e-06
3.419966771 1.4875782138320798e-07
3.4213180029999997 1.909416797645399e-06
3.422669234 3.469411885312817e-06
3.424020466 8.930302551956959e-06
3.425371697 7.892051579199652e-06
3.4267229280000002 7.427267059974057e-06
3.42807416 4.311682390361986e-06
3.429425391 2.021043044482321e-06
3.4307766230000003 3.6082282823803787e-06
3.432127854 7.955559051106326e-06
3.4334790859999997 8.262502433759312e-06
3.434830317 5.288191782998394e-06
3.436181549 3.620122623673837e-06
3.43753278 6.833001546097508e-06
3.4388840110000003 7.815374429010592e-06
3.440235243 5.519918542490943e-06
3.441586474 2.8944216545640504e-06
3.4429377060000004 2.9771002442906025e-06
3.4442889369999996 6.483243116307203e-06
3.445640169 4.540409146147782e-06
3.4469914 2.730464234538044e-06
3.448342631 5.5163919266887995e-06
3.449693863 6.821443961303221e-06
3.451045094 5.399500587166755e-06
3.452396326 2.8613419146300255e-06
3.4537475570000002 2.2164445834476003e-06
3.455098789 1.0173151176815988e-06
3.45645002 2.5077869269507167e-06
3.4578012520000003 3.5949646216977537e-06
3.459152483 6.316758652797659e-06
3.460503714 6.11323863371036e-06
3.461854946 3.2423609117473374e-06
3.463206177 1.530698543129497e-06
3.464557409 1.0361776445762786e-06
3.4659086400000003 5.3639211502737446e-08
3.467259872 1.1934144572837074e-08
3.468611103 2.0061763665223234e-07
3.469962335 7.486717077381871e-07
3.4713135659999996 6.793590687178887e-07
3.4726647969999997 9.127071034884082e-07
3.474016029 3.6649109650398293e-06
3.47536726 4.471018852604194e-06
3.476718492 3.836367689695162e-06
3.478069723 3.4204029358978817e-06
3.479420955 6.697496769299396e-07
3.4807721860000003 4.178680080157035e-06
3.482123417 6.252966829472863e-06
3.483474649 5.042083014711725e-06
3.48482588 1.234687702701835e-06
3.486177112 7.818550413090904e-07
3.487528343 1.306043542149134e-06
3.488879575 1.7242378683965769e-06
3.490230806 1.1207392652250219e-06
3.491582038 9.354562737865321e-08
3.492933269 3.5110680323825745e-08
3.4942845 3.0033132936811466e-06
3.495635732 2.7005009072100305e-06
3.496986963 8.235158742249768e-09
3.4983381949999997 4.145731006327988e-07
3.4996894259999998 6.138990419975525e-09
3.501040658 8.93745945138327e-08
3.502391889 2.7071601109765037e-07
3.50374312 3.725941857496058e-08
3.505094352 5.088487700892696e-09
3.506445583 5.093578092615414e-09
3.5077968150000003 5.1033906316504365e-09
3.509148046 2.492645805797818e-06
3.5104992779999997 3.6476000704717044e-07
3.511850509 5.1263183522133505e-09
3.513201741 5.1319755603383396e-09
3.514552972 1.7421868597742703e-07
3.515904203 1.2007576539311347e-06
3.517255435 2.762497314115561e-06
3.518606666 3.2297505974252667e-06
3.519957898 7.437418992165406e-07
3.521309129 1.619351044788419e-07
3.5226603610000002 3.856404466550982e-08
3.524011592 5.173729246861677e-09
3.5253628239999997 5.178313941353071e-09
3.526714055 5.182869502502135e-09
3.528065286 1.0367432440581333e-06
3.529416518 1.4733322349430325e-06
3.5307677490000002 3.043453603699559e-06
3.532118981 5.022489795226003e-06
3.533470212 2.5441627564973148e-06
3.5348214440000003 3.2094038140243474e-07
3.536172675 3.1871153413826445e-07
3.537523906 1.0781642451821393e-06
3.538875138 1.8704831779957823e-06
3.540226369 5.09384322402862e-06
3.5415776009999997 2.5476878767159087e-06
3.542928832 4.0602464217650423e-07
3.544280064 2.4205556272168877e-08
3.545631295 5.241451579583159e-09
3.546982527 5.243401302178897e-09
3.548333758 5.245340013798568e-09
3.5496849889999997 5.247270731439063e-09
3.551036221 5.248998248240214e-09
3.552387452 5.2562754726230806e-09
3.553738684 5.257646613047948e-09
3.555089915 1.2294135195517147e-08
3.556441147 3.740639143674561e-08
3.5577923780000003 5.2617345899456015e-09
3.5591436090000004 5.2630878243798e-09
3.560494841 5.264706918175495e-09
3.561846072 1.5436463451019607e-07
3.563197304 5.126910213589847e-07
3.5645485349999997 5.8786959237713526e-09
3.565899767 5.491068502273002e-07
3.567250998 2.2481868295124082e-06
3.5686022299999998 1.4521246103425755e-07
3.569953461 5.2855747116524265e-09
3.571304692 5.287013901085807e-09
3.572655924 6.713797176588711e-08
3.574007155 1.1038052271210683e-06
3.575358387 8.422927472282909e-09
3.5767096179999998 5.292811644668043e-09
3.57806085 5.648598053152282e-09
3.579412081 1.812244227152127e-07
3.580763312 7.562716273888226e-08
3.582114544 1.4754917959360587e-08
3.583465775 7.068137731353696e-08
3.5848170070000003 2.9381925048222586e-07
3.5861682380000004 1.7246102933149828e-08
3.58751947 5.313574229660901e-09
3.588870701 5.314534042367303e-09
3.5902219329999996 5.315391971509964e-09
3.5915731639999997 5.315652887526959e-09
3.592924395 5.315929829874685e-09
3.594275627 8.295436582445227e-09
3.595626858 2.750232119302196e-07
3.59697809 5.316863218956811e-09
3.598329321 1.4769597308318527e-08
3.5996805530000002 3.3486888361361525e-08
3.601031784 5.31794728610714e-09
3.602383016 1.0355822512619651e-08
3.603734247 1.8262794318798657e-07
3.605085478 1.0424675331913435e-08
3.60643671 1.5727049849013428e-07
3.607787941 1.7778699359067037e-06
3.609139173 5.408210289322186e-09
3.610490404 3.570513615579955e-08
3.6118416360000003 7.659617546917654e-09
3.6131928670000004 1.775425978298514e-07
3.6145440979999997 5.3264426368950814e-09
3.61589533 5.326286256048215e-09
3.617246561 1.330163663629762e-08
3.6185977929999997 1.607799023240941e-08
3.619949024 5.33147769523804e-09
3.621300256 1.3514959860566204e-08
3.622651487 1.3823325260523784e-07
3.624002719 8.97144659634439e-09
3.62535395 5.330767141127205e-09
3.6267051809999997 6.840022317134708e-07
3.628056413 2.667477438029324e-06
3.629407644 2.067692203800573e-06
3.630758876 9.420069099316024e-07
3.632110107 2.4998116367058834e-06
3.633461339 3.407668782560949e-07
3.6348125700000002 5.331547203594972e-09
3.6361638010000004 5.332003218411619e-09
3.637515033 5.33244921660578e-09
3.638866264 5.332885369044709e-09
3.640217496 5.3334234827590015e-09
3.6415687269999997 5.334541624195257e-09
3.642919959 5.335648313904332e-09
3.64427119 5.33674141346108e-09
3.6456224219999998 5.337821600535635e-09
3.646973653 5.338888995456128e-09
3.648324884 5.33994104436218e-09
3.649676116 5.34517367208756e-09
3.6510273470000003 5.348788692426234e-09
3.652378579 5.432484518967866e-09
3.6537298099999997 2.158630548722483e-06
3.655081042 5.301590335453768e-07
3.656432273 5.355792054308269e-09
3.657783504 5.357505588549612e-09
3.659134736 5.359203908934095e-09
3.660485967 1.729416985828389e-08
3.6618371990000003 1.8106490158794467e-06
3.66318843 6.39625805398915e-07
3.664539662 7.51640902434367e-07
3.665890893 3.741070022397077e-08
3.667242125 5.365072297949151e-09
3.6685933559999997 5.365920869774585e-09
3.669944587 5.3724084977745884e-09
3.671295819 5.374283036121801e-09
3.67264705 5.375845000173074e-09
3.673998282 5.377395870793074e-09
3.675349513 5.3789343942782895e-09
3.676700745 5.380462920814066e-09
3.6780519760000003 5.381981748704049e-09
3.679403208 3.139875523646338e-07
3.6807544389999998 1.2465896235512338e-06
3.68210567 2.6522021957468516e-07
3.683456902 2.8651916471421914e-06
3.684808133 2.796985367666286e-06
3.686159365 2.5492247673425196e-06
3.687510596 3.5833733196027463e-06
3.688861828 3.65460547528403e-07
3.690213059 7.458205767472728e-09
3.6915642899999996 5.839571038400374e-07
3.692915522 5.394704926746845e-09
3.694266753 5.400918564334847e-09
3.6956179849999997 5.400873118434602e-09
3.696969216 5.400827520908803e-09
3.698320448 1.3841807318758612e-08
3.699671679 8.974264908844168e-07
3.701022911 9.906515591418688e-08
3.702374142 5.400718895713022e-09
3.703725373 1.7931896886608402e-08
3.7050766050000004 6.275546523264153e-08
3.706427836 5.400726247091916e-09
3.707779068 5.40073639671833e-09
3.709130299 5.40075145309672e-09
3.710481531 5.401021634183094e-09
3.711832762 5.4017468563832474e-09
3.713183993 5.4024791779427996e-09
3.714535225 5.666520785523672e-08
3.7158864560000002 4.449661677305708e-08
3.717237688 5.404720342541328e-09
3.7185889189999997 5.405483189314242e-09
3.719940151 1.5181625369049905e-08
3.721291382 5.141417088597378e-07
3.7226426139999997 1.967442756695892e-06
3.723993845 3.994324384795346e-08
3.725345076 5.4094775819152625e-09
3.726696308 5.4103047452541824e-09
3.7280475390000003 1.1114160051943193e-07
3.729398771 1.2627863890896585e-06
3.730750002 2.2310865145454526e-08
3.7321012340000004 5.413771315604823e-09
3.733452465 5.414687866196272e-09
3.7348036959999997 5.415611056823079e-09
3.736154928 5.422817743771525e-09
3.737506159 1.0391675059530695e-07
3.738857391 5.443098144836365e-07
3.740208622 1.7695087176624682e-06
3.741559854 3.3402475017640715e-07
3.7429110850000002 3.841762897636721e-07
3.744262317 1.7379214809700055e-06
3.7456135479999997 3.064061893579356e-06
3.746964779 2.4216133137190385e-08
3.748316011 5.432745977283447e-09
3.749667242 5.432949705481815e-09
3.751018474 5.433139562106181e-09
3.752369705 5.433324646508522e-09
3.753720937 5.43350847130787e-09
3.7550721680000003 5.433690324540997e-09
3.7564234 5.433869301392342e-09
3.757774631 5.4340446649989346e-09
3.759125862 5.434215464359122e-09
3.7604770939999996 5.434386796872767e-09
3.7618283249999998 5.434563355643652e-09
3.763179557 4.7180351276215564e-08
3.764530788 7.327538895288453e-07
3.76588202 2.1593105089553378e-06
3.767233251 4.311846899551179e-08
3.768584482 5.43531772529073e-09
3.7699357140000003 5.435437211853715e-09
3.771286945 1.3243838816534903e-08
3.7726381769999997 6.089929704739075e-08
3.773989408 1.5588611091339897e-08
3.77534064 3.071045833294635e-08
3.776691871 4.503623163584853e-08
3.778043103 5.441684812129626e-09
3.779394334 5.441618633777323e-09
3.780745565 5.4419972746784935e-09
3.7820967970000003 5.442732341299195e-09
3.7834480279999996 5.443445760445222e-09
3.7847992599999998 5.444139361804745e-09
3.786150491 5.444810902674765e-09
3.7875017229999997 5.445459143308211e-09
3.7888529539999998 5.446085707274043e-09
3.790204185 5.446461791765586e-09
3.791555417 1.2881775951059696e-08
3.792906648 3.4097193077964587e-06
3.79425788 3.853604149314701e-06
3.795609111 2.6550991452583645e-06
3.7969603430000003 3.353109318509999e-06
3.798311574 8.215483808641179e-06
3.7996628059999997 8.703802167814906e-06
3.801014037 6.1003026990435235e-06
3.802365268 7.558927283488149e-07
3.8037165 5.920902150958258e-09
3.8050677310000003 5.440711027538405e-09
3.806418963 5.441036510220702e-09
3.807770194 5.441336306967786e-09
3.8091214260000004 5.441608805458783e-09
3.8104726569999996 5.44156699961746e-09
3.811823889 5.1134026577777057e-08
3.81317512 9.601636405165613e-09
3.814526351 5.43969091357978e-09
3.815877583 5.43901383014718e-09
3.817228814 3.3662944778129196e-08
3.818580046 7.758139611885118e-07
3.8199312770000002 1.9000292673924827e-06
3.821282509 6.046975407083299e-08
3.82263374 5.441697527760379e-09
3.823984971 3.8248510211553576e-08
3.825336203 1.2529770212919016e-06
3.826687434 8.091098881688416e-08
3.828038666 5.898682161422764e-07
3.829389897 2.694746135207111e-06
3.830741129 4.6460334558166057e-07
3.8320923600000003 5.436040456745723e-09
3.833443592 7.112807492951239e-09
3.834794823 1.2672534098493206e-06
3.836146054 1.878758176402954e-06
3.8374972859999996 3.652843298198794e-07
3.8388485169999997 7.29063769080117e-07
3.840199749 6.36885500084558e-07
3.84155098 9.111245646374449e-09
3.842902212 1.4037831589527737e-07
3.844253443 1.878686042693298e-06
3.845604674 2.188593427148957e-06
3.8469559060000003 8.221272183997761e-07
3.848307137 1.4986993058060061e-06
3.849658369 3.948683500666107e-06
3.8510096 3.0316145089585034e-06
3.852360832 1.5136222260915631e-06
3.853712063 1.2741346666549063e-07
3.855063295 5.424500472183557e-09
3.856414526 5.423358448623187e-09
3.857765757 5.427011626019359e-09
3.859116989 6.536569524787719e-09
3.86046822 2.943118464987996e-07
3.861819452 1.3678632308725512e-06
3.863170683 6.8097335181804386e-09
3.8645219149999996 5.423065049367863e-09
3.8658731459999998 3.7731989224145603e-07
3.867224377 2.0948372945124264e-06
3.868575609 1.5062962695314033e-06
3.86992684 1.1482159745910922e-06
3.871278072 9.249164496549867e-07
3.872629303 9.631282369296914e-07
3.8739805350000003 1.043925971533867e-06
3.875331766 1.09105566496316e-07
3.876682998 1.5456597753213045e-08
3.878034229 2.0863665943879303e-06
3.87938546 2.643636206900721e-06
3.880736692 2.2285164049743515e-06
3.882087923 4.135670910486334e-06
3.883439155 4.932263973128953e-06
3.884790386 2.6085555533269174e-06
3.886141618 3.298122946950954e-06
3.887492849 4.538940944638049e-06
3.8888440810000002 5.4869021451117715e-06
3.890195312 5.723284221090261e-06
3.891546543 2.6371589540727914e-06
3.892897775 3.792488516711681e-07
3.894249006 4.2882909302464993e-07
3.895600238 4.828882169418461e-06
3.8969514690000002 7.538729941679447e-06
3.898302701 9.414289651481577e-06
3.899653932 1.2740114935467963e-05
3.9010051629999998 1.1678252451952247e-05
3.902356395 7.967347813012444e-06
3.903707626 4.024974620802057e-06
3.905058858 2.031245252112319e-06
3.906410089 2.4072799012352978e-06
3.9077613209999997 3.0342457430949555e-06
3.909112552 3.455824284989412e-06
3.910463784 3.7818426067825853e-06
3.911815015 6.238977685969533e-06
3.913166246 8.912092430084823e-06
3.914517478 8.178508233198375e-06
3.9158687089999997 1.0046498868696046e-05
3.917219941 1.0810219278660322e-05
3.918571172 8.284112564543108e-06
3.919922404 8.48456664259839e-06
3.921273635 8.74292064533783e-06
3.922624866 7.983300170103644e-06
3.9239760980000002 8.620135287418941e-06
3.9253273290000004 9.594790961367165e-06
3.926678561 4.440571487529803e-06
3.928029792 2.079247650065359e-06
3.929381024 2.4028047537533137e-06
3.9307322549999997 5.240602007690214e-06
3.932083487 6.069148890377905e-06
3.933434718 7.148283568063679e-06
3.934785949 8.391461064226086e-06
3.936137181 8.03753367282983e-06
3.937488412 6.8614772082533406e-06
3.938839644 2.750949572989834e-06
3.940190875 1.696250630014846e-06
3.941542107 5.470852518170415e-06
3.9428933379999997 8.457895495733541e-06
3.944244569 1.0305254432570597e-05
3.945595801 1.3617180473537158e-05
3.946947032 1.1246363353273858e-05
3.948298264 6.659473124436436e-06
3.949649495 7.846437953367269e-06
3.9510007270000003 1.1363384115415644e-05
3.9523519580000004 1.1450846721431183e-05
3.95370319 9.533938941258862e-06
3.955054421 8.284687412031483e-06
3.956405652 6.814804619351013e-06
3.9577568839999997 3.312987522345837e-06
3.959108115 2.3870193553502276e-06
3.960459347 2.5790866481441682e-06
3.961810578 3.88018856969048e-06
3.96316181 8.909307912981754e-06
3.964513041 1.3794444969213382e-05
3.965864273 1.3232229895961808e-05
3.967215504 9.348563856627963e-06
3.968566735 5.188591651365273e-06
3.9699179669999998 2.462072465004483e-06
3.971269198 3.0858895782200313e-06
3.97262043 5.97219874852714e-06
3.973971661 5.1456365201965725e-06
3.975322893 3.472175052659842e-06
3.976674124 2.9881991674894377e-06
3.978025355 3.797044900383585e-06
3.9793765870000004 4.1975610103176484e-06
3.9807278179999996 6.056022908706537e-06
3.98207905 5.321020147151564e-06
3.983430281 2.2863107338782473e-06
3.9847815129999997 3.806065947518521e-06
3.986132744 5.477231195083212e-06
3.987483976 5.180202922923171e-06
3.988835207 3.926679265411533e-06
3.9901864380000003 2.439050615318031e-06
3.99153767 2.403550154269732e-06
3.9928889009999997 1.2841371131997045e-06
3.994240133 1.3507543797648494e-06
3.995591364 2.91029456538568e-06
3.996942596 2.2816630867768023e-06
3.998293827 5.3065005135382035e-06
3.999645058 5.6353679973680216e-06
4.00099629 2.55898600092292e-06
4.002347521 1.3215254215044693e-06
4.003698753 4.390376932398179e-06
4.005049984 7.212248685594112e-06
4.006401216 7.550528376954768e-06
4.007752447 6.57882675454073e-06
4.009103679 4.857606770639893e-06
4.01045491 4.659270520798644e-06
4.011806141 6.077174828302524e-06
4.013157373 6.195784863462915e-06
4.014508604 5.215911693745802e-06
4.015859836 7.90117514739351e-06
4.017211067 9.43093338483858e-06
4.018562299 7.450430776695e-06
4.01991353 7.921774413396932e-06
4.021264761 9.362642481989906e-06
4.022615993 1.0451638691296078e-05
4.023967224 9.503930660765507e-06
4.025318456 1.087289486981353e-05
4.026669687 8.679738506120378e-06
4.028020919 4.728700688453966e-06
4.02937215 4.186361191908533e-06
4.030723382 5.3684179061185995e-06
4.032074613 7.076206225479e-06
4.033425844 6.21272462524816e-06
4.034777076 8.855662168185685e-06
4.036128307 9.7248514668221e-06
4.037479539 9.670670758092277e-06
4.03883077 1.0768710689369697e-05
4.040182002 8.818330522392404e-06
4.041533233 5.565084558383716e-06
4.042884465 3.406209092260076e-06
4.044235696 4.001817214618221e-06
4.0455869269999996 3.2055481968965352e-06
4.046938159 2.5552813443038184e-06
4.04828939 2.728265448328517e-06
4.049640622 1.3220496799180926e-06
4.050991853 7.536400290210952e-07
4.052343085 1.8172450785848925e-06
4.053694316 4.176058217572691e-06
4.055045547 3.61936144308018e-06
4.056396779 3.981233549705857e-06
4.05774801 4.432845795231569e-06
4.059099241999999 5.119924953826178e-06
4.0604504729999995 4.697722293446882e-06
4.061801705 3.457605656817027e-06
4.063152936 1.4641017634513013e-06
4.064504168 8.010193001457604e-09
4.065855399 5.413111552840357e-09
4.06720663 5.412823285826132e-09
4.0685578620000005 5.412549165062052e-09
4.069909093000001 2.189196434383749e-08
4.071260325 2.7433662054523444e-06
4.072611556 3.1542666698441777e-06
4.073962788 4.144604487262145e-06
4.075314019 5.845671697614942e-06
4.07666525 6.46060868154721e-06
4.078016482 9.945388946447566e-06
4.079367713 1.1550772871739998e-05
4.080718945 1.2440035416996478e-05
4.082070176 7.39880855068622e-06
4.083421408 5.6691866607937946e-06
4.084772639 5.707965293569045e-06
4.086123871 8.796308087412539e-06
4.087475102 9.101064068059607e-06
4.088826333 1.1124809956050189e-05
4.090177565 1.2121191474993392e-05
4.091528796 6.115230332874733e-06
4.092880028 2.9468775784799952e-06
4.094231259 5.732592595810818e-06
4.095582491 8.80535480442484e-06
4.096933722 8.52058415642238e-06
4.098284953 8.127519777281061e-06
4.0996361850000005 5.9025666035178125e-06
4.100987416 2.3929026681239327e-06
4.102338648 2.8283887718209866e-06
4.103689878999999 6.393686074510062e-06
4.105041110999999 9.524769687443284e-06
4.106392342 9.846891882937933e-06
4.107743574 1.0911409894128331e-05
4.109094805 1.0530947022122408e-05
4.110446036 9.551027151030067e-06
4.111797268 1.016338369611626e-05
4.113148499 1.2800787250324827e-05
4.1144997309999995 9.546942237618746e-06
4.115850962000001 6.550412961081469e-06
4.117202194000001 6.389421091267401e-06
4.118553425 7.038608261208479e-06
4.119904657 8.939767042724005e-06
4.121255887999999 1.2170700988580207e-05
4.122607119 1.3918217502242352e-05
4.123958351000001 8.577161815336876e-06
4.125309582 8.149602132390517e-06
4.126660814 1.0025066312888762e-05
4.128012045 1.531981039885097e-05
4.129363277 1.4379666646191872e-05
4.130714508 1.4294198722316992e-05
4.132065739 1.5097161395212842e-05
4.133416971 1.4049963962647776e-05
4.134768202 1.1800227315342279e-05
4.136119434 1.2344280174109611e-05
4.1374706649999995 1.107396204870103e-05
4.138821897 5.114804722621515e-06
4.140173128000001 5.903041227837894e-06
4.14152436 1.0788896427877936e-05
4.142875591 1.5666071241524858e-05
4.144226821999999 1.473232630607677e-05
4.145578054 1.3027830245611546e-05
4.146929285000001 7.949544995275918e-06
4.148280517 2.9696906235369305e-06
4.149631748 3.4453401238786652e-06
4.15098298 8.338581352843016e-06
4.152334211 9.981746295327126e-06
4.153685442 6.943945361936433e-06
4.155036674 6.151206147562649e-06
4.156387905 3.6814813858825532e-06
4.157739136999999 1.4965641651030165e-06
4.159090368 1.6232609465336912e-07
4.1604416 1.096761614016089e-06
4.161792831 3.3055715738571396e-06
4.163144063 5.31459585313097e-06
4.164495294 6.588057466611355e-06
4.165846525 7.638031080943693e-06
4.167197757 5.191313584152213e-06
4.1685489879999995 5.950655613301217e-06
4.169900220000001 6.879172057006359e-06
4.171251451 7.95275008047318e-06
4.172602683 8.460394466251239e-06
4.173953914 9.617790305755107e-06
4.1753051459999995 8.682582526266596e-06
4.1766563770000005 6.072870191225845e-06
4.178007608 4.2684719298412486e-06
4.17935884 7.193238379517432e-06
4.180710071 6.281179585368262e-06
4.182061303 1.987229780834077e-06
4.183412534 1.1912543991894408e-07
4.184763766 2.6558007810631105e-06
4.186114997 5.314467700003433e-06
4.187466228 5.33154499314759e-06
4.18881746 6.333113743450439e-06
4.190168691 6.05198233646263e-06
4.1915199229999995 2.299881329959142e-06
4.1928711540000005 1.3639017772829524e-06
4.194222386000001 1.8532348282214233e-06
4.195573617 1.3257439752938156e-06
4.196924849 9.723854062482577e-07
4.198276079999999 4.332840498394079e-06
4.199627311 9.187177406462795e-06
4.200978543 7.437425575987706e-06
4.202329774 6.2766727631944355e-06
4.203681006 7.034108468251474e-06
4.205032237 1.035664860855427e-05
4.206383469 1.0988492815518192e-05
4.2077347 1.3472613067342378e-05
4.209085931 1.555796311362819e-05
4.210437163 1.4592554026831285e-05
4.211788394 1.0248744859438927e-05
4.213139626 9.026175163552479e-06
4.2144908569999995 9.798004623866408e-06
4.215842089 8.713888218950502e-06
4.217193320000001 8.149901989274979e-06
4.218544552 1.0016298920341808e-05
4.219895783 1.2231803339912979e-05
4.221247013999999 1.5845583988639322e-05
4.2225982459999996 2.11771828014605e-05
4.223949477 2.8271705615656817e-05
4.225300709 2.740464736220956e-05
4.22665194 2.0315688840427107e-05
4.228003171999999 2.0787363085401096e-05
4.229354403 2.3005404821272936e-05
4.2307056339999995 2.115136156162561e-05
4.232056866 1.5609225357872106e-05
4.233408097000001 1.8060208207119036e-05
4.234759329 2.0433058734386284e-05
4.23611056 2.1302990180531776e-05
4.237461792 2.2863226418052748e-05
4.238813023 2.764317145291513e-05
4.240164255 2.5684228614470352e-05
4.241515486 2.2724969114175283e-05
4.242866717 2.3219892500125477e-05
4.244217949 3.0242895587024378e-05
4.24556918 2.780775413621409e-05
4.246920412000001 2.273179477058467e-05
4.248271643 1.991500127728269e-05
4.249622875 1.8926620479276748e-05
4.250974105999999 1.1670400004768532e-05
4.2523253379999995 1.0931660186370001e-05
4.2536765690000005 1.4614705206727638e-05
4.2550278 1.3875318516294518e-05
4.256379032 7.8273573780429e-06
4.257730263 9.550282659632347e-06
4.259081495 1.1921284625037843e-05
4.260432726 1.3809742232660937e-05
4.261783958 1.3600286390409003e-05
4.263135189 1.9289615407378257e-05
4.26448642 2.2661523784643525e-05
4.265837652 1.9819984780317305e-05
4.267188883 1.3320577696890036e-05
4.2685401149999995 1.3205636461723754e-05
4.2698913460000005 1.4337290256973684e-05
4.271242578000001 1.2740681883491129e-05
4.272593809 9.851883089961104e-06
4.273945041 1.1919061978334505e-05
4.275296271999999 1.1454902676183986e-05
4.276647503 1.105307692994124e-05
4.277998735 1.0994244164755183e-05
4.279349966 1.3590271262434265e-05
4.280701198 1.2918979529786239e-05
4.282052429 1.259651461184086e-05
4.283403661 1.341396058704327e-05
4.284754892 1.640604088973009e-05
4.286106123 1.4090636601839447e-05
4.287457355 1.4720568905543624e-05
4.288808586 1.69683499078736e-05
4.290159818 2.1710291830770053e-05
4.2915110489999995 1.635046394683777e-05
4.292862281 1.3724871648925643e-05
4.294213512000001 1.3469615864338405e-05
4.295564744 1.3945732124052448e-05
4.296915975 9.778398500661403e-06
4.298267206 1.0172349171607572e-05
4.299618438 1.620342023765923e-05
4.300969669 1.8493658199864384e-05
4.302320901 1.2661570013150797e-05
4.303672132 1.1725929377311099e-05
4.305023363999999 1.0879618046830144e-05
4.306374595 1.2051541726104286e-05
4.3077258259999995 1.016923586396694e-05
4.309077058 8.678810529428445e-06
4.310428289000001 7.903929709557852e-06
4.311779521 7.549641955770647e-06
4.313130752 7.142810098194217e-06
4.314481984 8.56265795891149e-06
4.315833215 8.98121901902721e-06
4.317184447 8.035193724942389e-06
4.318535678 6.324435915564247e-06
4.319886909 7.708180584756316e-06
4.321238141 8.741055416906083e-06
4.322589372 7.843762471845382e-06
4.323940604000001 6.376329052524847e-06
4.325291835 7.119570094623662e-06
4.326643067 8.749775943824783e-06
4.327994297999999 1.0972533705104924e-05
4.329345529999999 1.1536470724470055e-05
4.3306967610000004 1.3151291157088804e-05
4.332047992 7.719021351528557e-06
4.333399224 7.695504164352708e-06
4.334750455 7.0322715548663524e-06
4.336101687 7.319182224897234e-06
4.337452918 6.5585931968529855e-06
4.33880415 5.80774436832338e-06
4.340155381 8.961499321518953e-06
4.341506612 1.1885909484218211e-05
4.342857844 9.345012351973649e-06
4.344209075 5.503800240452348e-06
4.3455603069999995 6.817413736274415e-06
4.3469115380000005 1.0112307005016436e-05
4.34826277 9.274970820938923e-06
4.349614001 5.792346810052172e-06
4.350965233 5.293693095965101e-06
4.352316464 7.329723744190949e-06
4.353667695 1.1601815755201986e-05
4.355018927 1.2265561358491182e-05
4.356370158 1.4481133732105197e-05
4.35772139 1.195707482763166e-05
4.359072621 6.579826389049899e-06
4.360423853 2.727460529550225e-06
4.361775084 3.882807956759258e-06
4.363126315000001 6.92984790284474e-06
4.364477547000001 7.79750704055047e-06
4.365828778 9.905997335082857e-06
4.36718001 1.3656600280860109e-05
4.3685312409999995 1.4702564654636991e-05
4.369882473 1.2744682278117177e-05
4.371233704 9.482751388609576e-06
4.372584936 9.43391553399373e-06
4.373936167 1.120787502633087e-05
4.375287398 8.976297245412503e-06
4.37663863 8.142295464090546e-06
4.377989861 9.554331979948745e-06
4.379341093 1.0401236873419157e-05
4.380692324 8.640890110320134e-06
4.382043555999999 7.557167373123758e-06
4.383394787 9.124645831020052e-06
4.3847460179999995 1.0169626605062718e-05
4.38609725 7.417870035150989e-06
4.387448481000001 5.228402406961318e-06
4.388799713 6.446764304945079e-06
4.390150944 5.97314293654098e-06
4.391502176 2.873113796434366e-06
4.392853407 2.8901995227170045e-06
4.394204639 3.5926964109721107e-06
4.39555587 7.871287491069773e-06
4.396907101 4.378371066338707e-06
4.398258332999999 4.553643043570178e-06
4.399609564 4.568132485251837e-06
4.400960796000001 3.0683543911485602e-06
4.402312027 7.776719564035765e-07
4.403663259 8.942960360052303e-07
4.405014489999999 4.99790569483693e-06
4.406365721999999 6.130414555438058e-06
4.407716953 6.086988322385254e-06
4.409068184 6.5694524201254356e-06
4.410419416 9.941751303000241e-06
4.411770647 8.88486574077758e-06
4.413121879 3.180153269463756e-06
4.41447311 3.672933926785877e-07
4.415824342 8.115615737544348e-09
4.417175573000001 5.175492430071296e-09
4.418526804 5.173366565950714e-09
4.419878036 5.171232292720461e-09
4.421229266999999 4.997384211947779e-07
4.4225804989999995 6.1022648429620144e-06
4.4239317300000005 7.470877535992297e-06
4.425282962 7.020310745237109e-06
4.426634193 6.871590542571516e-06
4.427985425 5.0850955307650346e-06
4.429336656 2.2321046239930387e-06
4.430687887 2.463586721826723e-06
4.432039119 3.535536812589424e-06
4.43339035 4.430850572870069e-06
4.434741582 1.553248197080234e-06
4.436092813 3.36161510146884e-08
4.437444045 1.578989212627599e-08
4.438795276 1.995229488561204e-06
4.440146507000001 2.7258305232365103e-06
4.441497739000001 4.017907675787012e-06
4.44284897 6.116044200167535e-06
4.444200202 6.117589577159008e-06
4.445551432999999 4.988275381346954e-06
4.446902665 4.888825407794345e-06
4.448253896 7.632302082158542e-06
4.449605128 6.518266150362901e-06
4.450956359 3.0933822834642165e-06
4.45230759 1.160844373069774e-06
4.453658822 3.633720604672172e-06
4.455010053 5.4738815620917735e-06
4.456361285 4.8057186940265475e-06
4.457712516 2.397817974244086e-06
4.459063747999999 3.0743553525438896e-06
4.460414979 4.453599149575547e-06
4.4617662110000005 2.9753570809106147e-06
4.463117442 1.7798038108509752e-06
4.464468673000001 2.944699897668097e-06
4.465819905 6.9246032837614995e-06
4.467171136 4.4849185760326985e-06
4.468522368 3.5864729479512956e-06
4.469873599 3.656016290958362e-06
4.471224831000001 8.116590030586143e-06
4.472576062 6.715458105975919e-06
4.473927293 4.413284059471541e-06
4.475278524999999 3.805226732335852e-06
4.476629756 5.755485306984391e-06
4.4779809880000006 3.1181183339698804e-06
4.479332219 1.2144372473742485e-06
4.480683451 1.5583342995881568e-06
4.482034682 2.8554178633891747e-06
4.483385914 8.132423742625222e-07
4.484737145 6.615133504502347e-09
4.486088376 2.0906012912803479e-07
4.487439608 4.89143221058898e-06
4.488790839 1.7669557208326212e-05
4.490142071 1.550879472225798e-05
4.491493302 1.4487164135092764e-05
4.492844534 1.2650672996891623e-05
4.494195765000001 1.0341953657167634e-05
4.495546996 7.383439021255043e-06
4.496898228 5.657275875533048e-06
4.498249458999999 8.44236317789105e-06
4.4996006909999995 1.2542513057212655e-05
4.5009519220000005 1.4692136107303817e-05
4.502303154 1.00371631467178e-05
4.503654385 1.344554831303743e-05
4.505005617 1.6849166580211807e-05
4.506356848 1.767990039738063e-05
4.507708079 1.678232898773795e-05
4.509059311 2.094642121788586e-05
4.510410542 3.104219962063402e-05
4.511761774 3.067758097390831e-05
4.513113005 2.882481188190817e-05
4.514464237 3.038145251794067e-05
4.5158154679999996 4.5026438924858325e-05
4.517166699000001 5.0794310646367186e-05
4.518517931 5.181449760301349e-05
4.519869162 5.426919759351975e-05
4.521220394 7.025273169636618e-05
4.522571624999999 8.796545250190234e-05
4.523922857 9.638205820551043e-05
4.525274088 0.00010884952509399326
4.52662532 0.00012734140276795421
4.527976551 0.00015402899895655407
4.529327782 0.00016540310436841707
4.530679014 0.00018371251747426566
4.532030245 0.00021059633040752682
4.533381477 0.0002472667565609822
4.534732708 0.00027638284388362686
4.53608394 0.000300493358928898
4.537435171 0.00033790517753947184
4.5387864030000005 0.0003826183223813681
4.540137634 0.000431092590991996
4.541488865 0.0004687640460508642
4.542840097 0.0005181096458820327
4.544191328 0.0005752652259034937
4.5455425599999995 0.0006353491441082993
4.5468937910000005 0.0006894690866077695
4.548245023000001 0.0007488963342956613
4.549596254 0.0008251279798677148
4.550947485 0.0009002119051490265
4.552298716999999 0.0009757621196528185
4.553649948 0.0010488735953624274
4.5550011800000005 0.0011445198902088971
4.556352411 0.0012460778249399086
4.557703643 0.0013466433533714567
4.559054874 0.0014456285592870438
4.560406106 0.0015586741931114983
4.561757337 0.0016939266324380799
4.563108568 0.0018208972274555066
4.5644598 0.001952577663844744
4.565811031 0.002090040444970096
4.567162263 0.0022555175689866025
4.568513493999999 0.0024232865879012565
4.569864726 0.0025896161370918733
4.571215957000001 0.0027676096849747946
4.572567188 0.002970671071369875
4.57391842 0.0031980060742337582
4.575269650999999 0.003418284405363136
4.5766208829999995 0.0036550061690119886
4.5779721140000005 0.003909666734651002
4.579323346 0.004199526483458712
4.580674577 0.004498298855459354
4.582025809 0.004805676277625727
4.58337704 0.005144595903776825
4.584728271 0.005513770921211631
4.586079503 0.005915446689624116
4.587430734 0.00631933005030168
4.588781966 0.006759706651627415
4.590133197 0.007239881101785917
4.591484429 0.007765034229261835
4.5928356599999995 0.00831478002757915
4.5941868910000005 0.008889323194899053
4.595538123 0.009526311852886623
4.596889354 0.010212034791786359
4.598240586 0.010950540827371116
4.599591817 0.011719171138504613
4.6009430490000005 0.012554290431206122
4.60229428 0.013464302759325522
4.603645512 0.014442016022910696
4.604996743 0.015481423133217646
4.606347974 0.016583551563518806
4.607699206 0.017794103056072524
4.609050437 0.01909212379923471
4.610401669 0.020481500087251674
4.611752900000001 0.02195700803008883
4.613104132 0.023548978617265577
4.614455363 0.025277309760903297
4.6158065950000005 0.027121995264930854
4.617157826 0.029094802519398257
4.618509057 0.031202313265690992
4.619860289 0.03349082001402629
4.62121152 0.03594049878777212
4.622562751999999 0.03855036750114092
4.6239139830000004 0.04133623478082418
4.625265215000001 0.04432341344007536
4.626616446 0.047542127136391645
4.627967677 0.05095941792796773
4.629318908999999 0.054601465423719416
4.63067014 0.05847960641491275
4.6320213720000005 0.06263405098962452
4.633372603 0.06707150034093487
4.634723835 0.07174538755074981
4.636075066 0.0767038912718173
4.637426298 0.08197191475603442
4.638777529 0.0875551131558516
4.64012876 0.09344006277483036
4.641479992 0.09964728402962718
4.642831223 0.10613066968966593
4.644182455 0.11296309592897331
4.645533685999999 0.12014514274293438
4.646884918 0.1275360711253092
4.648236149000001 0.1352616074566807
4.64958738 0.14328920091325215
4.650938612 0.1515327490955785
4.652289842999999 0.16023865175866384
4.6536410749999995 0.1689274929854571
4.6549923060000005 0.17775175520734565
4.656343538 0.18681359054176638
4.657694769 0.1959131799537646
4.659046001 0.2050283409371567
4.660397232 0.21426164548668652
4.661748463 0.2233194153570895
4.663099695 0.23236314537870636
4.664450926000001 0.24143528590043603
4.665802158 0.25001857088211493
4.667153389 0.2585459316070001
4.668504621 0.2669029903939602
4.6698558519999995 0.2747581431757188
4.6712070830000005 0.2824354867277616
4.672558315 0.2896923268882697
4.673909546 0.2964644729763142
4.675260778 0.30300717551514217
4.676612009 0.3090033609916877
4.6779632410000005 0.31453809298818003
4.679314472 0.31978990810456226
4.680665704 0.32442214461423524
4.682016935 0.3287201805631144
4.683368166 0.33271897819404767
4.684719398 0.3360744607074642
4.686070629 0.3392057291666045
4.687421861 0.34201568564924284
4.688773092 0.34440177874996253
4.690124324 0.3465820914669334
4.691475555 0.34841001359654045
4.6928267869999996 0.3499732246373576
4.694178018 0.35137683893005245
4.695529249 0.35246554346784836
4.696880481 0.3533895431111988
4.698231712 0.3545779513802933
4.699582943999999 0.355143378910338
4.700934175 0.355620698221936
4.702285407000001 0.35597163969000334
4.703636638 0.3561816790417566
4.704987869 0.3563364240298526
4.706339100999999 0.3564127857206758
4.707690332 0.3564261559888398
4.7090415640000005 0.35640174399557706
4.710392795 0.3563274795328343
4.711744027 0.3562735274518439
4.713095258 0.35620657007613454
4.71444649 0.35610518382917555
4.7157977209999995 0.35599246159913617
4.717148952 0.3558617260911355
4.718500184000001 0.3557261797147938
4.719851415 0.35558379247465927
4.721202647 0.35537120332471905
4.722553877999999 0.35513686527438465
4.72390511 0.3548898928043572
4.725256341000001 0.3546305501008649
4.726607572 0.3543628391487831
4.727958804 0.35408155926702795
4.729310035 0.35378921430830806
4.730661267 0.35349138640195366
4.7320124980000005 0.35318565007864416
4.73336373 0.3528662975127624
4.734714961 0.35281315647267875
4.736066193 0.35257462456682737
4.737417424 0.3522177712763665
4.738768654999999 0.351847163406963
4.740119887 0.3514435599859383
4.741471118000001 0.3510261145707677
4.74282235 0.35057253422435536
4.744173581 0.35009603511023
4.745524813 0.34960288877639595
4.7468760439999995 0.3490635079286247
4.748227276 0.3485123101639969
4.749578507 0.3479401641220599
4.750929738 0.3473518165393613
4.75228097 0.34675457281177036
4.753632201 0.34613367201455897
4.7549834330000005 0.3455050782370277
4.756334664 0.34487022368568165
4.757685896 0.34423304957311557
4.759037127 0.3435954292351736
4.760388358 0.34295503160815843
4.76173959 0.34232129962979996
4.763090821 0.34167761563163773
4.764442053 0.34104730229002966
4.765793284 0.34043342118948633
4.767144516 0.33983991480325954
4.768495747 0.3392547446222881
4.7698469789999995 0.3386766179584398
4.77119821 0.33811746627339695
4.772549441 0.3375744924554682
4.773900673 0.3370435031386145
4.775251904 0.33655252546997744
4.776603135999999 0.3360805999418238
4.777954367 0.33564351001969606
4.779305599000001 0.33523517759525145
4.78065683 0.3348398368839178
4.782008061000001 0.3344885300108466
4.783359293 0.3341607404523067
4.784710524 0.333863269542435
4.7860617560000005 0.3335947666155705
4.787412987 0.3333409759249582
4.788764219 0.33312488313781535
4.79011545 0.332927476188363
4.791466682 0.3327493937489263
4.7928179129999995 0.33257735401884814
4.7941691440000005 0.33241090760181174
4.795520376000001 0.33225741163748784
4.796871607 0.33211185105216195
4.798222839 0.33197175820505176
4.799574069999999 0.3318232662210164
4.800925302 0.33168045731797396
4.802276533000001 0.3315461709463932
4.803627764 0.3314186036313217
4.804978996 0.331292840127111
4.806330227 0.33114789382053916
4.807681459 0.3309985849705646
4.80903269 0.3312031577063709
4.810383922 0.3310266902701375
4.811735153 0.330834565288377
4.813086384999999 0.33060093998392337
4.814437616 0.33035557237973695
4.815788846999999 0.3300943028250565
4.817140079 0.3297994501828479
4.818491310000001 0.32948776775626326
4.819842542 0.32912409274940824
4.821193773 0.3287543380017211
4.822545005 0.3283700919071926
4.8238962359999995 0.3279589672591201
4.825247468 0.32753489500214605
4.826598699 0.32707501645315956
4.82794993 0.32661051453453704
4.829301162 0.3261413924665934
4.830652393 0.3256554312594116
4.8320036250000005 0.3251597789947366
4.833354856 0.3246430256846762
4.834706088 0.3241228776489833
4.836057318999999 0.3235993150331712
4.83740855 0.3230740342876769
4.838759782 0.3225455336922159
4.840111013 0.32200035524793413
4.841462245 0.3214536939561216
4.842813476 0.3209064981714853
4.844164708 0.32033313830687127
4.845515939 0.3197494177262227
4.8468671709999995 0.3191448559804801
4.8482184020000005 0.31854003033174116
4.849569633 0.3179351610729055
4.850920865 0.3173155710403484
4.852272096 0.31669131136566786
4.853623327999999 0.3160546205741591
4.854974559 0.3154145214055973
4.856325791000001 0.3147697032543461
4.857677022 0.3140958966704536
4.859028253 0.31340961900698905
4.860379485 0.31269842829860156
4.861730716 0.311972020963127
4.863081948 0.3112199805774312
4.864433179 0.31041809986690455
4.865784411 0.30959107988416035
4.867135642 0.3087246109384174
4.868486874 0.3078463570649125
4.8698381049999995 0.30693906071065963
4.8711893360000005 0.3059932446689241
4.872540568000001 0.30502327444910826
4.873891799 0.3040409265002636
4.875243031 0.3030543398941432
4.876594261999999 0.3022498406082796
4.8779454939999995 0.3013686048876922
4.879296725000001 0.30021903321387683
4.880647956 0.29908602421285696
4.881999188 0.29796320507041674
4.883350419 0.29685789676718927
4.884701651 0.29576237174205144
4.8860528819999995 0.2946810338695876
4.887404114 0.29364832964065174
4.888755345 0.2926380729134968
4.890106576999999 0.29167874252358333
4.891457808 0.2907379917290538
4.892809038999999 0.2898466677177728
4.894160271 0.28902376683359654
4.895511502000001 0.28825121631687634
4.896862734 0.2875527645799538
4.898213965 0.28688041995626634
4.899565197 0.28629094217623485
4.900916428 0.28575425832859486
4.902267660000001 0.28528527063411785
4.903618891 0.2848518130415083
4.904970122 0.28443039229287354
4.906321354 0.28403911649878766
4.907672585 0.2836453330807355
4.9090238170000005 0.2832481936144697
4.910375048 0.28277695141544307
4.91172628 0.2822502777806321
4.913077511 0.28155358476933734
4.914428742 0.2807867075909949
4.915779974 0.27975170023804424
4.917131205 0.2785132396587889
4.918482437 0.2769777209583211
4.919833668 0.2750501591013541
4.9211849 0.2729438732765795
4.922536131 0.2701769222865434
4.9238873629999995 0.2671994419727368
4.9252385940000005 0.263546423644816
4.926589825 0.2594711592470457
4.927941057 0.2549745744206966
4.929292288 0.24977505553373638
4.930643519999999 0.24440996231912465
4.931994751 0.23805209916566006
4.933345983000001 0.23155128941264685
4.934697214 0.22448148979969285
4.936048445 0.2170643948968414
4.937399677 0.2094459184483161
4.938750908 0.20128042722270606
4.94010214 0.19319319794384548
4.941453371 0.18476702925690483
4.942804603 0.17649657535287314
4.944155834 0.16804074873602604
4.945507066 0.15962788391818267
4.9468582969999995 0.1513903381180671
4.9482095280000005 0.14323515228322373
4.949560760000001 0.13543102004267701
4.950911991 0.12778762118958328
4.952263223 0.12049172390836657
4.953614453999999 0.11345579601165337
4.9549656859999995 0.10677352708363722
4.9563169170000005 0.1004476119656635
4.957668148 0.09445775753218144
4.95901938 0.08881561840899248
4.960370611 0.0834693418380805
4.961721843 0.07846123369819188
4.9630730739999995 0.07378372501383154
4.964424306 0.06941336168457947
4.965775537000001 0.0653224581495011
4.967126769 0.06149153904743593
4.968478 0.05789437434223216
4.969829230999999 0.05458193699608197
4.971180463 0.05147634874797651
4.972531694000001 0.04858523692497395
4.973882926 0.045867622835696814
4.975234157 0.04331195146208431
4.976585389 0.04094181853402613
4.97793662 0.03871519061906966
4.979287852000001 0.03662779087400557
4.980639083 0.03465186453084072
4.981990314 0.03277661445215915
4.983341545999999 0.03101301503257283
4.984692777 0.029356123871154584
4.986044009 0.02777141140655135
4.98739524 0.026265053276058017
4.988746472 0.02480481356924223
4.990097703 0.023421017786871806
4.991448934 0.022105456903963924
4.992800166 0.020846987785043684
4.9941513969999995 0.019629669521028827
4.995502629 0.018452957473145754
4.99685386 0.01732484340303956
4.998205092 0.016245195233506836
4.999556323 0.015227773822483337
5.0009075549999995 0.014219423440522449
5.0022587860000005 0.013268249327542402
5.003610017 0.01234508710431081
5.004961249 0.011477188921113672
5.006312479999999 0.010659129723532003
5.007663711999999 0.009868208682432645
5.009014943 0.009129865810670977
5.010366175 0.008412243524903176
5.011717406 0.007746705552588807
5.013068637 0.007127679689184223
5.014419869 0.0065493924365727365
5.0157711 0.005995507525574314
5.017122332 0.005482870637677233
5.018473563 0.0050082830118956595
5.019824795000001 0.004577544244768023
5.021176026 0.004185157829769855
5.022527258 0.0038107504685949683
5.0238784889999994 0.003468165414833315
5.0252297200000005 0.00315948295425428
5.026580952000001 0.002880262679887963
5.027932183 0.002630407902724149
5.029283415 0.0023942619549923425
5.030634646 0.002171086493715005
5.031985878 0.001974680514542244
5.033337109 0.0017988551520368048
5.034688341 0.00164559823242788
5.036039572 0.0015058054225360416
5.037390803 0.0013641461690550435
5.038742035 0.0012381796709604958
5.0400932659999995 0.0011307650343569187
5.041444498 0.0010356533122055822
5.042795729000001 0.0009522913953374178
5.044146961 0.0008701568449972466
5.045498192 0.0007918938240880841
5.046849422999999 0.0007298839979294939
5.048200655 0.0006750201613749063
5.049551886000001 0.0006238707624582969
5.050903118 0.000574863616164453
5.052254349 0.0005209152510529097
5.053605581 0.00047654211223060333
5.054956812 0.00044436977018345777
5.056308044000001 0.00041380169703052823
5.057659275 0.0003848306423218138
5.059010506 0.00035168040718810343
5.060361737999999 0.0003187986821133491
5.061712969 0.00029914316416235697
5.063064201 0.0002822656487869461
5.064415432 0.00026391115906396185
5.065766664 0.00024566708368741646
5.067117895 0.00022459728865544912
5.068469126 0.00020912523892903004
5.069820358 0.00020103631718080373
5.0711715889999995 0.0001892632988713383
5.072522821 0.00017493623436435303
5.073874052 0.00015940609529776025
5.075225284 0.00014435884224040728
5.076576515 0.00014011905799342863
5.0779277469999995 0.00013761309151127634
5.0792789780000005 0.00012767136457970084
5.080630209 0.0001182495588571853
5.081981441 0.00010859460574311494
5.083332671999999 0.0001028675251116831
5.084683904 0.00010356989596621083
5.086035135 0.00010013179720498727
5.087386367 9.27655957521323e-05
5.088737598 8.663047017205646e-05
5.090088829 8.127606400468416e-05
5.091440061 8.146504825552511e-05
5.092791292 8.307906694625536e-05
5.094142524 7.535393508979171e-05
5.095493755000001 6.810293804441868e-05
5.096844987000001 6.315447268336368e-05
5.098196218 5.96892376562086e-05
5.09954745 5.9818656004722795e-05
