# Theoretical transmission filter for J-PLUS filter F378
# Date of creation: 2013-01-17
# Author: J. Varela
# 
# Requirements:
#    Central wavelength (Angstroms): 3785
#    W1 (Angstroms): 138
#    FWHM (Angstroms): 168
#    Transmission peak: 0.75
#
# Columns description:
#    wl: Wavelength in Angstroms
#    T: Transmission
#    T+CCD: Transmission Filter+CCD
#
# wl   T  T+CCD
3685.1 0.0000 0.0000
3685.2 0.0000 0.0000
3685.3 0.0000 0.0000
3685.4 0.0000 0.0000
3685.5 0.0000 0.0000
3685.6 0.0000 0.0000
3685.7 0.0000 0.0000
3685.8 0.0000 0.0000
3685.9 0.0000 0.0000
3686.0 0.0000 0.0000
3686.1 0.0025 0.0021
3686.2 0.0050 0.0041
3686.3 0.0075 0.0062
3686.4 0.0100 0.0082
3686.5 0.0125 0.0103
3686.6 0.0150 0.0124
3686.7 0.0175 0.0144
3686.8 0.0200 0.0165
3686.9 0.0225 0.0185
3687.0 0.0250 0.0206
3687.1 0.0275 0.0226
3687.2 0.0300 0.0247
3687.3 0.0325 0.0268
3687.4 0.0350 0.0288
3687.5 0.0375 0.0309
3687.6 0.0400 0.0330
3687.7 0.0425 0.0350
3687.8 0.0450 0.0371
3687.9 0.0475 0.0391
3688.0 0.0500 0.0412
3688.1 0.0525 0.0433
3688.2 0.0550 0.0453
3688.3 0.0575 0.0474
3688.4 0.0600 0.0494
3688.5 0.0625 0.0515
3688.6 0.0650 0.0536
3688.7 0.0675 0.0556
3688.8 0.0700 0.0577
3688.9 0.0725 0.0598
3689.0 0.0750 0.0618
3689.1 0.0775 0.0639
3689.2 0.0800 0.0659
3689.3 0.0825 0.0680
3689.4 0.0850 0.0701
3689.5 0.0875 0.0721
3689.6 0.0900 0.0742
3689.7 0.0925 0.0763
3689.8 0.0950 0.0783
3689.9 0.0975 0.0804
3690.0 0.1000 0.0825
3690.1 0.1025 0.0845
3690.2 0.1050 0.0866
3690.3 0.1075 0.0887
3690.4 0.1100 0.0907
3690.5 0.1125 0.0928
3690.6 0.1150 0.0949
3690.7 0.1175 0.0969
3690.8 0.1200 0.0990
3690.9 0.1225 0.1011
3691.0 0.1250 0.1031
3691.1 0.1275 0.1052
3691.2 0.1300 0.1073
3691.3 0.1325 0.1093
3691.4 0.1350 0.1114
3691.5 0.1375 0.1135
3691.6 0.1400 0.1155
3691.7 0.1425 0.1176
3691.8 0.1450 0.1197
3691.9 0.1475 0.1217
3692.0 0.1500 0.1238
3692.1 0.1525 0.1259
3692.2 0.1550 0.1279
3692.3 0.1575 0.1300
3692.4 0.1600 0.1321
3692.5 0.1625 0.1341
3692.6 0.1650 0.1362
3692.7 0.1675 0.1383
3692.8 0.1700 0.1403
3692.9 0.1725 0.1424
3693.0 0.1750 0.1445
3693.1 0.1775 0.1466
3693.2 0.1800 0.1486
3693.3 0.1825 0.1507
3693.4 0.1850 0.1528
3693.5 0.1875 0.1548
3693.6 0.1900 0.1569
3693.7 0.1925 0.1590
3693.8 0.1950 0.1610
3693.9 0.1975 0.1631
3694.0 0.2000 0.1652
3694.1 0.2025 0.1673
3694.2 0.2050 0.1693
3694.3 0.2075 0.1714
3694.4 0.2100 0.1735
3694.5 0.2125 0.1756
3694.6 0.2150 0.1776
3694.7 0.2175 0.1797
3694.8 0.2200 0.1818
3694.9 0.2225 0.1838
3695.0 0.2250 0.1859
3695.1 0.2275 0.1880
3695.2 0.2300 0.1901
3695.3 0.2325 0.1921
3695.4 0.2350 0.1942
3695.5 0.2375 0.1963
3695.6 0.2400 0.1984
3695.7 0.2425 0.2004
3695.8 0.2450 0.2025
3695.9 0.2475 0.2046
3696.0 0.2500 0.2067
3696.1 0.2525 0.2087
3696.2 0.2550 0.2108
3696.3 0.2575 0.2129
3696.4 0.2600 0.2150
3696.5 0.2625 0.2170
3696.6 0.2650 0.2191
3696.7 0.2675 0.2212
3696.8 0.2700 0.2233
3696.9 0.2725 0.2253
3697.0 0.2750 0.2274
3697.1 0.2775 0.2295
3697.2 0.2800 0.2316
3697.3 0.2825 0.2337
3697.4 0.2850 0.2357
3697.5 0.2875 0.2378
3697.6 0.2900 0.2399
3697.7 0.2925 0.2420
3697.8 0.2950 0.2440
3697.9 0.2975 0.2461
3698.0 0.3000 0.2482
3698.1 0.3025 0.2503
3698.2 0.3050 0.2524
3698.3 0.3075 0.2544
3698.4 0.3100 0.2565
3698.5 0.3125 0.2586
3698.6 0.3150 0.2607
3698.7 0.3175 0.2627
3698.8 0.3200 0.2648
3698.9 0.3225 0.2669
3699.0 0.3250 0.2690
3699.1 0.3275 0.2711
3699.2 0.3300 0.2732
3699.3 0.3325 0.2752
3699.4 0.3350 0.2773
3699.5 0.3375 0.2794
3699.6 0.3400 0.2815
3699.7 0.3425 0.2836
3699.8 0.3450 0.2856
3699.9 0.3475 0.2877
3700.0 0.3500 0.2898
3700.1 0.3525 0.2919
3700.2 0.3550 0.2940
3700.3 0.3575 0.2960
3700.4 0.3600 0.2981
3700.5 0.3625 0.3002
3700.6 0.3650 0.3023
3700.7 0.3675 0.3044
3700.8 0.3700 0.3065
3700.9 0.3725 0.3085
3701.0 0.3750 0.3106
3701.1 0.3775 0.3127
3701.2 0.3800 0.3148
3701.3 0.3825 0.3169
3701.4 0.3850 0.3190
3701.5 0.3875 0.3210
3701.6 0.3900 0.3231
3701.7 0.3925 0.3252
3701.8 0.3950 0.3273
3701.9 0.3975 0.3294
3702.0 0.4000 0.3315
3702.1 0.4025 0.3336
3702.2 0.4050 0.3356
3702.3 0.4075 0.3377
3702.4 0.4100 0.3398
3702.5 0.4125 0.3419
3702.6 0.4150 0.3440
3702.7 0.4175 0.3461
3702.8 0.4200 0.3482
3702.9 0.4225 0.3502
3703.0 0.4250 0.3523
3703.1 0.4275 0.3544
3703.2 0.4300 0.3565
3703.3 0.4325 0.3586
3703.4 0.4350 0.3607
3703.5 0.4375 0.3628
3703.6 0.4400 0.3649
3703.7 0.4425 0.3669
3703.8 0.4450 0.3690
3703.9 0.4475 0.3711
3704.0 0.4500 0.3732
3704.1 0.4525 0.3753
3704.2 0.4550 0.3774
3704.3 0.4575 0.3795
3704.4 0.4600 0.3816
3704.5 0.4625 0.3837
3704.6 0.4650 0.3857
3704.7 0.4675 0.3878
3704.8 0.4700 0.3899
3704.9 0.4725 0.3920
3705.0 0.4750 0.3941
3705.1 0.4775 0.3962
3705.2 0.4800 0.3983
3705.3 0.4825 0.4004
3705.4 0.4850 0.4025
3705.5 0.4875 0.4046
3705.6 0.4900 0.4067
3705.7 0.4925 0.4087
3705.8 0.4950 0.4108
3705.9 0.4975 0.4129
3706.0 0.5000 0.4150
3706.1 0.5025 0.4171
3706.2 0.5050 0.4192
3706.3 0.5075 0.4213
3706.4 0.5100 0.4234
3706.5 0.5125 0.4255
3706.6 0.5150 0.4276
3706.7 0.5175 0.4297
3706.8 0.5200 0.4318
3706.9 0.5225 0.4339
3707.0 0.5250 0.4359
3707.1 0.5275 0.4380
3707.2 0.5300 0.4401
3707.3 0.5325 0.4422
3707.4 0.5350 0.4443
3707.5 0.5375 0.4464
3707.6 0.5400 0.4485
3707.7 0.5425 0.4506
3707.8 0.5450 0.4527
3707.9 0.5475 0.4548
3708.0 0.5500 0.4569
3708.1 0.5525 0.4590
3708.2 0.5550 0.4611
3708.3 0.5575 0.4632
3708.4 0.5600 0.4653
3708.5 0.5625 0.4674
3708.6 0.5650 0.4695
3708.7 0.5675 0.4716
3708.8 0.5700 0.4737
3708.9 0.5725 0.4758
3709.0 0.5750 0.4779
3709.1 0.5775 0.4800
3709.2 0.5800 0.4821
3709.3 0.5825 0.4842
3709.4 0.5850 0.4862
3709.5 0.5875 0.4883
3709.6 0.5900 0.4904
3709.7 0.5925 0.4925
3709.8 0.5950 0.4946
3709.9 0.5975 0.4967
3710.0 0.6000 0.4988
3710.1 0.6025 0.5009
3710.2 0.6050 0.5030
3710.3 0.6075 0.5051
3710.4 0.6100 0.5072
3710.5 0.6125 0.5093
3710.6 0.6150 0.5114
3710.7 0.6175 0.5135
3710.8 0.6200 0.5156
3710.9 0.6225 0.5177
3711.0 0.6250 0.5198
3711.1 0.6275 0.5219
3711.2 0.6300 0.5240
3711.3 0.6325 0.5261
3711.4 0.6350 0.5282
3711.5 0.6375 0.5303
3711.6 0.6400 0.5324
3711.7 0.6425 0.5345
3711.8 0.6450 0.5366
3711.9 0.6475 0.5387
3712.0 0.6500 0.5409
3712.1 0.6525 0.5430
3712.2 0.6550 0.5451
3712.3 0.6575 0.5472
3712.4 0.6600 0.5493
3712.5 0.6625 0.5514
3712.6 0.6650 0.5535
3712.7 0.6675 0.5556
3712.8 0.6700 0.5577
3712.9 0.6725 0.5598
3713.0 0.6750 0.5619
3713.1 0.6775 0.5640
3713.2 0.6800 0.5661
3713.3 0.6825 0.5682
3713.4 0.6850 0.5703
3713.5 0.6875 0.5724
3713.6 0.6900 0.5745
3713.7 0.6925 0.5766
3713.8 0.6950 0.5787
3713.9 0.6975 0.5808
3714.0 0.7000 0.5829
3714.1 0.7025 0.5850
3714.2 0.7050 0.5871
3714.3 0.7075 0.5892
3714.4 0.7100 0.5914
3714.5 0.7125 0.5935
3714.6 0.7150 0.5956
3714.7 0.7175 0.5977
3714.8 0.7200 0.5998
3714.9 0.7225 0.6019
3715.0 0.7250 0.6040
3715.1 0.7275 0.6061
3715.2 0.7300 0.6082
3715.3 0.7325 0.6103
3715.4 0.7350 0.6124
3715.5 0.7375 0.6145
3715.6 0.7400 0.6166
3715.7 0.7425 0.6188
3715.8 0.7450 0.6209
3715.9 0.7475 0.6230
3716.0 0.7500 0.6251
3716.1 0.7500 0.6251
3716.2 0.7500 0.6251
3716.3 0.7500 0.6252
3716.4 0.7500 0.6252
3716.5 0.7500 0.6252
3716.6 0.7500 0.6252
3716.7 0.7500 0.6253
3716.8 0.7500 0.6253
3716.9 0.7500 0.6253
3717.0 0.7500 0.6253
3717.1 0.7500 0.6254
3717.2 0.7500 0.6254
3717.3 0.7500 0.6254
3717.4 0.7500 0.6254
3717.5 0.7500 0.6255
3717.6 0.7500 0.6255
3717.7 0.7500 0.6255
3717.8 0.7500 0.6255
3717.9 0.7500 0.6256
3718.0 0.7500 0.6256
3718.1 0.7500 0.6256
3718.2 0.7500 0.6256
3718.3 0.7500 0.6257
3718.4 0.7500 0.6257
3718.5 0.7500 0.6257
3718.6 0.7500 0.6257
3718.7 0.7500 0.6258
3718.8 0.7500 0.6258
3718.9 0.7500 0.6258
3719.0 0.7500 0.6258
3719.1 0.7500 0.6259
3719.2 0.7500 0.6259
3719.3 0.7500 0.6259
3719.4 0.7500 0.6259
3719.5 0.7500 0.6260
3719.6 0.7500 0.6260
3719.7 0.7500 0.6260
3719.8 0.7500 0.6260
3719.9 0.7500 0.6261
3720.0 0.7500 0.6261
3720.1 0.7500 0.6261
3720.2 0.7500 0.6262
3720.3 0.7500 0.6262
3720.4 0.7500 0.6262
3720.5 0.7500 0.6262
3720.6 0.7500 0.6263
3720.7 0.7500 0.6263
3720.8 0.7500 0.6263
3720.9 0.7500 0.6263
3721.0 0.7500 0.6264
3721.1 0.7500 0.6264
3721.2 0.7500 0.6264
3721.3 0.7500 0.6264
3721.4 0.7500 0.6265
3721.5 0.7500 0.6265
3721.6 0.7500 0.6265
3721.7 0.7500 0.6265
3721.8 0.7500 0.6266
3721.9 0.7500 0.6266
3722.0 0.7500 0.6266
3722.1 0.7500 0.6266
3722.2 0.7500 0.6267
3722.3 0.7500 0.6267
3722.4 0.7500 0.6267
3722.5 0.7500 0.6267
3722.6 0.7500 0.6268
3722.7 0.7500 0.6268
3722.8 0.7500 0.6268
3722.9 0.7500 0.6268
3723.0 0.7500 0.6269
3723.1 0.7500 0.6269
3723.2 0.7500 0.6269
3723.3 0.7500 0.6269
3723.4 0.7500 0.6270
3723.5 0.7500 0.6270
3723.6 0.7500 0.6270
3723.7 0.7500 0.6270
3723.8 0.7500 0.6271
3723.9 0.7500 0.6271
3724.0 0.7500 0.6271
3724.1 0.7500 0.6271
3724.2 0.7500 0.6272
3724.3 0.7500 0.6272
3724.4 0.7500 0.6272
3724.5 0.7500 0.6272
3724.6 0.7500 0.6273
3724.7 0.7500 0.6273
3724.8 0.7500 0.6273
3724.9 0.7500 0.6273
3725.0 0.7500 0.6274
3725.1 0.7500 0.6274
3725.2 0.7500 0.6274
3725.3 0.7500 0.6275
3725.4 0.7500 0.6275
3725.5 0.7500 0.6275
3725.6 0.7500 0.6275
3725.7 0.7500 0.6276
3725.8 0.7500 0.6276
3725.9 0.7500 0.6276
3726.0 0.7500 0.6276
3726.1 0.7500 0.6277
3726.2 0.7500 0.6277
3726.3 0.7500 0.6277
3726.4 0.7500 0.6277
3726.5 0.7500 0.6278
3726.6 0.7500 0.6278
3726.7 0.7500 0.6278
3726.8 0.7500 0.6278
3726.9 0.7500 0.6279
3727.0 0.7500 0.6279
3727.1 0.7500 0.6279
3727.2 0.7500 0.6279
3727.3 0.7500 0.6280
3727.4 0.7500 0.6280
3727.5 0.7500 0.6280
3727.6 0.7500 0.6280
3727.7 0.7500 0.6281
3727.8 0.7500 0.6281
3727.9 0.7500 0.6281
3728.0 0.7500 0.6281
3728.1 0.7500 0.6282
3728.2 0.7500 0.6282
3728.3 0.7500 0.6282
3728.4 0.7500 0.6282
3728.5 0.7500 0.6283
3728.6 0.7500 0.6283
3728.7 0.7500 0.6283
3728.8 0.7500 0.6283
3728.9 0.7500 0.6284
3729.0 0.7500 0.6284
3729.1 0.7500 0.6284
3729.2 0.7500 0.6284
3729.3 0.7500 0.6285
3729.4 0.7500 0.6285
3729.5 0.7500 0.6285
3729.6 0.7500 0.6285
3729.7 0.7500 0.6286
3729.8 0.7500 0.6286
3729.9 0.7500 0.6286
3730.0 0.7500 0.6286
3730.1 0.7500 0.6287
3730.2 0.7500 0.6287
3730.3 0.7500 0.6287
3730.4 0.7500 0.6288
3730.5 0.7500 0.6288
3730.6 0.7500 0.6288
3730.7 0.7500 0.6288
3730.8 0.7500 0.6289
3730.9 0.7500 0.6289
3731.0 0.7500 0.6289
3731.1 0.7500 0.6289
3731.2 0.7500 0.6290
3731.3 0.7500 0.6290
3731.4 0.7500 0.6290
3731.5 0.7500 0.6290
3731.6 0.7500 0.6291
3731.7 0.7500 0.6291
3731.8 0.7500 0.6291
3731.9 0.7500 0.6291
3732.0 0.7500 0.6292
3732.1 0.7500 0.6292
3732.2 0.7500 0.6292
3732.3 0.7500 0.6292
3732.4 0.7500 0.6293
3732.5 0.7500 0.6293
3732.6 0.7500 0.6293
3732.7 0.7500 0.6293
3732.8 0.7500 0.6294
3732.9 0.7500 0.6294
3733.0 0.7500 0.6294
3733.1 0.7500 0.6294
3733.2 0.7500 0.6295
3733.3 0.7500 0.6295
3733.4 0.7500 0.6295
3733.5 0.7500 0.6295
3733.6 0.7500 0.6296
3733.7 0.7500 0.6296
3733.8 0.7500 0.6296
3733.9 0.7500 0.6296
3734.0 0.7500 0.6297
3734.1 0.7500 0.6297
3734.2 0.7500 0.6297
3734.3 0.7500 0.6297
3734.4 0.7500 0.6298
3734.5 0.7500 0.6298
3734.6 0.7500 0.6298
3734.7 0.7500 0.6298
3734.8 0.7500 0.6299
3734.9 0.7500 0.6299
3735.0 0.7500 0.6299
3735.1 0.7500 0.6300
3735.2 0.7500 0.6300
3735.3 0.7500 0.6300
3735.4 0.7500 0.6300
3735.5 0.7500 0.6301
3735.6 0.7500 0.6301
3735.7 0.7500 0.6301
3735.8 0.7500 0.6301
3735.9 0.7500 0.6302
3736.0 0.7500 0.6302
3736.1 0.7500 0.6302
3736.2 0.7500 0.6302
3736.3 0.7500 0.6303
3736.4 0.7500 0.6303
3736.5 0.7500 0.6303
3736.6 0.7500 0.6303
3736.7 0.7500 0.6304
3736.8 0.7500 0.6304
3736.9 0.7500 0.6304
3737.0 0.7500 0.6304
3737.1 0.7500 0.6305
3737.2 0.7500 0.6305
3737.3 0.7500 0.6305
3737.4 0.7500 0.6305
3737.5 0.7500 0.6306
3737.6 0.7500 0.6306
3737.7 0.7500 0.6306
3737.8 0.7500 0.6306
3737.9 0.7500 0.6307
3738.0 0.7500 0.6307
3738.1 0.7500 0.6307
3738.2 0.7500 0.6307
3738.3 0.7500 0.6308
3738.4 0.7500 0.6308
3738.5 0.7500 0.6308
3738.6 0.7500 0.6308
3738.7 0.7500 0.6309
3738.8 0.7500 0.6309
3738.9 0.7500 0.6309
3739.0 0.7500 0.6309
3739.1 0.7500 0.6310
3739.2 0.7500 0.6310
3739.3 0.7500 0.6310
3739.4 0.7500 0.6310
3739.5 0.7500 0.6311
3739.6 0.7500 0.6311
3739.7 0.7500 0.6311
3739.8 0.7500 0.6311
3739.9 0.7500 0.6312
3740.0 0.7500 0.6312
3740.1 0.7500 0.6312
3740.2 0.7500 0.6313
3740.3 0.7500 0.6313
3740.4 0.7500 0.6313
3740.5 0.7500 0.6313
3740.6 0.7500 0.6314
3740.7 0.7500 0.6314
3740.8 0.7500 0.6314
3740.9 0.7500 0.6314
3741.0 0.7500 0.6315
3741.1 0.7500 0.6315
3741.2 0.7500 0.6315
3741.3 0.7500 0.6315
3741.4 0.7500 0.6316
3741.5 0.7500 0.6316
3741.6 0.7500 0.6316
3741.7 0.7500 0.6316
3741.8 0.7500 0.6317
3741.9 0.7500 0.6317
3742.0 0.7500 0.6317
3742.1 0.7500 0.6317
3742.2 0.7500 0.6318
3742.3 0.7500 0.6318
3742.4 0.7500 0.6318
3742.5 0.7500 0.6318
3742.6 0.7500 0.6319
3742.7 0.7500 0.6319
3742.8 0.7500 0.6319
3742.9 0.7500 0.6319
3743.0 0.7500 0.6320
3743.1 0.7500 0.6320
3743.2 0.7500 0.6320
3743.3 0.7500 0.6320
3743.4 0.7500 0.6321
3743.5 0.7500 0.6321
3743.6 0.7500 0.6321
3743.7 0.7500 0.6321
3743.8 0.7500 0.6322
3743.9 0.7500 0.6322
3744.0 0.7500 0.6322
3744.1 0.7500 0.6322
3744.2 0.7500 0.6323
3744.3 0.7500 0.6323
3744.4 0.7500 0.6323
3744.5 0.7500 0.6323
3744.6 0.7500 0.6324
3744.7 0.7500 0.6324
3744.8 0.7500 0.6324
3744.9 0.7500 0.6324
3745.0 0.7500 0.6325
3745.1 0.7500 0.6325
3745.2 0.7500 0.6325
3745.3 0.7500 0.6326
3745.4 0.7500 0.6326
3745.5 0.7500 0.6326
3745.6 0.7500 0.6326
3745.7 0.7500 0.6327
3745.8 0.7500 0.6327
3745.9 0.7500 0.6327
3746.0 0.7500 0.6327
3746.1 0.7500 0.6328
3746.2 0.7500 0.6328
3746.3 0.7500 0.6328
3746.4 0.7500 0.6328
3746.5 0.7500 0.6329
3746.6 0.7500 0.6329
3746.7 0.7500 0.6329
3746.8 0.7500 0.6329
3746.9 0.7500 0.6330
3747.0 0.7500 0.6330
3747.1 0.7500 0.6330
3747.2 0.7500 0.6330
3747.3 0.7500 0.6331
3747.4 0.7500 0.6331
3747.5 0.7500 0.6331
3747.6 0.7500 0.6331
3747.7 0.7500 0.6332
3747.8 0.7500 0.6332
3747.9 0.7500 0.6332
3748.0 0.7500 0.6332
3748.1 0.7500 0.6333
3748.2 0.7500 0.6333
3748.3 0.7500 0.6333
3748.4 0.7500 0.6333
3748.5 0.7500 0.6334
3748.6 0.7500 0.6334
3748.7 0.7500 0.6334
3748.8 0.7500 0.6334
3748.9 0.7500 0.6335
3749.0 0.7500 0.6335
3749.1 0.7500 0.6335
3749.2 0.7500 0.6335
3749.3 0.7500 0.6336
3749.4 0.7500 0.6336
3749.5 0.7500 0.6336
3749.6 0.7500 0.6336
3749.7 0.7500 0.6337
3749.8 0.7500 0.6337
3749.9 0.7500 0.6337
3750.0 0.7500 0.6337
3750.1 0.7500 0.6338
3750.2 0.7500 0.6338
3750.3 0.7500 0.6338
3750.4 0.7500 0.6339
3750.5 0.7500 0.6339
3750.6 0.7500 0.6339
3750.7 0.7500 0.6339
3750.8 0.7500 0.6340
3750.9 0.7500 0.6340
3751.0 0.7500 0.6340
3751.1 0.7500 0.6340
3751.2 0.7500 0.6341
3751.3 0.7500 0.6341
3751.4 0.7500 0.6341
3751.5 0.7500 0.6341
3751.6 0.7500 0.6342
3751.7 0.7500 0.6342
3751.8 0.7500 0.6342
3751.9 0.7500 0.6342
3752.0 0.7500 0.6343
3752.1 0.7500 0.6343
3752.2 0.7500 0.6343
3752.3 0.7500 0.6343
3752.4 0.7500 0.6344
3752.5 0.7500 0.6344
3752.6 0.7500 0.6344
3752.7 0.7500 0.6344
3752.8 0.7500 0.6345
3752.9 0.7500 0.6345
3753.0 0.7500 0.6345
3753.1 0.7500 0.6345
3753.2 0.7500 0.6346
3753.3 0.7500 0.6346
3753.4 0.7500 0.6346
3753.5 0.7500 0.6346
3753.6 0.7500 0.6347
3753.7 0.7500 0.6347
3753.8 0.7500 0.6347
3753.9 0.7500 0.6347
3754.0 0.7500 0.6348
3754.1 0.7500 0.6348
3754.2 0.7500 0.6348
3754.3 0.7500 0.6348
3754.4 0.7500 0.6349
3754.5 0.7500 0.6349
3754.6 0.7500 0.6349
3754.7 0.7500 0.6349
3754.8 0.7500 0.6350
3754.9 0.7500 0.6350
3755.0 0.7500 0.6350
3755.1 0.7500 0.6351
3755.2 0.7500 0.6351
3755.3 0.7500 0.6351
3755.4 0.7500 0.6351
3755.5 0.7500 0.6352
3755.6 0.7500 0.6352
3755.7 0.7500 0.6352
3755.8 0.7500 0.6352
3755.9 0.7500 0.6353
3756.0 0.7500 0.6353
3756.1 0.7500 0.6353
3756.2 0.7500 0.6353
3756.3 0.7500 0.6354
3756.4 0.7500 0.6354
3756.5 0.7500 0.6354
3756.6 0.7500 0.6354
3756.7 0.7500 0.6355
3756.8 0.7500 0.6355
3756.9 0.7500 0.6355
3757.0 0.7500 0.6355
3757.1 0.7500 0.6356
3757.2 0.7500 0.6356
3757.3 0.7500 0.6356
3757.4 0.7500 0.6356
3757.5 0.7500 0.6357
3757.6 0.7500 0.6357
3757.7 0.7500 0.6357
3757.8 0.7500 0.6357
3757.9 0.7500 0.6358
3758.0 0.7500 0.6358
3758.1 0.7500 0.6358
3758.2 0.7500 0.6358
3758.3 0.7500 0.6359
3758.4 0.7500 0.6359
3758.5 0.7500 0.6359
3758.6 0.7500 0.6359
3758.7 0.7500 0.6360
3758.8 0.7500 0.6360
3758.9 0.7500 0.6360
3759.0 0.7500 0.6360
3759.1 0.7500 0.6361
3759.2 0.7500 0.6361
3759.3 0.7500 0.6361
3759.4 0.7500 0.6361
3759.5 0.7500 0.6362
3759.6 0.7500 0.6362
3759.7 0.7500 0.6362
3759.8 0.7500 0.6362
3759.9 0.7500 0.6363
3760.0 0.7500 0.6363
3760.1 0.7500 0.6363
3760.2 0.7500 0.6364
3760.3 0.7500 0.6364
3760.4 0.7500 0.6364
3760.5 0.7500 0.6364
3760.6 0.7500 0.6365
3760.7 0.7500 0.6365
3760.8 0.7500 0.6365
3760.9 0.7500 0.6365
3761.0 0.7500 0.6366
3761.1 0.7500 0.6366
3761.2 0.7500 0.6366
3761.3 0.7500 0.6366
3761.4 0.7500 0.6367
3761.5 0.7500 0.6367
3761.6 0.7500 0.6367
3761.7 0.7500 0.6367
3761.8 0.7500 0.6368
3761.9 0.7500 0.6368
3762.0 0.7500 0.6368
3762.1 0.7500 0.6368
3762.2 0.7500 0.6369
3762.3 0.7500 0.6369
3762.4 0.7500 0.6369
3762.5 0.7500 0.6369
3762.6 0.7500 0.6370
3762.7 0.7500 0.6370
3762.8 0.7500 0.6370
3762.9 0.7500 0.6370
3763.0 0.7500 0.6371
3763.1 0.7500 0.6371
3763.2 0.7500 0.6371
3763.3 0.7500 0.6371
3763.4 0.7500 0.6372
3763.5 0.7500 0.6372
3763.6 0.7500 0.6372
3763.7 0.7500 0.6372
3763.8 0.7500 0.6373
3763.9 0.7500 0.6373
3764.0 0.7500 0.6373
3764.1 0.7500 0.6373
3764.2 0.7500 0.6374
3764.3 0.7500 0.6374
3764.4 0.7500 0.6374
3764.5 0.7500 0.6374
3764.6 0.7500 0.6375
3764.7 0.7500 0.6375
3764.8 0.7500 0.6375
3764.9 0.7500 0.6375
3765.0 0.7500 0.6376
3765.1 0.7500 0.6376
3765.2 0.7500 0.6376
3765.3 0.7500 0.6377
3765.4 0.7500 0.6377
3765.5 0.7500 0.6377
3765.6 0.7500 0.6377
3765.7 0.7500 0.6378
3765.8 0.7500 0.6378
3765.9 0.7500 0.6378
3766.0 0.7500 0.6378
3766.1 0.7500 0.6379
3766.2 0.7500 0.6379
3766.3 0.7500 0.6379
3766.4 0.7500 0.6379
3766.5 0.7500 0.6380
3766.6 0.7500 0.6380
3766.7 0.7500 0.6380
3766.8 0.7500 0.6380
3766.9 0.7500 0.6381
3767.0 0.7500 0.6381
3767.1 0.7500 0.6381
3767.2 0.7500 0.6381
3767.3 0.7500 0.6382
3767.4 0.7500 0.6382
3767.5 0.7500 0.6382
3767.6 0.7500 0.6382
3767.7 0.7500 0.6383
3767.8 0.7500 0.6383
3767.9 0.7500 0.6383
3768.0 0.7500 0.6383
3768.1 0.7500 0.6384
3768.2 0.7500 0.6384
3768.3 0.7500 0.6384
3768.4 0.7500 0.6384
3768.5 0.7500 0.6385
3768.6 0.7500 0.6385
3768.7 0.7500 0.6385
3768.8 0.7500 0.6385
3768.9 0.7500 0.6386
3769.0 0.7500 0.6386
3769.1 0.7500 0.6386
3769.2 0.7500 0.6386
3769.3 0.7500 0.6387
3769.4 0.7500 0.6387
3769.5 0.7500 0.6387
3769.6 0.7500 0.6387
3769.7 0.7500 0.6388
3769.8 0.7500 0.6388
3769.9 0.7500 0.6388
3770.0 0.7500 0.6388
3770.1 0.7500 0.6389
3770.2 0.7500 0.6389
3770.3 0.7500 0.6389
3770.4 0.7500 0.6390
3770.5 0.7500 0.6390
3770.6 0.7500 0.6390
3770.7 0.7500 0.6390
3770.8 0.7500 0.6391
3770.9 0.7500 0.6391
3771.0 0.7500 0.6391
3771.1 0.7500 0.6391
3771.2 0.7500 0.6392
3771.3 0.7500 0.6392
3771.4 0.7500 0.6392
3771.5 0.7500 0.6392
3771.6 0.7500 0.6393
3771.7 0.7500 0.6393
3771.8 0.7500 0.6393
3771.9 0.7500 0.6393
3772.0 0.7500 0.6394
3772.1 0.7500 0.6394
3772.2 0.7500 0.6394
3772.3 0.7500 0.6394
3772.4 0.7500 0.6395
3772.5 0.7500 0.6395
3772.6 0.7500 0.6395
3772.7 0.7500 0.6395
3772.8 0.7500 0.6396
3772.9 0.7500 0.6396
3773.0 0.7500 0.6396
3773.1 0.7500 0.6396
3773.2 0.7500 0.6397
3773.3 0.7500 0.6397
3773.4 0.7500 0.6397
3773.5 0.7500 0.6397
3773.6 0.7500 0.6398
3773.7 0.7500 0.6398
3773.8 0.7500 0.6398
3773.9 0.7500 0.6398
3774.0 0.7500 0.6399
3774.1 0.7500 0.6399
3774.2 0.7500 0.6399
3774.3 0.7500 0.6399
3774.4 0.7500 0.6400
3774.5 0.7500 0.6400
3774.6 0.7500 0.6400
3774.7 0.7500 0.6400
3774.8 0.7500 0.6401
3774.9 0.7500 0.6401
3775.0 0.7500 0.6401
3775.1 0.7500 0.6402
3775.2 0.7500 0.6402
3775.3 0.7500 0.6402
3775.4 0.7500 0.6402
3775.5 0.7500 0.6403
3775.6 0.7500 0.6403
3775.7 0.7500 0.6403
3775.8 0.7500 0.6403
3775.9 0.7500 0.6404
3776.0 0.7500 0.6404
3776.1 0.7500 0.6404
3776.2 0.7500 0.6404
3776.3 0.7500 0.6405
3776.4 0.7500 0.6405
3776.5 0.7500 0.6405
3776.6 0.7500 0.6405
3776.7 0.7500 0.6406
3776.8 0.7500 0.6406
3776.9 0.7500 0.6406
3777.0 0.7500 0.6406
3777.1 0.7500 0.6407
3777.2 0.7500 0.6407
3777.3 0.7500 0.6407
3777.4 0.7500 0.6407
3777.5 0.7500 0.6408
3777.6 0.7500 0.6408
3777.7 0.7500 0.6408
3777.8 0.7500 0.6408
3777.9 0.7500 0.6409
3778.0 0.7500 0.6409
3778.1 0.7500 0.6409
3778.2 0.7500 0.6409
3778.3 0.7500 0.6410
3778.4 0.7500 0.6410
3778.5 0.7500 0.6410
3778.6 0.7500 0.6410
3778.7 0.7500 0.6411
3778.8 0.7500 0.6411
3778.9 0.7500 0.6411
3779.0 0.7500 0.6411
3779.1 0.7500 0.6412
3779.2 0.7500 0.6412
3779.3 0.7500 0.6412
3779.4 0.7500 0.6412
3779.5 0.7500 0.6413
3779.6 0.7500 0.6413
3779.7 0.7500 0.6413
3779.8 0.7500 0.6413
3779.9 0.7500 0.6414
3780.0 0.7500 0.6414
3780.1 0.7500 0.6414
3780.2 0.7500 0.6415
3780.3 0.7500 0.6415
3780.4 0.7500 0.6415
3780.5 0.7500 0.6415
3780.6 0.7500 0.6416
3780.7 0.7500 0.6416
3780.8 0.7500 0.6416
3780.9 0.7500 0.6416
3781.0 0.7500 0.6417
3781.1 0.7500 0.6417
3781.2 0.7500 0.6417
3781.3 0.7500 0.6417
3781.4 0.7500 0.6418
3781.5 0.7500 0.6418
3781.6 0.7500 0.6418
3781.7 0.7500 0.6418
3781.8 0.7500 0.6419
3781.9 0.7500 0.6419
3782.0 0.7500 0.6419
3782.1 0.7500 0.6419
3782.2 0.7500 0.6420
3782.3 0.7500 0.6420
3782.4 0.7500 0.6420
3782.5 0.7500 0.6420
3782.6 0.7500 0.6421
3782.7 0.7500 0.6421
3782.8 0.7500 0.6421
3782.9 0.7500 0.6421
3783.0 0.7500 0.6422
3783.1 0.7500 0.6422
3783.2 0.7500 0.6422
3783.3 0.7500 0.6422
3783.4 0.7500 0.6423
3783.5 0.7500 0.6423
3783.6 0.7500 0.6423
3783.7 0.7500 0.6423
3783.8 0.7500 0.6424
3783.9 0.7500 0.6424
3784.0 0.7500 0.6424
3784.1 0.7500 0.6424
3784.2 0.7500 0.6425
3784.3 0.7500 0.6425
3784.4 0.7500 0.6425
3784.5 0.7500 0.6425
3784.6 0.7500 0.6426
3784.7 0.7500 0.6426
3784.8 0.7500 0.6426
3784.9 0.7500 0.6426
3785.0 0.7500 0.6427
3785.1 0.7500 0.6427
3785.2 0.7500 0.6427
3785.3 0.7500 0.6428
3785.4 0.7500 0.6428
3785.5 0.7500 0.6428
3785.6 0.7500 0.6428
3785.7 0.7500 0.6429
3785.8 0.7500 0.6429
3785.9 0.7500 0.6429
3786.0 0.7500 0.6429
3786.1 0.7500 0.6430
3786.2 0.7500 0.6430
3786.3 0.7500 0.6430
3786.4 0.7500 0.6430
3786.5 0.7500 0.6431
3786.6 0.7500 0.6431
3786.7 0.7500 0.6431
3786.8 0.7500 0.6431
3786.9 0.7500 0.6432
3787.0 0.7500 0.6432
3787.1 0.7500 0.6432
3787.2 0.7500 0.6432
3787.3 0.7500 0.6433
3787.4 0.7500 0.6433
3787.5 0.7500 0.6433
3787.6 0.7500 0.6433
3787.7 0.7500 0.6434
3787.8 0.7500 0.6434
3787.9 0.7500 0.6434
3788.0 0.7500 0.6434
3788.1 0.7500 0.6435
3788.2 0.7500 0.6435
3788.3 0.7500 0.6435
3788.4 0.7500 0.6435
3788.5 0.7500 0.6436
3788.6 0.7500 0.6436
3788.7 0.7500 0.6436
3788.8 0.7500 0.6436
3788.9 0.7500 0.6437
3789.0 0.7500 0.6437
3789.1 0.7500 0.6437
3789.2 0.7500 0.6437
3789.3 0.7500 0.6438
3789.4 0.7500 0.6438
3789.5 0.7500 0.6438
3789.6 0.7500 0.6438
3789.7 0.7500 0.6439
3789.8 0.7500 0.6439
3789.9 0.7500 0.6439
3790.0 0.7500 0.6439
3790.1 0.7500 0.6440
3790.2 0.7500 0.6440
3790.3 0.7500 0.6440
3790.4 0.7500 0.6441
3790.5 0.7500 0.6441
3790.6 0.7500 0.6441
3790.7 0.7500 0.6441
3790.8 0.7500 0.6442
3790.9 0.7500 0.6442
3791.0 0.7500 0.6442
3791.1 0.7500 0.6442
3791.2 0.7500 0.6443
3791.3 0.7500 0.6443
3791.4 0.7500 0.6443
3791.5 0.7500 0.6443
3791.6 0.7500 0.6444
3791.7 0.7500 0.6444
3791.8 0.7500 0.6444
3791.9 0.7500 0.6444
3792.0 0.7500 0.6445
3792.1 0.7500 0.6445
3792.2 0.7500 0.6445
3792.3 0.7500 0.6445
3792.4 0.7500 0.6446
3792.5 0.7500 0.6446
3792.6 0.7500 0.6446
3792.7 0.7500 0.6446
3792.8 0.7500 0.6447
3792.9 0.7500 0.6447
3793.0 0.7500 0.6447
3793.1 0.7500 0.6447
3793.2 0.7500 0.6448
3793.3 0.7500 0.6448
3793.4 0.7500 0.6448
3793.5 0.7500 0.6448
3793.6 0.7500 0.6449
3793.7 0.7500 0.6449
3793.8 0.7500 0.6449
3793.9 0.7500 0.6449
3794.0 0.7500 0.6450
3794.1 0.7500 0.6450
3794.2 0.7500 0.6450
3794.3 0.7500 0.6450
3794.4 0.7500 0.6451
3794.5 0.7500 0.6451
3794.6 0.7500 0.6451
3794.7 0.7500 0.6451
3794.8 0.7500 0.6452
3794.9 0.7500 0.6452
3795.0 0.7500 0.6452
3795.1 0.7500 0.6453
3795.2 0.7500 0.6453
3795.3 0.7500 0.6453
3795.4 0.7500 0.6453
3795.5 0.7500 0.6454
3795.6 0.7500 0.6454
3795.7 0.7500 0.6454
3795.8 0.7500 0.6454
3795.9 0.7500 0.6455
3796.0 0.7500 0.6455
3796.1 0.7500 0.6455
3796.2 0.7500 0.6455
3796.3 0.7500 0.6456
3796.4 0.7500 0.6456
3796.5 0.7500 0.6456
3796.6 0.7500 0.6456
3796.7 0.7500 0.6457
3796.8 0.7500 0.6457
3796.9 0.7500 0.6457
3797.0 0.7500 0.6457
3797.1 0.7500 0.6458
3797.2 0.7500 0.6458
3797.3 0.7500 0.6458
3797.4 0.7500 0.6458
3797.5 0.7500 0.6459
3797.6 0.7500 0.6459
3797.7 0.7500 0.6459
3797.8 0.7500 0.6459
3797.9 0.7500 0.6460
3798.0 0.7500 0.6460
3798.1 0.7500 0.6460
3798.2 0.7500 0.6460
3798.3 0.7500 0.6461
3798.4 0.7500 0.6461
3798.5 0.7500 0.6461
3798.6 0.7500 0.6461
3798.7 0.7500 0.6462
3798.8 0.7500 0.6462
3798.9 0.7500 0.6462
3799.0 0.7500 0.6462
3799.1 0.7500 0.6463
3799.2 0.7500 0.6463
3799.3 0.7500 0.6463
3799.4 0.7500 0.6463
3799.5 0.7500 0.6464
3799.6 0.7500 0.6464
3799.7 0.7500 0.6464
3799.8 0.7500 0.6464
3799.9 0.7500 0.6465
3800.0 0.7500 0.6465
3800.1 0.7500 0.6465
3800.2 0.7500 0.6466
3800.3 0.7500 0.6466
3800.4 0.7500 0.6466
3800.5 0.7500 0.6466
3800.6 0.7500 0.6467
3800.7 0.7500 0.6467
3800.8 0.7500 0.6467
3800.9 0.7500 0.6467
3801.0 0.7500 0.6468
3801.1 0.7500 0.6468
3801.2 0.7500 0.6468
3801.3 0.7500 0.6468
3801.4 0.7500 0.6469
3801.5 0.7500 0.6469
3801.6 0.7500 0.6469
3801.7 0.7500 0.6469
3801.8 0.7500 0.6470
3801.9 0.7500 0.6470
3802.0 0.7500 0.6470
3802.1 0.7500 0.6470
3802.2 0.7500 0.6471
3802.3 0.7500 0.6471
3802.4 0.7500 0.6471
3802.5 0.7500 0.6471
3802.6 0.7500 0.6472
3802.7 0.7500 0.6472
3802.8 0.7500 0.6472
3802.9 0.7500 0.6472
3803.0 0.7500 0.6473
3803.1 0.7500 0.6473
3803.2 0.7500 0.6473
3803.3 0.7500 0.6473
3803.4 0.7500 0.6474
3803.5 0.7500 0.6474
3803.6 0.7500 0.6474
3803.7 0.7500 0.6474
3803.8 0.7500 0.6475
3803.9 0.7500 0.6475
3804.0 0.7500 0.6475
3804.1 0.7500 0.6475
3804.2 0.7500 0.6476
3804.3 0.7500 0.6476
3804.4 0.7500 0.6476
3804.5 0.7500 0.6476
3804.6 0.7500 0.6477
3804.7 0.7500 0.6477
3804.8 0.7500 0.6477
3804.9 0.7500 0.6477
3805.0 0.7500 0.6478
3805.1 0.7500 0.6478
3805.2 0.7500 0.6478
3805.3 0.7500 0.6479
3805.4 0.7500 0.6479
3805.5 0.7500 0.6479
3805.6 0.7500 0.6479
3805.7 0.7500 0.6480
3805.8 0.7500 0.6480
3805.9 0.7500 0.6480
3806.0 0.7500 0.6480
3806.1 0.7500 0.6481
3806.2 0.7500 0.6481
3806.3 0.7500 0.6481
3806.4 0.7500 0.6481
3806.5 0.7500 0.6482
3806.6 0.7500 0.6482
3806.7 0.7500 0.6482
3806.8 0.7500 0.6482
3806.9 0.7500 0.6483
3807.0 0.7500 0.6483
3807.1 0.7500 0.6483
3807.2 0.7500 0.6483
3807.3 0.7500 0.6484
3807.4 0.7500 0.6484
3807.5 0.7500 0.6484
3807.6 0.7500 0.6484
3807.7 0.7500 0.6485
3807.8 0.7500 0.6485
3807.9 0.7500 0.6485
3808.0 0.7500 0.6485
3808.1 0.7500 0.6486
3808.2 0.7500 0.6486
3808.3 0.7500 0.6486
3808.4 0.7500 0.6486
3808.5 0.7500 0.6487
3808.6 0.7500 0.6487
3808.7 0.7500 0.6487
3808.8 0.7500 0.6487
3808.9 0.7500 0.6488
3809.0 0.7500 0.6488
3809.1 0.7500 0.6488
3809.2 0.7500 0.6488
3809.3 0.7500 0.6489
3809.4 0.7500 0.6489
3809.5 0.7500 0.6489
3809.6 0.7500 0.6489
3809.7 0.7500 0.6490
3809.8 0.7500 0.6490
3809.9 0.7500 0.6490
3810.0 0.7500 0.6490
3810.1 0.7500 0.6491
3810.2 0.7500 0.6491
3810.3 0.7500 0.6491
3810.4 0.7500 0.6492
3810.5 0.7500 0.6492
3810.6 0.7500 0.6492
3810.7 0.7500 0.6492
3810.8 0.7500 0.6493
3810.9 0.7500 0.6493
3811.0 0.7500 0.6493
3811.1 0.7500 0.6493
3811.2 0.7500 0.6494
3811.3 0.7500 0.6494
3811.4 0.7500 0.6494
3811.5 0.7500 0.6494
3811.6 0.7500 0.6495
3811.7 0.7500 0.6495
3811.8 0.7500 0.6495
3811.9 0.7500 0.6495
3812.0 0.7500 0.6496
3812.1 0.7500 0.6496
3812.2 0.7500 0.6496
3812.3 0.7500 0.6496
3812.4 0.7500 0.6497
3812.5 0.7500 0.6497
3812.6 0.7500 0.6497
3812.7 0.7500 0.6497
3812.8 0.7500 0.6498
3812.9 0.7500 0.6498
3813.0 0.7500 0.6498
3813.1 0.7500 0.6498
3813.2 0.7500 0.6499
3813.3 0.7500 0.6499
3813.4 0.7500 0.6499
3813.5 0.7500 0.6499
3813.6 0.7500 0.6500
3813.7 0.7500 0.6500
3813.8 0.7500 0.6500
3813.9 0.7500 0.6500
3814.0 0.7500 0.6501
3814.1 0.7500 0.6501
3814.2 0.7500 0.6501
3814.3 0.7500 0.6501
3814.4 0.7500 0.6502
3814.5 0.7500 0.6502
3814.6 0.7500 0.6502
3814.7 0.7500 0.6502
3814.8 0.7500 0.6503
3814.9 0.7500 0.6503
3815.0 0.7500 0.6503
3815.1 0.7500 0.6504
3815.2 0.7500 0.6504
3815.3 0.7500 0.6504
3815.4 0.7500 0.6504
3815.5 0.7500 0.6505
3815.6 0.7500 0.6505
3815.7 0.7500 0.6505
3815.8 0.7500 0.6505
3815.9 0.7500 0.6506
3816.0 0.7500 0.6506
3816.1 0.7500 0.6506
3816.2 0.7500 0.6506
3816.3 0.7500 0.6507
3816.4 0.7500 0.6507
3816.5 0.7500 0.6507
3816.6 0.7500 0.6507
3816.7 0.7500 0.6508
3816.8 0.7500 0.6508
3816.9 0.7500 0.6508
3817.0 0.7500 0.6508
3817.1 0.7500 0.6509
3817.2 0.7500 0.6509
3817.3 0.7500 0.6509
3817.4 0.7500 0.6509
3817.5 0.7500 0.6510
3817.6 0.7500 0.6510
3817.7 0.7500 0.6510
3817.8 0.7500 0.6510
3817.9 0.7500 0.6511
3818.0 0.7500 0.6511
3818.1 0.7500 0.6511
3818.2 0.7500 0.6511
3818.3 0.7500 0.6512
3818.4 0.7500 0.6512
3818.5 0.7500 0.6512
3818.6 0.7500 0.6512
3818.7 0.7500 0.6513
3818.8 0.7500 0.6513
3818.9 0.7500 0.6513
3819.0 0.7500 0.6513
3819.1 0.7500 0.6514
3819.2 0.7500 0.6514
3819.3 0.7500 0.6514
3819.4 0.7500 0.6514
3819.5 0.7500 0.6515
3819.6 0.7500 0.6515
3819.7 0.7500 0.6515
3819.8 0.7500 0.6515
3819.9 0.7500 0.6516
3820.0 0.7500 0.6516
3820.1 0.7500 0.6516
3820.2 0.7500 0.6517
3820.3 0.7500 0.6517
3820.4 0.7500 0.6517
3820.5 0.7500 0.6517
3820.6 0.7500 0.6518
3820.7 0.7500 0.6518
3820.8 0.7500 0.6518
3820.9 0.7500 0.6518
3821.0 0.7500 0.6519
3821.1 0.7500 0.6519
3821.2 0.7500 0.6519
3821.3 0.7500 0.6519
3821.4 0.7500 0.6520
3821.5 0.7500 0.6520
3821.6 0.7500 0.6520
3821.7 0.7500 0.6520
3821.8 0.7500 0.6521
3821.9 0.7500 0.6521
3822.0 0.7500 0.6521
3822.1 0.7500 0.6521
3822.2 0.7500 0.6522
3822.3 0.7500 0.6522
3822.4 0.7500 0.6522
3822.5 0.7500 0.6522
3822.6 0.7500 0.6523
3822.7 0.7500 0.6523
3822.8 0.7500 0.6523
3822.9 0.7500 0.6523
3823.0 0.7500 0.6524
3823.1 0.7500 0.6524
3823.2 0.7500 0.6524
3823.3 0.7500 0.6524
3823.4 0.7500 0.6525
3823.5 0.7500 0.6525
3823.6 0.7500 0.6525
3823.7 0.7500 0.6525
3823.8 0.7500 0.6526
3823.9 0.7500 0.6526
3824.0 0.7500 0.6526
3824.1 0.7500 0.6526
3824.2 0.7500 0.6527
3824.3 0.7500 0.6527
3824.4 0.7500 0.6527
3824.5 0.7500 0.6527
3824.6 0.7500 0.6528
3824.7 0.7500 0.6528
3824.8 0.7500 0.6528
3824.9 0.7500 0.6528
3825.0 0.7500 0.6529
3825.1 0.7500 0.6529
3825.2 0.7500 0.6529
3825.3 0.7500 0.6530
3825.4 0.7500 0.6530
3825.5 0.7500 0.6530
3825.6 0.7500 0.6530
3825.7 0.7500 0.6531
3825.8 0.7500 0.6531
3825.9 0.7500 0.6531
3826.0 0.7500 0.6531
3826.1 0.7500 0.6532
3826.2 0.7500 0.6532
3826.3 0.7500 0.6532
3826.4 0.7500 0.6532
3826.5 0.7500 0.6533
3826.6 0.7500 0.6533
3826.7 0.7500 0.6533
3826.8 0.7500 0.6533
3826.9 0.7500 0.6534
3827.0 0.7500 0.6534
3827.1 0.7500 0.6534
3827.2 0.7500 0.6534
3827.3 0.7500 0.6535
3827.4 0.7500 0.6535
3827.5 0.7500 0.6535
3827.6 0.7500 0.6535
3827.7 0.7500 0.6536
3827.8 0.7500 0.6536
3827.9 0.7500 0.6536
3828.0 0.7500 0.6536
3828.1 0.7500 0.6537
3828.2 0.7500 0.6537
3828.3 0.7500 0.6537
3828.4 0.7500 0.6537
3828.5 0.7500 0.6538
3828.6 0.7500 0.6538
3828.7 0.7500 0.6538
3828.8 0.7500 0.6538
3828.9 0.7500 0.6539
3829.0 0.7500 0.6539
3829.1 0.7500 0.6539
3829.2 0.7500 0.6539
3829.3 0.7500 0.6540
3829.4 0.7500 0.6540
3829.5 0.7500 0.6540
3829.6 0.7500 0.6540
3829.7 0.7500 0.6541
3829.8 0.7500 0.6541
3829.9 0.7500 0.6541
3830.0 0.7500 0.6541
3830.1 0.7500 0.6542
3830.2 0.7500 0.6542
3830.3 0.7500 0.6542
3830.4 0.7500 0.6543
3830.5 0.7500 0.6543
3830.6 0.7500 0.6543
3830.7 0.7500 0.6543
3830.8 0.7500 0.6544
3830.9 0.7500 0.6544
3831.0 0.7500 0.6544
3831.1 0.7500 0.6544
3831.2 0.7500 0.6545
3831.3 0.7500 0.6545
3831.4 0.7500 0.6545
3831.5 0.7500 0.6545
3831.6 0.7500 0.6546
3831.7 0.7500 0.6546
3831.8 0.7500 0.6546
3831.9 0.7500 0.6546
3832.0 0.7500 0.6547
3832.1 0.7500 0.6547
3832.2 0.7500 0.6547
3832.3 0.7500 0.6547
3832.4 0.7500 0.6548
3832.5 0.7500 0.6548
3832.6 0.7500 0.6548
3832.7 0.7500 0.6548
3832.8 0.7500 0.6549
3832.9 0.7500 0.6549
3833.0 0.7500 0.6549
3833.1 0.7500 0.6549
3833.2 0.7500 0.6550
3833.3 0.7500 0.6550
3833.4 0.7500 0.6550
3833.5 0.7500 0.6550
3833.6 0.7500 0.6551
3833.7 0.7500 0.6551
3833.8 0.7500 0.6551
3833.9 0.7500 0.6551
3834.0 0.7500 0.6552
3834.1 0.7500 0.6552
3834.2 0.7500 0.6552
3834.3 0.7500 0.6552
3834.4 0.7500 0.6553
3834.5 0.7500 0.6553
3834.6 0.7500 0.6553
3834.7 0.7500 0.6553
3834.8 0.7500 0.6554
3834.9 0.7500 0.6554
3835.0 0.7500 0.6554
3835.1 0.7500 0.6555
3835.2 0.7500 0.6555
3835.3 0.7500 0.6555
3835.4 0.7500 0.6555
3835.5 0.7500 0.6556
3835.6 0.7500 0.6556
3835.7 0.7500 0.6556
3835.8 0.7500 0.6556
3835.9 0.7500 0.6557
3836.0 0.7500 0.6557
3836.1 0.7500 0.6557
3836.2 0.7500 0.6557
3836.3 0.7500 0.6558
3836.4 0.7500 0.6558
3836.5 0.7500 0.6558
3836.6 0.7500 0.6558
3836.7 0.7500 0.6559
3836.8 0.7500 0.6559
3836.9 0.7500 0.6559
3837.0 0.7500 0.6559
3837.1 0.7500 0.6560
3837.2 0.7500 0.6560
3837.3 0.7500 0.6560
3837.4 0.7500 0.6560
3837.5 0.7500 0.6561
3837.6 0.7500 0.6561
3837.7 0.7500 0.6561
3837.8 0.7500 0.6561
3837.9 0.7500 0.6562
3838.0 0.7500 0.6562
3838.1 0.7500 0.6562
3838.2 0.7500 0.6562
3838.3 0.7500 0.6563
3838.4 0.7500 0.6563
3838.5 0.7500 0.6563
3838.6 0.7500 0.6563
3838.7 0.7500 0.6564
3838.8 0.7500 0.6564
3838.9 0.7500 0.6564
3839.0 0.7500 0.6564
3839.1 0.7500 0.6565
3839.2 0.7500 0.6565
3839.3 0.7500 0.6565
3839.4 0.7500 0.6565
3839.5 0.7500 0.6566
3839.6 0.7500 0.6566
3839.7 0.7500 0.6566
3839.8 0.7500 0.6566
3839.9 0.7500 0.6567
3840.0 0.7500 0.6567
3840.1 0.7500 0.6567
3840.2 0.7500 0.6568
3840.3 0.7500 0.6568
3840.4 0.7500 0.6568
3840.5 0.7500 0.6568
3840.6 0.7500 0.6569
3840.7 0.7500 0.6569
3840.8 0.7500 0.6569
3840.9 0.7500 0.6569
3841.0 0.7500 0.6570
3841.1 0.7500 0.6570
3841.2 0.7500 0.6570
3841.3 0.7500 0.6570
3841.4 0.7500 0.6571
3841.5 0.7500 0.6571
3841.6 0.7500 0.6571
3841.7 0.7500 0.6571
3841.8 0.7500 0.6572
3841.9 0.7500 0.6572
3842.0 0.7500 0.6572
3842.1 0.7500 0.6572
3842.2 0.7500 0.6573
3842.3 0.7500 0.6573
3842.4 0.7500 0.6573
3842.5 0.7500 0.6573
3842.6 0.7500 0.6574
3842.7 0.7500 0.6574
3842.8 0.7500 0.6574
3842.9 0.7500 0.6574
3843.0 0.7500 0.6575
3843.1 0.7500 0.6575
3843.2 0.7500 0.6575
3843.3 0.7500 0.6575
3843.4 0.7500 0.6576
3843.5 0.7500 0.6576
3843.6 0.7500 0.6576
3843.7 0.7500 0.6576
3843.8 0.7500 0.6577
3843.9 0.7500 0.6577
3844.0 0.7500 0.6577
3844.1 0.7500 0.6577
3844.2 0.7500 0.6578
3844.3 0.7500 0.6578
3844.4 0.7500 0.6578
3844.5 0.7500 0.6578
3844.6 0.7500 0.6579
3844.7 0.7500 0.6579
3844.8 0.7500 0.6579
3844.9 0.7500 0.6579
3845.0 0.7500 0.6580
3845.1 0.7500 0.6580
3845.2 0.7500 0.6580
3845.3 0.7500 0.6581
3845.4 0.7500 0.6581
3845.5 0.7500 0.6581
3845.6 0.7500 0.6581
3845.7 0.7500 0.6582
3845.8 0.7500 0.6582
3845.9 0.7500 0.6582
3846.0 0.7500 0.6582
3846.1 0.7500 0.6583
3846.2 0.7500 0.6583
3846.3 0.7500 0.6583
3846.4 0.7500 0.6583
3846.5 0.7500 0.6584
3846.6 0.7500 0.6584
3846.7 0.7500 0.6584
3846.8 0.7500 0.6584
3846.9 0.7500 0.6585
3847.0 0.7500 0.6585
3847.1 0.7500 0.6585
3847.2 0.7500 0.6585
3847.3 0.7500 0.6586
3847.4 0.7500 0.6586
3847.5 0.7500 0.6586
3847.6 0.7500 0.6586
3847.7 0.7500 0.6587
3847.8 0.7500 0.6587
3847.9 0.7500 0.6587
3848.0 0.7500 0.6587
3848.1 0.7500 0.6588
3848.2 0.7500 0.6588
3848.3 0.7500 0.6588
3848.4 0.7500 0.6588
3848.5 0.7500 0.6589
3848.6 0.7500 0.6589
3848.7 0.7500 0.6589
3848.8 0.7500 0.6589
3848.9 0.7500 0.6590
3849.0 0.7500 0.6590
3849.1 0.7500 0.6590
3849.2 0.7500 0.6590
3849.3 0.7500 0.6591
3849.4 0.7500 0.6591
3849.5 0.7500 0.6591
3849.6 0.7500 0.6591
3849.7 0.7500 0.6592
3849.8 0.7500 0.6592
3849.9 0.7500 0.6592
3850.0 0.7500 0.6592
3850.1 0.7500 0.6593
3850.2 0.7500 0.6593
3850.3 0.7500 0.6593
3850.4 0.7500 0.6594
3850.5 0.7500 0.6594
3850.6 0.7500 0.6594
3850.7 0.7500 0.6594
3850.8 0.7500 0.6595
3850.9 0.7500 0.6595
3851.0 0.7500 0.6595
3851.1 0.7500 0.6595
3851.2 0.7500 0.6596
3851.3 0.7500 0.6596
3851.4 0.7500 0.6596
3851.5 0.7500 0.6596
3851.6 0.7500 0.6597
3851.7 0.7500 0.6597
3851.8 0.7500 0.6597
3851.9 0.7500 0.6597
3852.0 0.7500 0.6598
3852.1 0.7500 0.6598
3852.2 0.7500 0.6598
3852.3 0.7500 0.6598
3852.4 0.7500 0.6599
3852.5 0.7500 0.6599
3852.6 0.7500 0.6599
3852.7 0.7500 0.6599
3852.8 0.7500 0.6600
3852.9 0.7500 0.6600
3853.0 0.7500 0.6600
3853.1 0.7500 0.6600
3853.2 0.7500 0.6601
3853.3 0.7500 0.6601
3853.4 0.7500 0.6601
3853.5 0.7500 0.6601
3853.6 0.7500 0.6602
3853.7 0.7500 0.6602
3853.8 0.7500 0.6602
3853.9 0.7500 0.6602
3854.0 0.7500 0.6603
3854.1 0.7475 0.6581
3854.2 0.7450 0.6559
3854.3 0.7425 0.6537
3854.4 0.7400 0.6516
3854.5 0.7375 0.6494
3854.6 0.7350 0.6472
3854.7 0.7325 0.6450
3854.8 0.7300 0.6429
3854.9 0.7275 0.6407
3855.0 0.7250 0.6385
3855.1 0.7225 0.6363
3855.2 0.7200 0.6342
3855.3 0.7175 0.6320
3855.4 0.7150 0.6298
3855.5 0.7125 0.6276
3855.6 0.7100 0.6254
3855.7 0.7075 0.6233
3855.8 0.7050 0.6211
3855.9 0.7025 0.6189
3856.0 0.7000 0.6167
3856.1 0.6975 0.6145
3856.2 0.6950 0.6124
3856.3 0.6925 0.6102
3856.4 0.6900 0.6080
3856.5 0.6875 0.6058
3856.6 0.6850 0.6037
3856.7 0.6825 0.6015
3856.8 0.6800 0.5993
3856.9 0.6775 0.5971
3857.0 0.6750 0.5949
3857.1 0.6725 0.5928
3857.2 0.6700 0.5906
3857.3 0.6675 0.5884
3857.4 0.6650 0.5862
3857.5 0.6625 0.5840
3857.6 0.6600 0.5818
3857.7 0.6575 0.5797
3857.8 0.6550 0.5775
3857.9 0.6525 0.5753
3858.0 0.6500 0.5731
3858.1 0.6475 0.5709
3858.2 0.6450 0.5688
3858.3 0.6425 0.5666
3858.4 0.6400 0.5644
3858.5 0.6375 0.5622
3858.6 0.6350 0.5600
3858.7 0.6325 0.5578
3858.8 0.6300 0.5557
3858.9 0.6275 0.5535
3859.0 0.6250 0.5513
3859.1 0.6225 0.5491
3859.2 0.6200 0.5469
3859.3 0.6175 0.5447
3859.4 0.6150 0.5426
3859.5 0.6125 0.5404
3859.6 0.6100 0.5382
3859.7 0.6075 0.5360
3859.8 0.6050 0.5338
3859.9 0.6025 0.5316
3860.0 0.6000 0.5294
3860.1 0.5975 0.5273
3860.2 0.5950 0.5251
3860.3 0.5925 0.5229
3860.4 0.5900 0.5207
3860.5 0.5875 0.5185
3860.6 0.5850 0.5163
3860.7 0.5825 0.5141
3860.8 0.5800 0.5119
3860.9 0.5775 0.5098
3861.0 0.5750 0.5076
3861.1 0.5725 0.5054
3861.2 0.5700 0.5032
3861.3 0.5675 0.5010
3861.4 0.5650 0.4988
3861.5 0.5625 0.4966
3861.6 0.5600 0.4944
3861.7 0.5575 0.4923
3861.8 0.5550 0.4901
3861.9 0.5525 0.4879
3862.0 0.5500 0.4857
3862.1 0.5475 0.4835
3862.2 0.5450 0.4813
3862.3 0.5425 0.4791
3862.4 0.5400 0.4769
3862.5 0.5375 0.4747
3862.6 0.5350 0.4726
3862.7 0.5325 0.4704
3862.8 0.5300 0.4682
3862.9 0.5275 0.4660
3863.0 0.5250 0.4638
3863.1 0.5225 0.4616
3863.2 0.5200 0.4594
3863.3 0.5175 0.4572
3863.4 0.5150 0.4550
3863.5 0.5125 0.4528
3863.6 0.5100 0.4506
3863.7 0.5075 0.4485
3863.8 0.5050 0.4463
3863.9 0.5025 0.4441
3864.0 0.5000 0.4419
3864.1 0.4975 0.4397
3864.2 0.4950 0.4375
3864.3 0.4925 0.4353
3864.4 0.4900 0.4331
3864.5 0.4875 0.4309
3864.6 0.4850 0.4287
3864.7 0.4825 0.4265
3864.8 0.4800 0.4243
3864.9 0.4775 0.4221
3865.0 0.4750 0.4199
3865.1 0.4725 0.4178
3865.2 0.4700 0.4156
3865.3 0.4675 0.4134
3865.4 0.4650 0.4112
3865.5 0.4625 0.4090
3865.6 0.4600 0.4068
3865.7 0.4575 0.4046
3865.8 0.4550 0.4024
3865.9 0.4525 0.4002
3866.0 0.4500 0.3980
3866.1 0.4475 0.3958
3866.2 0.4450 0.3936
3866.3 0.4425 0.3914
3866.4 0.4400 0.3892
3866.5 0.4375 0.3870
3866.6 0.4350 0.3848
3866.7 0.4325 0.3826
3866.8 0.4300 0.3804
3866.9 0.4275 0.3782
3867.0 0.4250 0.3760
3867.1 0.4225 0.3738
3867.2 0.4200 0.3716
3867.3 0.4175 0.3694
3867.4 0.4150 0.3672
3867.5 0.4125 0.3650
3867.6 0.4100 0.3628
3867.7 0.4075 0.3606
3867.8 0.4050 0.3584
3867.9 0.4025 0.3562
3868.0 0.4000 0.3540
3868.1 0.3975 0.3518
3868.2 0.3950 0.3496
3868.3 0.3925 0.3474
3868.4 0.3900 0.3452
3868.5 0.3875 0.3430
3868.6 0.3850 0.3408
3868.7 0.3825 0.3386
3868.8 0.3800 0.3364
3868.9 0.3775 0.3342
3869.0 0.3750 0.3320
3869.1 0.3725 0.3298
3869.2 0.3700 0.3276
3869.3 0.3675 0.3254
3869.4 0.3650 0.3232
3869.5 0.3625 0.3210
3869.6 0.3600 0.3188
3869.7 0.3575 0.3166
3869.8 0.3550 0.3144
3869.9 0.3525 0.3122
3870.0 0.3500 0.3100
3870.1 0.3475 0.3078
3870.2 0.3450 0.3056
3870.3 0.3425 0.3034
3870.4 0.3400 0.3012
3870.5 0.3375 0.2990
3870.6 0.3350 0.2968
3870.7 0.3325 0.2946
3870.8 0.3300 0.2924
3870.9 0.3275 0.2902
3871.0 0.3250 0.2880
3871.1 0.3225 0.2858
3871.2 0.3200 0.2836
3871.3 0.3175 0.2814
3871.4 0.3150 0.2792
3871.5 0.3125 0.2770
3871.6 0.3100 0.2748
3871.7 0.3075 0.2726
3871.8 0.3050 0.2704
3871.9 0.3025 0.2681
3872.0 0.3000 0.2659
3872.1 0.2975 0.2637
3872.2 0.2950 0.2615
3872.3 0.2925 0.2593
3872.4 0.2900 0.2571
3872.5 0.2875 0.2549
3872.6 0.2850 0.2527
3872.7 0.2825 0.2505
3872.8 0.2800 0.2483
3872.9 0.2775 0.2461
3873.0 0.2750 0.2439
3873.1 0.2725 0.2417
3873.2 0.2700 0.2395
3873.3 0.2675 0.2373
3873.4 0.2650 0.2350
3873.5 0.2625 0.2328
3873.6 0.2600 0.2306
3873.7 0.2575 0.2284
3873.8 0.2550 0.2262
3873.9 0.2525 0.2240
3874.0 0.2500 0.2218
3874.1 0.2475 0.2196
3874.2 0.2450 0.2174
3874.3 0.2425 0.2152
3874.4 0.2400 0.2130
3874.5 0.2375 0.2107
3874.6 0.2350 0.2085
3874.7 0.2325 0.2063
3874.8 0.2300 0.2041
3874.9 0.2275 0.2019
3875.0 0.2250 0.1997
3875.1 0.2225 0.1975
3875.2 0.2200 0.1953
3875.3 0.2175 0.1931
3875.4 0.2150 0.1908
3875.5 0.2125 0.1886
3875.6 0.2100 0.1864
3875.7 0.2075 0.1842
3875.8 0.2050 0.1820
3875.9 0.2025 0.1798
3876.0 0.2000 0.1776
3876.1 0.1975 0.1754
3876.2 0.1950 0.1731
3876.3 0.1925 0.1709
3876.4 0.1900 0.1687
3876.5 0.1875 0.1665
3876.6 0.1850 0.1643
3876.7 0.1825 0.1621
3876.8 0.1800 0.1599
3876.9 0.1775 0.1576
3877.0 0.1750 0.1554
3877.1 0.1725 0.1532
3877.2 0.1700 0.1510
3877.3 0.1675 0.1488
3877.4 0.1650 0.1466
3877.5 0.1625 0.1444
3877.6 0.1600 0.1421
3877.7 0.1575 0.1399
3877.8 0.1550 0.1377
3877.9 0.1525 0.1355
3878.0 0.1500 0.1333
3878.1 0.1475 0.1311
3878.2 0.1450 0.1288
3878.3 0.1425 0.1266
3878.4 0.1400 0.1244
3878.5 0.1375 0.1222
3878.6 0.1350 0.1200
3878.7 0.1325 0.1178
3878.8 0.1300 0.1155
3878.9 0.1275 0.1133
3879.0 0.1250 0.1111
3879.1 0.1225 0.1089
3879.2 0.1200 0.1067
3879.3 0.1175 0.1045
3879.4 0.1150 0.1022
3879.5 0.1125 0.1000
3879.6 0.1100 0.0978
3879.7 0.1075 0.0956
3879.8 0.1050 0.0934
3879.9 0.1025 0.0911
3880.0 0.1000 0.0889
3880.1 0.0975 0.0867
3880.2 0.0950 0.0845
3880.3 0.0925 0.0823
3880.4 0.0900 0.0800
3880.5 0.0875 0.0778
3880.6 0.0850 0.0756
3880.7 0.0825 0.0734
3880.8 0.0800 0.0712
3880.9 0.0775 0.0689
3881.0 0.0750 0.0667
3881.1 0.0725 0.0645
3881.2 0.0700 0.0623
3881.3 0.0675 0.0601
3881.4 0.0650 0.0578
3881.5 0.0625 0.0556
3881.6 0.0600 0.0534
3881.7 0.0575 0.0512
3881.8 0.0550 0.0489
3881.9 0.0525 0.0467
3882.0 0.0500 0.0445
3882.1 0.0475 0.0423
3882.2 0.0450 0.0400
3882.3 0.0425 0.0378
3882.4 0.0400 0.0356
3882.5 0.0375 0.0334
3882.6 0.0350 0.0312
3882.7 0.0325 0.0289
3882.8 0.0300 0.0267
3882.9 0.0275 0.0245
3883.0 0.0250 0.0223
3883.1 0.0225 0.0200
3883.2 0.0200 0.0178
3883.3 0.0175 0.0156
3883.4 0.0150 0.0134
3883.5 0.0125 0.0111
3883.6 0.0100 0.0089
3883.7 0.0075 0.0067
3883.8 0.0050 0.0045
3883.9 0.0025 0.0022
3884.0 0.0000 0.0000
3884.1 0.0000 0.0000
3884.2 0.0000 0.0000
3884.3 0.0000 0.0000
3884.4 0.0000 0.0000
3884.5 0.0000 0.0000
3884.6 0.0000 0.0000
3884.7 0.0000 0.0000
3884.8 0.0000 0.0000
3884.9 0.0000 0.0000
