# Theoretical transmission filter for J-PLUS filter F395
# Date of creation: 2013-01-17
# Author: J. Varela
# 
# Requirements:
#    Central wavelength (Angstroms): 3950
#    W1 (Angstroms): 70
#    FWHM (Angstroms): 100
#    Transmission peak: 0.75
#
# Columns description:
#    wl: Wavelength in Angstroms
#    T: Transmission
#    T+CCD: Transmission Filter+CCD
#
# wl   T  T+CCD
3884.1 0.0000 0.0000
3884.2 0.0000 0.0000
3884.3 0.0000 0.0000
3884.4 0.0000 0.0000
3884.5 0.0000 0.0000
3884.6 0.0000 0.0000
3884.7 0.0000 0.0000
3884.8 0.0000 0.0000
3884.9 0.0000 0.0000
3885.0 0.0000 0.0000
3885.1 0.0025 0.0022
3885.2 0.0050 0.0045
3885.3 0.0075 0.0067
3885.4 0.0100 0.0089
3885.5 0.0125 0.0111
3885.6 0.0150 0.0134
3885.7 0.0175 0.0156
3885.8 0.0200 0.0178
3885.9 0.0225 0.0201
3886.0 0.0250 0.0223
3886.1 0.0275 0.0245
3886.2 0.0300 0.0267
3886.3 0.0325 0.0290
3886.4 0.0350 0.0312
3886.5 0.0375 0.0334
3886.6 0.0400 0.0357
3886.7 0.0425 0.0379
3886.8 0.0450 0.0401
3886.9 0.0475 0.0423
3887.0 0.0500 0.0446
3887.1 0.0525 0.0468
3887.2 0.0550 0.0490
3887.3 0.0575 0.0513
3887.4 0.0600 0.0535
3887.5 0.0625 0.0557
3887.6 0.0650 0.0580
3887.7 0.0675 0.0602
3887.8 0.0700 0.0624
3887.9 0.0725 0.0647
3888.0 0.0750 0.0669
3888.1 0.0775 0.0691
3888.2 0.0800 0.0714
3888.3 0.0825 0.0736
3888.4 0.0850 0.0758
3888.5 0.0875 0.0781
3888.6 0.0900 0.0803
3888.7 0.0925 0.0825
3888.8 0.0950 0.0848
3888.9 0.0975 0.0870
3889.0 0.1000 0.0892
3889.1 0.1025 0.0915
3889.2 0.1050 0.0937
3889.3 0.1075 0.0959
3889.4 0.1100 0.0982
3889.5 0.1125 0.1004
3889.6 0.1150 0.1026
3889.7 0.1175 0.1049
3889.8 0.1200 0.1071
3889.9 0.1225 0.1093
3890.0 0.1250 0.1116
3890.1 0.1275 0.1138
3890.2 0.1300 0.1160
3890.3 0.1325 0.1183
3890.4 0.1350 0.1205
3890.5 0.1375 0.1228
3890.6 0.1400 0.1250
3890.7 0.1425 0.1272
3890.8 0.1450 0.1295
3890.9 0.1475 0.1317
3891.0 0.1500 0.1339
3891.1 0.1525 0.1362
3891.2 0.1550 0.1384
3891.3 0.1575 0.1407
3891.4 0.1600 0.1429
3891.5 0.1625 0.1451
3891.6 0.1650 0.1474
3891.7 0.1675 0.1496
3891.8 0.1700 0.1518
3891.9 0.1725 0.1541
3892.0 0.1750 0.1563
3892.1 0.1775 0.1586
3892.2 0.1800 0.1608
3892.3 0.1825 0.1630
3892.4 0.1850 0.1653
3892.5 0.1875 0.1675
3892.6 0.1900 0.1698
3892.7 0.1925 0.1720
3892.8 0.1950 0.1742
3892.9 0.1975 0.1765
3893.0 0.2000 0.1787
3893.1 0.2025 0.1810
3893.2 0.2050 0.1832
3893.3 0.2075 0.1854
3893.4 0.2100 0.1877
3893.5 0.2125 0.1899
3893.6 0.2150 0.1922
3893.7 0.2175 0.1944
3893.8 0.2200 0.1967
3893.9 0.2225 0.1989
3894.0 0.2250 0.2011
3894.1 0.2275 0.2034
3894.2 0.2300 0.2056
3894.3 0.2325 0.2079
3894.4 0.2350 0.2101
3894.5 0.2375 0.2124
3894.6 0.2400 0.2146
3894.7 0.2425 0.2168
3894.8 0.2450 0.2191
3894.9 0.2475 0.2213
3895.0 0.2500 0.2236
3895.1 0.2525 0.2258
3895.2 0.2550 0.2281
3895.3 0.2575 0.2303
3895.4 0.2600 0.2326
3895.5 0.2625 0.2348
3895.6 0.2650 0.2370
3895.7 0.2675 0.2393
3895.8 0.2700 0.2415
3895.9 0.2725 0.2438
3896.0 0.2750 0.2460
3896.1 0.2775 0.2483
3896.2 0.2800 0.2505
3896.3 0.2825 0.2528
3896.4 0.2850 0.2550
3896.5 0.2875 0.2573
3896.6 0.2900 0.2595
3896.7 0.2925 0.2618
3896.8 0.2950 0.2640
3896.9 0.2975 0.2662
3897.0 0.3000 0.2685
3897.1 0.3025 0.2707
3897.2 0.3050 0.2730
3897.3 0.3075 0.2752
3897.4 0.3100 0.2775
3897.5 0.3125 0.2797
3897.6 0.3150 0.2820
3897.7 0.3175 0.2842
3897.8 0.3200 0.2865
3897.9 0.3225 0.2887
3898.0 0.3250 0.2910
3898.1 0.3275 0.2932
3898.2 0.3300 0.2955
3898.3 0.3325 0.2977
3898.4 0.3350 0.3000
3898.5 0.3375 0.3022
3898.6 0.3400 0.3045
3898.7 0.3425 0.3067
3898.8 0.3450 0.3090
3898.9 0.3475 0.3112
3899.0 0.3500 0.3135
3899.1 0.3525 0.3157
3899.2 0.3550 0.3180
3899.3 0.3575 0.3202
3899.4 0.3600 0.3225
3899.5 0.3625 0.3247
3899.6 0.3650 0.3270
3899.7 0.3675 0.3292
3899.8 0.3700 0.3315
3899.9 0.3725 0.3337
3900.0 0.3750 0.3360
3900.1 0.3775 0.3383
3900.2 0.3800 0.3405
3900.3 0.3825 0.3428
3900.4 0.3850 0.3450
3900.5 0.3875 0.3473
3900.6 0.3900 0.3495
3900.7 0.3925 0.3518
3900.8 0.3950 0.3540
3900.9 0.3975 0.3563
3901.0 0.4000 0.3585
3901.1 0.4025 0.3608
3901.2 0.4050 0.3630
3901.3 0.4075 0.3653
3901.4 0.4100 0.3676
3901.5 0.4125 0.3698
3901.6 0.4150 0.3721
3901.7 0.4175 0.3743
3901.8 0.4200 0.3766
3901.9 0.4225 0.3788
3902.0 0.4250 0.3811
3902.1 0.4275 0.3833
3902.2 0.4300 0.3856
3902.3 0.4325 0.3879
3902.4 0.4350 0.3901
3902.5 0.4375 0.3924
3902.6 0.4400 0.3946
3902.7 0.4425 0.3969
3902.8 0.4450 0.3991
3902.9 0.4475 0.4014
3903.0 0.4500 0.4037
3903.1 0.4525 0.4059
3903.2 0.4550 0.4082
3903.3 0.4575 0.4104
3903.4 0.4600 0.4127
3903.5 0.4625 0.4150
3903.6 0.4650 0.4172
3903.7 0.4675 0.4195
3903.8 0.4700 0.4217
3903.9 0.4725 0.4240
3904.0 0.4750 0.4262
3904.1 0.4775 0.4285
3904.2 0.4800 0.4308
3904.3 0.4825 0.4330
3904.4 0.4850 0.4353
3904.5 0.4875 0.4375
3904.6 0.4900 0.4398
3904.7 0.4925 0.4421
3904.8 0.4950 0.4443
3904.9 0.4975 0.4466
3905.0 0.5000 0.4488
3905.1 0.5025 0.4511
3905.2 0.5050 0.4534
3905.3 0.5075 0.4556
3905.4 0.5100 0.4579
3905.5 0.5125 0.4602
3905.6 0.5150 0.4624
3905.7 0.5175 0.4647
3905.8 0.5200 0.4669
3905.9 0.5225 0.4692
3906.0 0.5250 0.4715
3906.1 0.5275 0.4737
3906.2 0.5300 0.4760
3906.3 0.5325 0.4783
3906.4 0.5350 0.4805
3906.5 0.5375 0.4828
3906.6 0.5400 0.4851
3906.7 0.5425 0.4873
3906.8 0.5450 0.4896
3906.9 0.5475 0.4918
3907.0 0.5500 0.4941
3907.1 0.5525 0.4964
3907.2 0.5550 0.4986
3907.3 0.5575 0.5009
3907.4 0.5600 0.5032
3907.5 0.5625 0.5054
3907.6 0.5650 0.5077
3907.7 0.5675 0.5100
3907.8 0.5700 0.5122
3907.9 0.5725 0.5145
3908.0 0.5750 0.5168
3908.1 0.5775 0.5190
3908.2 0.5800 0.5213
3908.3 0.5825 0.5236
3908.4 0.5850 0.5258
3908.5 0.5875 0.5281
3908.6 0.5900 0.5304
3908.7 0.5925 0.5326
3908.8 0.5950 0.5349
3908.9 0.5975 0.5372
3909.0 0.6000 0.5394
3909.1 0.6025 0.5417
3909.2 0.6050 0.5440
3909.3 0.6075 0.5462
3909.4 0.6100 0.5485
3909.5 0.6125 0.5508
3909.6 0.6150 0.5530
3909.7 0.6175 0.5553
3909.8 0.6200 0.5576
3909.9 0.6225 0.5599
3910.0 0.6250 0.5621
3910.1 0.6275 0.5644
3910.2 0.6300 0.5667
3910.3 0.6325 0.5689
3910.4 0.6350 0.5712
3910.5 0.6375 0.5735
3910.6 0.6400 0.5757
3910.7 0.6425 0.5780
3910.8 0.6450 0.5803
3910.9 0.6475 0.5826
3911.0 0.6500 0.5848
3911.1 0.6525 0.5871
3911.2 0.6550 0.5894
3911.3 0.6575 0.5916
3911.4 0.6600 0.5939
3911.5 0.6625 0.5962
3911.6 0.6650 0.5985
3911.7 0.6675 0.6007
3911.8 0.6700 0.6030
3911.9 0.6725 0.6053
3912.0 0.6750 0.6076
3912.1 0.6775 0.6098
3912.2 0.6800 0.6121
3912.3 0.6825 0.6144
3912.4 0.6850 0.6166
3912.5 0.6875 0.6189
3912.6 0.6900 0.6212
3912.7 0.6925 0.6235
3912.8 0.6950 0.6257
3912.9 0.6975 0.6280
3913.0 0.7000 0.6303
3913.1 0.7025 0.6326
3913.2 0.7050 0.6348
3913.3 0.7075 0.6371
3913.4 0.7100 0.6394
3913.5 0.7125 0.6417
3913.6 0.7150 0.6439
3913.7 0.7175 0.6462
3913.8 0.7200 0.6485
3913.9 0.7225 0.6508
3914.0 0.7250 0.6531
3914.1 0.7275 0.6553
3914.2 0.7300 0.6576
3914.3 0.7325 0.6599
3914.4 0.7350 0.6622
3914.5 0.7375 0.6644
3914.6 0.7400 0.6667
3914.7 0.7425 0.6690
3914.8 0.7450 0.6713
3914.9 0.7475 0.6735
3915.0 0.7500 0.6758
3915.1 0.7500 0.6759
3915.2 0.7500 0.6759
3915.3 0.7500 0.6759
3915.4 0.7500 0.6759
3915.5 0.7500 0.6760
3915.6 0.7500 0.6760
3915.7 0.7500 0.6760
3915.8 0.7500 0.6760
3915.9 0.7500 0.6761
3916.0 0.7500 0.6761
3916.1 0.7500 0.6761
3916.2 0.7500 0.6761
3916.3 0.7500 0.6762
3916.4 0.7500 0.6762
3916.5 0.7500 0.6762
3916.6 0.7500 0.6762
3916.7 0.7500 0.6763
3916.8 0.7500 0.6763
3916.9 0.7500 0.6763
3917.0 0.7500 0.6763
3917.1 0.7500 0.6764
3917.2 0.7500 0.6764
3917.3 0.7500 0.6764
3917.4 0.7500 0.6764
3917.5 0.7500 0.6765
3917.6 0.7500 0.6765
3917.7 0.7500 0.6765
3917.8 0.7500 0.6765
3917.9 0.7500 0.6766
3918.0 0.7500 0.6766
3918.1 0.7500 0.6766
3918.2 0.7500 0.6766
3918.3 0.7500 0.6767
3918.4 0.7500 0.6767
3918.5 0.7500 0.6767
3918.6 0.7500 0.6767
3918.7 0.7500 0.6768
3918.8 0.7500 0.6768
3918.9 0.7500 0.6768
3919.0 0.7500 0.6768
3919.1 0.7500 0.6769
3919.2 0.7500 0.6769
3919.3 0.7500 0.6769
3919.4 0.7500 0.6769
3919.5 0.7500 0.6770
3919.6 0.7500 0.6770
3919.7 0.7500 0.6770
3919.8 0.7500 0.6770
3919.9 0.7500 0.6771
3920.0 0.7500 0.6771
3920.1 0.7500 0.6771
3920.2 0.7500 0.6772
3920.3 0.7500 0.6772
3920.4 0.7500 0.6772
3920.5 0.7500 0.6772
3920.6 0.7500 0.6773
3920.7 0.7500 0.6773
3920.8 0.7500 0.6773
3920.9 0.7500 0.6773
3921.0 0.7500 0.6774
3921.1 0.7500 0.6774
3921.2 0.7500 0.6774
3921.3 0.7500 0.6774
3921.4 0.7500 0.6775
3921.5 0.7500 0.6775
3921.6 0.7500 0.6775
3921.7 0.7500 0.6775
3921.8 0.7500 0.6776
3921.9 0.7500 0.6776
3922.0 0.7500 0.6776
3922.1 0.7500 0.6776
3922.2 0.7500 0.6777
3922.3 0.7500 0.6777
3922.4 0.7500 0.6777
3922.5 0.7500 0.6777
3922.6 0.7500 0.6778
3922.7 0.7500 0.6778
3922.8 0.7500 0.6778
3922.9 0.7500 0.6778
3923.0 0.7500 0.6779
3923.1 0.7500 0.6779
3923.2 0.7500 0.6779
3923.3 0.7500 0.6779
3923.4 0.7500 0.6780
3923.5 0.7500 0.6780
3923.6 0.7500 0.6780
3923.7 0.7500 0.6780
3923.8 0.7500 0.6781
3923.9 0.7500 0.6781
3924.0 0.7500 0.6781
3924.1 0.7500 0.6781
3924.2 0.7500 0.6782
3924.3 0.7500 0.6782
3924.4 0.7500 0.6782
3924.5 0.7500 0.6782
3924.6 0.7500 0.6783
3924.7 0.7500 0.6783
3924.8 0.7500 0.6783
3924.9 0.7500 0.6783
3925.0 0.7500 0.6784
3925.1 0.7500 0.6784
3925.2 0.7500 0.6784
3925.3 0.7500 0.6785
3925.4 0.7500 0.6785
3925.5 0.7500 0.6785
3925.6 0.7500 0.6785
3925.7 0.7500 0.6786
3925.8 0.7500 0.6786
3925.9 0.7500 0.6786
3926.0 0.7500 0.6786
3926.1 0.7500 0.6787
3926.2 0.7500 0.6787
3926.3 0.7500 0.6787
3926.4 0.7500 0.6787
3926.5 0.7500 0.6788
3926.6 0.7500 0.6788
3926.7 0.7500 0.6788
3926.8 0.7500 0.6788
3926.9 0.7500 0.6789
3927.0 0.7500 0.6789
3927.1 0.7500 0.6789
3927.2 0.7500 0.6789
3927.3 0.7500 0.6790
3927.4 0.7500 0.6790
3927.5 0.7500 0.6790
3927.6 0.7500 0.6790
3927.7 0.7500 0.6791
3927.8 0.7500 0.6791
3927.9 0.7500 0.6791
3928.0 0.7500 0.6791
3928.1 0.7500 0.6792
3928.2 0.7500 0.6792
3928.3 0.7500 0.6792
3928.4 0.7500 0.6792
3928.5 0.7500 0.6793
3928.6 0.7500 0.6793
3928.7 0.7500 0.6793
3928.8 0.7500 0.6793
3928.9 0.7500 0.6794
3929.0 0.7500 0.6794
3929.1 0.7500 0.6794
3929.2 0.7500 0.6794
3929.3 0.7500 0.6795
3929.4 0.7500 0.6795
3929.5 0.7500 0.6795
3929.6 0.7500 0.6795
3929.7 0.7500 0.6796
3929.8 0.7500 0.6796
3929.9 0.7500 0.6796
3930.0 0.7500 0.6796
3930.1 0.7500 0.6797
3930.2 0.7500 0.6797
3930.3 0.7500 0.6797
3930.4 0.7500 0.6798
3930.5 0.7500 0.6798
3930.6 0.7500 0.6798
3930.7 0.7500 0.6798
3930.8 0.7500 0.6799
3930.9 0.7500 0.6799
3931.0 0.7500 0.6799
3931.1 0.7500 0.6799
3931.2 0.7500 0.6800
3931.3 0.7500 0.6800
3931.4 0.7500 0.6800
3931.5 0.7500 0.6800
3931.6 0.7500 0.6801
3931.7 0.7500 0.6801
3931.8 0.7500 0.6801
3931.9 0.7500 0.6801
3932.0 0.7500 0.6802
3932.1 0.7500 0.6802
3932.2 0.7500 0.6802
3932.3 0.7500 0.6802
3932.4 0.7500 0.6803
3932.5 0.7500 0.6803
3932.6 0.7500 0.6803
3932.7 0.7500 0.6803
3932.8 0.7500 0.6804
3932.9 0.7500 0.6804
3933.0 0.7500 0.6804
3933.1 0.7500 0.6804
3933.2 0.7500 0.6805
3933.3 0.7500 0.6805
3933.4 0.7500 0.6805
3933.5 0.7500 0.6805
3933.6 0.7500 0.6806
3933.7 0.7500 0.6806
3933.8 0.7500 0.6806
3933.9 0.7500 0.6806
3934.0 0.7500 0.6807
3934.1 0.7500 0.6807
3934.2 0.7500 0.6807
3934.3 0.7500 0.6807
3934.4 0.7500 0.6808
3934.5 0.7500 0.6808
3934.6 0.7500 0.6808
3934.7 0.7500 0.6808
3934.8 0.7500 0.6809
3934.9 0.7500 0.6809
3935.0 0.7500 0.6809
3935.1 0.7500 0.6810
3935.2 0.7500 0.6810
3935.3 0.7500 0.6810
3935.4 0.7500 0.6810
3935.5 0.7500 0.6811
3935.6 0.7500 0.6811
3935.7 0.7500 0.6811
3935.8 0.7500 0.6811
3935.9 0.7500 0.6812
3936.0 0.7500 0.6812
3936.1 0.7500 0.6812
3936.2 0.7500 0.6812
3936.3 0.7500 0.6813
3936.4 0.7500 0.6813
3936.5 0.7500 0.6813
3936.6 0.7500 0.6813
3936.7 0.7500 0.6814
3936.8 0.7500 0.6814
3936.9 0.7500 0.6814
3937.0 0.7500 0.6814
3937.1 0.7500 0.6815
3937.2 0.7500 0.6815
3937.3 0.7500 0.6815
3937.4 0.7500 0.6815
3937.5 0.7500 0.6816
3937.6 0.7500 0.6816
3937.7 0.7500 0.6816
3937.8 0.7500 0.6816
3937.9 0.7500 0.6817
3938.0 0.7500 0.6817
3938.1 0.7500 0.6817
3938.2 0.7500 0.6817
3938.3 0.7500 0.6818
3938.4 0.7500 0.6818
3938.5 0.7500 0.6818
3938.6 0.7500 0.6818
3938.7 0.7500 0.6819
3938.8 0.7500 0.6819
3938.9 0.7500 0.6819
3939.0 0.7500 0.6819
3939.1 0.7500 0.6820
3939.2 0.7500 0.6820
3939.3 0.7500 0.6820
3939.4 0.7500 0.6820
3939.5 0.7500 0.6821
3939.6 0.7500 0.6821
3939.7 0.7500 0.6821
3939.8 0.7500 0.6821
3939.9 0.7500 0.6822
3940.0 0.7500 0.6822
3940.1 0.7500 0.6822
3940.2 0.7500 0.6823
3940.3 0.7500 0.6823
3940.4 0.7500 0.6823
3940.5 0.7500 0.6823
3940.6 0.7500 0.6824
3940.7 0.7500 0.6824
3940.8 0.7500 0.6824
3940.9 0.7500 0.6824
3941.0 0.7500 0.6825
3941.1 0.7500 0.6825
3941.2 0.7500 0.6825
3941.3 0.7500 0.6825
3941.4 0.7500 0.6826
3941.5 0.7500 0.6826
3941.6 0.7500 0.6826
3941.7 0.7500 0.6826
3941.8 0.7500 0.6827
3941.9 0.7500 0.6827
3942.0 0.7500 0.6827
3942.1 0.7500 0.6827
3942.2 0.7500 0.6828
3942.3 0.7500 0.6828
3942.4 0.7500 0.6828
3942.5 0.7500 0.6828
3942.6 0.7500 0.6829
3942.7 0.7500 0.6829
3942.8 0.7500 0.6829
3942.9 0.7500 0.6829
3943.0 0.7500 0.6830
3943.1 0.7500 0.6830
3943.2 0.7500 0.6830
3943.3 0.7500 0.6830
3943.4 0.7500 0.6831
3943.5 0.7500 0.6831
3943.6 0.7500 0.6831
3943.7 0.7500 0.6831
3943.8 0.7500 0.6832
3943.9 0.7500 0.6832
3944.0 0.7500 0.6832
3944.1 0.7500 0.6832
3944.2 0.7500 0.6833
3944.3 0.7500 0.6833
3944.4 0.7500 0.6833
3944.5 0.7500 0.6833
3944.6 0.7500 0.6834
3944.7 0.7500 0.6834
3944.8 0.7500 0.6834
3944.9 0.7500 0.6834
3945.0 0.7500 0.6835
3945.1 0.7500 0.6835
3945.2 0.7500 0.6835
3945.3 0.7500 0.6836
3945.4 0.7500 0.6836
3945.5 0.7500 0.6836
3945.6 0.7500 0.6836
3945.7 0.7500 0.6837
3945.8 0.7500 0.6837
3945.9 0.7500 0.6837
3946.0 0.7500 0.6837
3946.1 0.7500 0.6838
3946.2 0.7500 0.6838
3946.3 0.7500 0.6838
3946.4 0.7500 0.6838
3946.5 0.7500 0.6839
3946.6 0.7500 0.6839
3946.7 0.7500 0.6839
3946.8 0.7500 0.6839
3946.9 0.7500 0.6840
3947.0 0.7500 0.6840
3947.1 0.7500 0.6840
3947.2 0.7500 0.6840
3947.3 0.7500 0.6841
3947.4 0.7500 0.6841
3947.5 0.7500 0.6841
3947.6 0.7500 0.6841
3947.7 0.7500 0.6842
3947.8 0.7500 0.6842
3947.9 0.7500 0.6842
3948.0 0.7500 0.6842
3948.1 0.7500 0.6843
3948.2 0.7500 0.6843
3948.3 0.7500 0.6843
3948.4 0.7500 0.6843
3948.5 0.7500 0.6844
3948.6 0.7500 0.6844
3948.7 0.7500 0.6844
3948.8 0.7500 0.6844
3948.9 0.7500 0.6845
3949.0 0.7500 0.6845
3949.1 0.7500 0.6845
3949.2 0.7500 0.6845
3949.3 0.7500 0.6846
3949.4 0.7500 0.6846
3949.5 0.7500 0.6846
3949.6 0.7500 0.6846
3949.7 0.7500 0.6847
3949.8 0.7500 0.6847
3949.9 0.7500 0.6847
3950.0 0.7500 0.6847
3950.1 0.7500 0.6848
3950.2 0.7500 0.6848
3950.3 0.7500 0.6848
3950.4 0.7500 0.6849
3950.5 0.7500 0.6849
3950.6 0.7500 0.6849
3950.7 0.7500 0.6849
3950.8 0.7500 0.6850
3950.9 0.7500 0.6850
3951.0 0.7500 0.6850
3951.1 0.7500 0.6850
3951.2 0.7500 0.6851
3951.3 0.7500 0.6851
3951.4 0.7500 0.6851
3951.5 0.7500 0.6851
3951.6 0.7500 0.6852
3951.7 0.7500 0.6852
3951.8 0.7500 0.6852
3951.9 0.7500 0.6852
3952.0 0.7500 0.6853
3952.1 0.7500 0.6853
3952.2 0.7500 0.6853
3952.3 0.7500 0.6853
3952.4 0.7500 0.6854
3952.5 0.7500 0.6854
3952.6 0.7500 0.6854
3952.7 0.7500 0.6854
3952.8 0.7500 0.6855
3952.9 0.7500 0.6855
3953.0 0.7500 0.6855
3953.1 0.7500 0.6855
3953.2 0.7500 0.6856
3953.3 0.7500 0.6856
3953.4 0.7500 0.6856
3953.5 0.7500 0.6856
3953.6 0.7500 0.6857
3953.7 0.7500 0.6857
3953.8 0.7500 0.6857
3953.9 0.7500 0.6857
3954.0 0.7500 0.6858
3954.1 0.7500 0.6858
3954.2 0.7500 0.6858
3954.3 0.7500 0.6858
3954.4 0.7500 0.6859
3954.5 0.7500 0.6859
3954.6 0.7500 0.6859
3954.7 0.7500 0.6859
3954.8 0.7500 0.6860
3954.9 0.7500 0.6860
3955.0 0.7500 0.6860
3955.1 0.7500 0.6861
3955.2 0.7500 0.6861
3955.3 0.7500 0.6861
3955.4 0.7500 0.6861
3955.5 0.7500 0.6862
3955.6 0.7500 0.6862
3955.7 0.7500 0.6862
3955.8 0.7500 0.6862
3955.9 0.7500 0.6863
3956.0 0.7500 0.6863
3956.1 0.7500 0.6863
3956.2 0.7500 0.6863
3956.3 0.7500 0.6864
3956.4 0.7500 0.6864
3956.5 0.7500 0.6864
3956.6 0.7500 0.6864
3956.7 0.7500 0.6865
3956.8 0.7500 0.6865
3956.9 0.7500 0.6865
3957.0 0.7500 0.6865
3957.1 0.7500 0.6866
3957.2 0.7500 0.6866
3957.3 0.7500 0.6866
3957.4 0.7500 0.6866
3957.5 0.7500 0.6867
3957.6 0.7500 0.6867
3957.7 0.7500 0.6867
3957.8 0.7500 0.6867
3957.9 0.7500 0.6868
3958.0 0.7500 0.6868
3958.1 0.7500 0.6868
3958.2 0.7500 0.6868
3958.3 0.7500 0.6869
3958.4 0.7500 0.6869
3958.5 0.7500 0.6869
3958.6 0.7500 0.6869
3958.7 0.7500 0.6870
3958.8 0.7500 0.6870
3958.9 0.7500 0.6870
3959.0 0.7500 0.6870
3959.1 0.7500 0.6871
3959.2 0.7500 0.6871
3959.3 0.7500 0.6871
3959.4 0.7500 0.6871
3959.5 0.7500 0.6872
3959.6 0.7500 0.6872
3959.7 0.7500 0.6872
3959.8 0.7500 0.6872
3959.9 0.7500 0.6873
3960.0 0.7500 0.6873
3960.1 0.7500 0.6873
3960.2 0.7500 0.6874
3960.3 0.7500 0.6874
3960.4 0.7500 0.6874
3960.5 0.7500 0.6874
3960.6 0.7500 0.6875
3960.7 0.7500 0.6875
3960.8 0.7500 0.6875
3960.9 0.7500 0.6875
3961.0 0.7500 0.6876
3961.1 0.7500 0.6876
3961.2 0.7500 0.6876
3961.3 0.7500 0.6876
3961.4 0.7500 0.6877
3961.5 0.7500 0.6877
3961.6 0.7500 0.6877
3961.7 0.7500 0.6877
3961.8 0.7500 0.6878
3961.9 0.7500 0.6878
3962.0 0.7500 0.6878
3962.1 0.7500 0.6878
3962.2 0.7500 0.6879
3962.3 0.7500 0.6879
3962.4 0.7500 0.6879
3962.5 0.7500 0.6879
3962.6 0.7500 0.6880
3962.7 0.7500 0.6880
3962.8 0.7500 0.6880
3962.9 0.7500 0.6880
3963.0 0.7500 0.6881
3963.1 0.7500 0.6881
3963.2 0.7500 0.6881
3963.3 0.7500 0.6881
3963.4 0.7500 0.6882
3963.5 0.7500 0.6882
3963.6 0.7500 0.6882
3963.7 0.7500 0.6882
3963.8 0.7500 0.6883
3963.9 0.7500 0.6883
3964.0 0.7500 0.6883
3964.1 0.7500 0.6883
3964.2 0.7500 0.6884
3964.3 0.7500 0.6884
3964.4 0.7500 0.6884
3964.5 0.7500 0.6884
3964.6 0.7500 0.6885
3964.7 0.7500 0.6885
3964.8 0.7500 0.6885
3964.9 0.7500 0.6885
3965.0 0.7500 0.6886
3965.1 0.7500 0.6886
3965.2 0.7500 0.6886
3965.3 0.7500 0.6887
3965.4 0.7500 0.6887
3965.5 0.7500 0.6887
3965.6 0.7500 0.6887
3965.7 0.7500 0.6888
3965.8 0.7500 0.6888
3965.9 0.7500 0.6888
3966.0 0.7500 0.6888
3966.1 0.7500 0.6889
3966.2 0.7500 0.6889
3966.3 0.7500 0.6889
3966.4 0.7500 0.6889
3966.5 0.7500 0.6890
3966.6 0.7500 0.6890
3966.7 0.7500 0.6890
3966.8 0.7500 0.6890
3966.9 0.7500 0.6891
3967.0 0.7500 0.6891
3967.1 0.7500 0.6891
3967.2 0.7500 0.6891
3967.3 0.7500 0.6892
3967.4 0.7500 0.6892
3967.5 0.7500 0.6892
3967.6 0.7500 0.6892
3967.7 0.7500 0.6893
3967.8 0.7500 0.6893
3967.9 0.7500 0.6893
3968.0 0.7500 0.6893
3968.1 0.7500 0.6894
3968.2 0.7500 0.6894
3968.3 0.7500 0.6894
3968.4 0.7500 0.6894
3968.5 0.7500 0.6895
3968.6 0.7500 0.6895
3968.7 0.7500 0.6895
3968.8 0.7500 0.6895
3968.9 0.7500 0.6896
3969.0 0.7500 0.6896
3969.1 0.7500 0.6896
3969.2 0.7500 0.6896
3969.3 0.7500 0.6897
3969.4 0.7500 0.6897
3969.5 0.7500 0.6897
3969.6 0.7500 0.6897
3969.7 0.7500 0.6898
3969.8 0.7500 0.6898
3969.9 0.7500 0.6898
3970.0 0.7500 0.6898
3970.1 0.7500 0.6899
3970.2 0.7500 0.6899
3970.3 0.7500 0.6899
3970.4 0.7500 0.6900
3970.5 0.7500 0.6900
3970.6 0.7500 0.6900
3970.7 0.7500 0.6900
3970.8 0.7500 0.6901
3970.9 0.7500 0.6901
3971.0 0.7500 0.6901
3971.1 0.7500 0.6901
3971.2 0.7500 0.6902
3971.3 0.7500 0.6902
3971.4 0.7500 0.6902
3971.5 0.7500 0.6902
3971.6 0.7500 0.6903
3971.7 0.7500 0.6903
3971.8 0.7500 0.6903
3971.9 0.7500 0.6903
3972.0 0.7500 0.6904
3972.1 0.7500 0.6904
3972.2 0.7500 0.6904
3972.3 0.7500 0.6904
3972.4 0.7500 0.6905
3972.5 0.7500 0.6905
3972.6 0.7500 0.6905
3972.7 0.7500 0.6905
3972.8 0.7500 0.6906
3972.9 0.7500 0.6906
3973.0 0.7500 0.6906
3973.1 0.7500 0.6906
3973.2 0.7500 0.6907
3973.3 0.7500 0.6907
3973.4 0.7500 0.6907
3973.5 0.7500 0.6907
3973.6 0.7500 0.6908
3973.7 0.7500 0.6908
3973.8 0.7500 0.6908
3973.9 0.7500 0.6908
3974.0 0.7500 0.6909
3974.1 0.7500 0.6909
3974.2 0.7500 0.6909
3974.3 0.7500 0.6909
3974.4 0.7500 0.6910
3974.5 0.7500 0.6910
3974.6 0.7500 0.6910
3974.7 0.7500 0.6910
3974.8 0.7500 0.6911
3974.9 0.7500 0.6911
3975.0 0.7500 0.6911
3975.1 0.7500 0.6912
3975.2 0.7500 0.6912
3975.3 0.7500 0.6912
3975.4 0.7500 0.6912
3975.5 0.7500 0.6913
3975.6 0.7500 0.6913
3975.7 0.7500 0.6913
3975.8 0.7500 0.6913
3975.9 0.7500 0.6914
3976.0 0.7500 0.6914
3976.1 0.7500 0.6914
3976.2 0.7500 0.6914
3976.3 0.7500 0.6915
3976.4 0.7500 0.6915
3976.5 0.7500 0.6915
3976.6 0.7500 0.6915
3976.7 0.7500 0.6916
3976.8 0.7500 0.6916
3976.9 0.7500 0.6916
3977.0 0.7500 0.6916
3977.1 0.7500 0.6917
3977.2 0.7500 0.6917
3977.3 0.7500 0.6917
3977.4 0.7500 0.6917
3977.5 0.7500 0.6918
3977.6 0.7500 0.6918
3977.7 0.7500 0.6918
3977.8 0.7500 0.6918
3977.9 0.7500 0.6919
3978.0 0.7500 0.6919
3978.1 0.7500 0.6919
3978.2 0.7500 0.6919
3978.3 0.7500 0.6920
3978.4 0.7500 0.6920
3978.5 0.7500 0.6920
3978.6 0.7500 0.6920
3978.7 0.7500 0.6921
3978.8 0.7500 0.6921
3978.9 0.7500 0.6921
3979.0 0.7500 0.6921
3979.1 0.7500 0.6922
3979.2 0.7500 0.6922
3979.3 0.7500 0.6922
3979.4 0.7500 0.6922
3979.5 0.7500 0.6923
3979.6 0.7500 0.6923
3979.7 0.7500 0.6923
3979.8 0.7500 0.6923
3979.9 0.7500 0.6924
3980.0 0.7500 0.6924
3980.1 0.7500 0.6924
3980.2 0.7500 0.6925
3980.3 0.7500 0.6925
3980.4 0.7500 0.6925
3980.5 0.7500 0.6925
3980.6 0.7500 0.6926
3980.7 0.7500 0.6926
3980.8 0.7500 0.6926
3980.9 0.7500 0.6926
3981.0 0.7500 0.6927
3981.1 0.7500 0.6927
3981.2 0.7500 0.6927
3981.3 0.7500 0.6927
3981.4 0.7500 0.6928
3981.5 0.7500 0.6928
3981.6 0.7500 0.6928
3981.7 0.7500 0.6928
3981.8 0.7500 0.6929
3981.9 0.7500 0.6929
3982.0 0.7500 0.6929
3982.1 0.7500 0.6929
3982.2 0.7500 0.6930
3982.3 0.7500 0.6930
3982.4 0.7500 0.6930
3982.5 0.7500 0.6930
3982.6 0.7500 0.6931
3982.7 0.7500 0.6931
3982.8 0.7500 0.6931
3982.9 0.7500 0.6931
3983.0 0.7500 0.6932
3983.1 0.7500 0.6932
3983.2 0.7500 0.6932
3983.3 0.7500 0.6932
3983.4 0.7500 0.6933
3983.5 0.7500 0.6933
3983.6 0.7500 0.6933
3983.7 0.7500 0.6933
3983.8 0.7500 0.6934
3983.9 0.7500 0.6934
3984.0 0.7500 0.6934
3984.1 0.7500 0.6934
3984.2 0.7500 0.6935
3984.3 0.7500 0.6935
3984.4 0.7500 0.6935
3984.5 0.7500 0.6935
3984.6 0.7500 0.6936
3984.7 0.7500 0.6936
3984.8 0.7500 0.6936
3984.9 0.7500 0.6936
3985.0 0.7500 0.6937
3985.1 0.7475 0.6914
3985.2 0.7450 0.6891
3985.3 0.7425 0.6868
3985.4 0.7400 0.6845
3985.5 0.7375 0.6822
3985.6 0.7350 0.6800
3985.7 0.7325 0.6777
3985.8 0.7300 0.6754
3985.9 0.7275 0.6731
3986.0 0.7250 0.6708
3986.1 0.7225 0.6685
3986.2 0.7200 0.6662
3986.3 0.7175 0.6639
3986.4 0.7150 0.6616
3986.5 0.7125 0.6594
3986.6 0.7100 0.6571
3986.7 0.7075 0.6548
3986.8 0.7050 0.6525
3986.9 0.7025 0.6502
3987.0 0.7000 0.6479
3987.1 0.6975 0.6456
3987.2 0.6950 0.6433
3987.3 0.6925 0.6410
3987.4 0.6900 0.6387
3987.5 0.6875 0.6365
3987.6 0.6850 0.6342
3987.7 0.6825 0.6319
3987.8 0.6800 0.6296
3987.9 0.6775 0.6273
3988.0 0.6750 0.6250
3988.1 0.6725 0.6227
3988.2 0.6700 0.6204
3988.3 0.6675 0.6181
3988.4 0.6650 0.6158
3988.5 0.6625 0.6135
3988.6 0.6600 0.6112
3988.7 0.6575 0.6089
3988.8 0.6550 0.6067
3988.9 0.6525 0.6044
3989.0 0.6500 0.6021
3989.1 0.6475 0.5998
3989.2 0.6450 0.5975
3989.3 0.6425 0.5952
3989.4 0.6400 0.5929
3989.5 0.6375 0.5906
3989.6 0.6350 0.5883
3989.7 0.6325 0.5860
3989.8 0.6300 0.5837
3989.9 0.6275 0.5814
3990.0 0.6250 0.5791
3990.1 0.6225 0.5768
3990.2 0.6200 0.5745
3990.3 0.6175 0.5722
3990.4 0.6150 0.5699
3990.5 0.6125 0.5676
3990.6 0.6100 0.5654
3990.7 0.6075 0.5631
3990.8 0.6050 0.5608
3990.9 0.6025 0.5585
3991.0 0.6000 0.5562
3991.1 0.5975 0.5539
3991.2 0.5950 0.5516
3991.3 0.5925 0.5493
3991.4 0.5900 0.5470
3991.5 0.5875 0.5447
3991.6 0.5850 0.5424
3991.7 0.5825 0.5401
3991.8 0.5800 0.5378
3991.9 0.5775 0.5355
3992.0 0.5750 0.5332
3992.1 0.5725 0.5309
3992.2 0.5700 0.5286
3992.3 0.5675 0.5263
3992.4 0.5650 0.5240
3992.5 0.5625 0.5217
3992.6 0.5600 0.5194
3992.7 0.5575 0.5171
3992.8 0.5550 0.5148
3992.9 0.5525 0.5125
3993.0 0.5500 0.5102
3993.1 0.5475 0.5079
3993.2 0.5450 0.5056
3993.3 0.5425 0.5033
3993.4 0.5400 0.5010
3993.5 0.5375 0.4987
3993.6 0.5350 0.4964
3993.7 0.5325 0.4941
3993.8 0.5300 0.4918
3993.9 0.5275 0.4895
3994.0 0.5250 0.4872
3994.1 0.5225 0.4849
3994.2 0.5200 0.4826
3994.3 0.5175 0.4803
3994.4 0.5150 0.4780
3994.5 0.5125 0.4757
3994.6 0.5100 0.4734
3994.7 0.5075 0.4711
3994.8 0.5050 0.4688
3994.9 0.5025 0.4665
3995.0 0.5000 0.4642
3995.1 0.4975 0.4618
3995.2 0.4950 0.4595
3995.3 0.4925 0.4572
3995.4 0.4900 0.4549
3995.5 0.4875 0.4526
3995.6 0.4850 0.4503
3995.7 0.4825 0.4480
3995.8 0.4800 0.4457
3995.9 0.4775 0.4434
3996.0 0.4750 0.4411
3996.1 0.4725 0.4388
3996.2 0.4700 0.4365
3996.3 0.4675 0.4342
3996.4 0.4650 0.4319
3996.5 0.4625 0.4296
3996.6 0.4600 0.4273
3996.7 0.4575 0.4250
3996.8 0.4550 0.4227
3996.9 0.4525 0.4203
3997.0 0.4500 0.4180
3997.1 0.4475 0.4157
3997.2 0.4450 0.4134
3997.3 0.4425 0.4111
3997.4 0.4400 0.4088
3997.5 0.4375 0.4065
3997.6 0.4350 0.4042
3997.7 0.4325 0.4019
3997.8 0.4300 0.3996
3997.9 0.4275 0.3973
3998.0 0.4250 0.3950
3998.1 0.4225 0.3927
3998.2 0.4200 0.3903
3998.3 0.4175 0.3880
3998.4 0.4150 0.3857
3998.5 0.4125 0.3834
3998.6 0.4100 0.3811
3998.7 0.4075 0.3788
3998.8 0.4050 0.3765
3998.9 0.4025 0.3742
3999.0 0.4000 0.3719
3999.1 0.3975 0.3696
3999.2 0.3950 0.3672
3999.3 0.3925 0.3649
3999.4 0.3900 0.3626
3999.5 0.3875 0.3603
3999.6 0.3850 0.3580
3999.7 0.3825 0.3557
3999.8 0.3800 0.3534
3999.9 0.3775 0.3511
4000.0 0.3750 0.3488
4000.1 0.3725 0.3464
4000.2 0.3700 0.3441
4000.3 0.3675 0.3418
4000.4 0.3650 0.3395
4000.5 0.3625 0.3371
4000.6 0.3600 0.3348
4000.7 0.3575 0.3325
4000.8 0.3550 0.3302
4000.9 0.3525 0.3279
4001.0 0.3500 0.3255
4001.1 0.3475 0.3232
4001.2 0.3450 0.3209
4001.3 0.3425 0.3186
4001.4 0.3400 0.3162
4001.5 0.3375 0.3139
4001.6 0.3350 0.3116
4001.7 0.3325 0.3093
4001.8 0.3300 0.3069
4001.9 0.3275 0.3046
4002.0 0.3250 0.3023
4002.1 0.3225 0.3000
4002.2 0.3200 0.2977
4002.3 0.3175 0.2953
4002.4 0.3150 0.2930
4002.5 0.3125 0.2907
4002.6 0.3100 0.2884
4002.7 0.3075 0.2860
4002.8 0.3050 0.2837
4002.9 0.3025 0.2814
4003.0 0.3000 0.2791
4003.1 0.2975 0.2767
4003.2 0.2950 0.2744
4003.3 0.2925 0.2721
4003.4 0.2900 0.2698
4003.5 0.2875 0.2675
4003.6 0.2850 0.2651
4003.7 0.2825 0.2628
4003.8 0.2800 0.2605
4003.9 0.2775 0.2582
4004.0 0.2750 0.2558
4004.1 0.2725 0.2535
4004.2 0.2700 0.2512
4004.3 0.2675 0.2489
4004.4 0.2650 0.2465
4004.5 0.2625 0.2442
4004.6 0.2600 0.2419
4004.7 0.2575 0.2396
4004.8 0.2550 0.2372
4004.9 0.2525 0.2349
4005.0 0.2500 0.2326
4005.1 0.2475 0.2303
4005.2 0.2450 0.2280
4005.3 0.2425 0.2256
4005.4 0.2400 0.2233
4005.5 0.2375 0.2210
4005.6 0.2350 0.2187
4005.7 0.2325 0.2163
4005.8 0.2300 0.2140
4005.9 0.2275 0.2117
4006.0 0.2250 0.2094
4006.1 0.2225 0.2070
4006.2 0.2200 0.2047
4006.3 0.2175 0.2024
4006.4 0.2150 0.2001
4006.5 0.2125 0.1977
4006.6 0.2100 0.1954
4006.7 0.2075 0.1931
4006.8 0.2050 0.1908
4006.9 0.2025 0.1884
4007.0 0.2000 0.1861
4007.1 0.1975 0.1838
4007.2 0.1950 0.1815
4007.3 0.1925 0.1791
4007.4 0.1900 0.1768
4007.5 0.1875 0.1745
4007.6 0.1850 0.1722
4007.7 0.1825 0.1698
4007.8 0.1800 0.1675
4007.9 0.1775 0.1652
4008.0 0.1750 0.1629
4008.1 0.1725 0.1605
4008.2 0.1700 0.1582
4008.3 0.1675 0.1559
4008.4 0.1650 0.1536
4008.5 0.1625 0.1512
4008.6 0.1600 0.1489
4008.7 0.1575 0.1466
4008.8 0.1550 0.1443
4008.9 0.1525 0.1419
4009.0 0.1500 0.1396
4009.1 0.1475 0.1373
4009.2 0.1450 0.1350
4009.3 0.1425 0.1326
4009.4 0.1400 0.1303
4009.5 0.1375 0.1280
4009.6 0.1350 0.1257
4009.7 0.1325 0.1233
4009.8 0.1300 0.1210
4009.9 0.1275 0.1187
4010.0 0.1250 0.1164
4010.1 0.1225 0.1140
4010.2 0.1200 0.1117
4010.3 0.1175 0.1094
4010.4 0.1150 0.1070
4010.5 0.1125 0.1047
4010.6 0.1100 0.1024
4010.7 0.1075 0.1001
4010.8 0.1050 0.0977
4010.9 0.1025 0.0954
4011.0 0.1000 0.0931
4011.1 0.0975 0.0908
4011.2 0.0950 0.0884
4011.3 0.0925 0.0861
4011.4 0.0900 0.0838
4011.5 0.0875 0.0815
4011.6 0.0850 0.0791
4011.7 0.0825 0.0768
4011.8 0.0800 0.0745
4011.9 0.0775 0.0721
4012.0 0.0750 0.0698
4012.1 0.0725 0.0675
4012.2 0.0700 0.0652
4012.3 0.0675 0.0628
4012.4 0.0650 0.0605
4012.5 0.0625 0.0582
4012.6 0.0600 0.0559
4012.7 0.0575 0.0535
4012.8 0.0550 0.0512
4012.9 0.0525 0.0489
4013.0 0.0500 0.0466
4013.1 0.0475 0.0442
4013.2 0.0450 0.0419
4013.3 0.0425 0.0396
4013.4 0.0400 0.0372
4013.5 0.0375 0.0349
4013.6 0.0350 0.0326
4013.7 0.0325 0.0303
4013.8 0.0300 0.0279
4013.9 0.0275 0.0256
4014.0 0.0250 0.0233
4014.1 0.0225 0.0210
4014.2 0.0200 0.0186
4014.3 0.0175 0.0163
4014.4 0.0150 0.0140
4014.5 0.0125 0.0116
4014.6 0.0100 0.0093
4014.7 0.0075 0.0070
4014.8 0.0050 0.0047
4014.9 0.0025 0.0023
4015.0 0.0000 0.0000
4015.1 0.0000 0.0000
4015.2 0.0000 0.0000
4015.3 0.0000 0.0000
4015.4 0.0000 0.0000
4015.5 0.0000 0.0000
4015.6 0.0000 0.0000
4015.7 0.0000 0.0000
4015.8 0.0000 0.0000
4015.9 0.0000 0.0000
