# Theoretical transmission filter for J-PLUS filter F410
# Date of creation: 2013-01-17
# Author: J. Varela
# 
# Requirements:
#    Central wavelength (Angstroms): 4100
#    W1 (Angstroms): 170
#    FWHM (Angstroms): 200
#    Transmission peak: 0.90
#
# Columns description:
#    wl: Wavelength in Angstroms
#    T: Transmission
#    T+CCD: Transmission Filter+CCD
#
# wl   T  T+CCD
3984.1 0.0000 0.0000
3984.2 0.0000 0.0000
3984.3 0.0000 0.0000
3984.4 0.0000 0.0000
3984.5 0.0000 0.0000
3984.6 0.0000 0.0000
3984.7 0.0000 0.0000
3984.8 0.0000 0.0000
3984.9 0.0000 0.0000
3985.0 0.0000 0.0000
3985.1 0.0030 0.0028
3985.2 0.0060 0.0055
3985.3 0.0090 0.0083
3985.4 0.0120 0.0111
3985.5 0.0150 0.0139
3985.6 0.0180 0.0167
3985.7 0.0210 0.0194
3985.8 0.0240 0.0222
3985.9 0.0270 0.0250
3986.0 0.0300 0.0278
3986.1 0.0330 0.0305
3986.2 0.0360 0.0333
3986.3 0.0390 0.0361
3986.4 0.0420 0.0389
3986.5 0.0450 0.0416
3986.6 0.0480 0.0444
3986.7 0.0510 0.0472
3986.8 0.0540 0.0500
3986.9 0.0570 0.0528
3987.0 0.0600 0.0555
3987.1 0.0630 0.0583
3987.2 0.0660 0.0611
3987.3 0.0690 0.0639
3987.4 0.0720 0.0667
3987.5 0.0750 0.0694
3987.6 0.0780 0.0722
3987.7 0.0810 0.0750
3987.8 0.0840 0.0778
3987.9 0.0870 0.0806
3988.0 0.0900 0.0833
3988.1 0.0930 0.0861
3988.2 0.0960 0.0889
3988.3 0.0990 0.0917
3988.4 0.1020 0.0945
3988.5 0.1050 0.0972
3988.6 0.1080 0.1000
3988.7 0.1110 0.1028
3988.8 0.1140 0.1056
3988.9 0.1170 0.1084
3989.0 0.1200 0.1112
3989.1 0.1230 0.1139
3989.2 0.1260 0.1167
3989.3 0.1290 0.1195
3989.4 0.1320 0.1223
3989.5 0.1350 0.1251
3989.6 0.1380 0.1279
3989.7 0.1410 0.1306
3989.8 0.1440 0.1334
3989.9 0.1470 0.1362
3990.0 0.1500 0.1390
3990.1 0.1530 0.1418
3990.2 0.1560 0.1446
3990.3 0.1590 0.1473
3990.4 0.1620 0.1501
3990.5 0.1650 0.1529
3990.6 0.1680 0.1557
3990.7 0.1710 0.1585
3990.8 0.1740 0.1613
3990.9 0.1770 0.1641
3991.0 0.1800 0.1668
3991.1 0.1830 0.1696
3991.2 0.1860 0.1724
3991.3 0.1890 0.1752
3991.4 0.1920 0.1780
3991.5 0.1950 0.1808
3991.6 0.1980 0.1836
3991.7 0.2010 0.1864
3991.8 0.2040 0.1892
3991.9 0.2070 0.1919
3992.0 0.2100 0.1947
3992.1 0.2130 0.1975
3992.2 0.2160 0.2003
3992.3 0.2190 0.2031
3992.4 0.2220 0.2059
3992.5 0.2250 0.2087
3992.6 0.2280 0.2115
3992.7 0.2310 0.2143
3992.8 0.2340 0.2170
3992.9 0.2370 0.2198
3993.0 0.2400 0.2226
3993.1 0.2430 0.2254
3993.2 0.2460 0.2282
3993.3 0.2490 0.2310
3993.4 0.2520 0.2338
3993.5 0.2550 0.2366
3993.6 0.2580 0.2394
3993.7 0.2610 0.2422
3993.8 0.2640 0.2450
3993.9 0.2670 0.2478
3994.0 0.2700 0.2505
3994.1 0.2730 0.2533
3994.2 0.2760 0.2561
3994.3 0.2790 0.2589
3994.4 0.2820 0.2617
3994.5 0.2850 0.2645
3994.6 0.2880 0.2673
3994.7 0.2910 0.2701
3994.8 0.2940 0.2729
3994.9 0.2970 0.2757
3995.0 0.3000 0.2785
3995.1 0.3030 0.2813
3995.2 0.3060 0.2841
3995.3 0.3090 0.2869
3995.4 0.3120 0.2897
3995.5 0.3150 0.2925
3995.6 0.3180 0.2953
3995.7 0.3210 0.2981
3995.8 0.3240 0.3009
3995.9 0.3270 0.3037
3996.0 0.3300 0.3065
3996.1 0.3330 0.3092
3996.2 0.3360 0.3120
3996.3 0.3390 0.3148
3996.4 0.3420 0.3176
3996.5 0.3450 0.3204
3996.6 0.3480 0.3232
3996.7 0.3510 0.3260
3996.8 0.3540 0.3288
3996.9 0.3570 0.3316
3997.0 0.3600 0.3344
3997.1 0.3630 0.3372
3997.2 0.3660 0.3400
3997.3 0.3690 0.3428
3997.4 0.3720 0.3456
3997.5 0.3750 0.3484
3997.6 0.3780 0.3512
3997.7 0.3810 0.3540
3997.8 0.3840 0.3568
3997.9 0.3870 0.3596
3998.0 0.3900 0.3624
3998.1 0.3930 0.3652
3998.2 0.3960 0.3680
3998.3 0.3990 0.3708
3998.4 0.4020 0.3736
3998.5 0.4050 0.3764
3998.6 0.4080 0.3792
3998.7 0.4110 0.3820
3998.8 0.4140 0.3849
3998.9 0.4170 0.3877
3999.0 0.4200 0.3905
3999.1 0.4230 0.3933
3999.2 0.4260 0.3961
3999.3 0.4290 0.3989
3999.4 0.4320 0.4017
3999.5 0.4350 0.4045
3999.6 0.4380 0.4073
3999.7 0.4410 0.4101
3999.8 0.4440 0.4129
3999.9 0.4470 0.4157
4000.0 0.4500 0.4185
4000.1 0.4530 0.4213
4000.2 0.4560 0.4241
4000.3 0.4590 0.4269
4000.4 0.4620 0.4297
4000.5 0.4650 0.4325
4000.6 0.4680 0.4353
4000.7 0.4710 0.4381
4000.8 0.4740 0.4409
4000.9 0.4770 0.4436
4001.0 0.4800 0.4464
4001.1 0.4830 0.4492
4001.2 0.4860 0.4520
4001.3 0.4890 0.4548
4001.4 0.4920 0.4576
4001.5 0.4950 0.4604
4001.6 0.4980 0.4632
4001.7 0.5010 0.4660
4001.8 0.5040 0.4688
4001.9 0.5070 0.4716
4002.0 0.5100 0.4744
4002.1 0.5130 0.4772
4002.2 0.5160 0.4800
4002.3 0.5190 0.4828
4002.4 0.5220 0.4856
4002.5 0.5250 0.4884
4002.6 0.5280 0.4911
4002.7 0.5310 0.4939
4002.8 0.5340 0.4967
4002.9 0.5370 0.4995
4003.0 0.5400 0.5023
4003.1 0.5430 0.5051
4003.2 0.5460 0.5079
4003.3 0.5490 0.5107
4003.4 0.5520 0.5135
4003.5 0.5550 0.5163
4003.6 0.5580 0.5191
4003.7 0.5610 0.5219
4003.8 0.5640 0.5247
4003.9 0.5670 0.5275
4004.0 0.5700 0.5303
4004.1 0.5730 0.5331
4004.2 0.5760 0.5359
4004.3 0.5790 0.5387
4004.4 0.5820 0.5415
4004.5 0.5850 0.5443
4004.6 0.5880 0.5471
4004.7 0.5910 0.5499
4004.8 0.5940 0.5526
4004.9 0.5970 0.5554
4005.0 0.6000 0.5582
4005.1 0.6030 0.5610
4005.2 0.6060 0.5638
4005.3 0.6090 0.5666
4005.4 0.6120 0.5694
4005.5 0.6150 0.5722
4005.6 0.6180 0.5750
4005.7 0.6210 0.5778
4005.8 0.6240 0.5806
4005.9 0.6270 0.5834
4006.0 0.6300 0.5862
4006.1 0.6330 0.5890
4006.2 0.6360 0.5918
4006.3 0.6390 0.5946
4006.4 0.6420 0.5974
4006.5 0.6450 0.6002
4006.6 0.6480 0.6030
4006.7 0.6510 0.6058
4006.8 0.6540 0.6086
4006.9 0.6570 0.6114
4007.0 0.6600 0.6142
4007.1 0.6630 0.6170
4007.2 0.6660 0.6198
4007.3 0.6690 0.6226
4007.4 0.6720 0.6254
4007.5 0.6750 0.6282
4007.6 0.6780 0.6310
4007.7 0.6810 0.6337
4007.8 0.6840 0.6365
4007.9 0.6870 0.6393
4008.0 0.6900 0.6421
4008.1 0.6930 0.6449
4008.2 0.6960 0.6477
4008.3 0.6990 0.6505
4008.4 0.7020 0.6533
4008.5 0.7050 0.6561
4008.6 0.7080 0.6589
4008.7 0.7110 0.6617
4008.8 0.7140 0.6645
4008.9 0.7170 0.6673
4009.0 0.7200 0.6701
4009.1 0.7230 0.6729
4009.2 0.7260 0.6757
4009.3 0.7290 0.6785
4009.4 0.7320 0.6813
4009.5 0.7350 0.6841
4009.6 0.7380 0.6869
4009.7 0.7410 0.6897
4009.8 0.7440 0.6925
4009.9 0.7470 0.6953
4010.0 0.7500 0.6981
4010.1 0.7530 0.7009
4010.2 0.7560 0.7037
4010.3 0.7590 0.7065
4010.4 0.7620 0.7093
4010.5 0.7650 0.7121
4010.6 0.7680 0.7149
4010.7 0.7710 0.7177
4010.8 0.7740 0.7205
4010.9 0.7770 0.7233
4011.0 0.7800 0.7261
4011.1 0.7830 0.7289
4011.2 0.7860 0.7317
4011.3 0.7890 0.7345
4011.4 0.7920 0.7373
4011.5 0.7950 0.7401
4011.6 0.7980 0.7429
4011.7 0.8010 0.7457
4011.8 0.8040 0.7485
4011.9 0.8070 0.7513
4012.0 0.8100 0.7541
4012.1 0.8130 0.7569
4012.2 0.8160 0.7597
4012.3 0.8190 0.7625
4012.4 0.8220 0.7653
4012.5 0.8250 0.7681
4012.6 0.8280 0.7709
4012.7 0.8310 0.7737
4012.8 0.8340 0.7765
4012.9 0.8370 0.7793
4013.0 0.8400 0.7821
4013.1 0.8430 0.7849
4013.2 0.8460 0.7877
4013.3 0.8490 0.7905
4013.4 0.8520 0.7933
4013.5 0.8550 0.7961
4013.6 0.8580 0.7989
4013.7 0.8610 0.8017
4013.8 0.8640 0.8045
4013.9 0.8670 0.8073
4014.0 0.8700 0.8101
4014.1 0.8730 0.8129
4014.2 0.8760 0.8157
4014.3 0.8790 0.8185
4014.4 0.8820 0.8213
4014.5 0.8850 0.8241
4014.6 0.8880 0.8269
4014.7 0.8910 0.8297
4014.8 0.8940 0.8325
4014.9 0.8970 0.8353
4015.0 0.9000 0.8381
4015.1 0.9000 0.8381
4015.2 0.9000 0.8381
4015.3 0.9000 0.8381
4015.4 0.9000 0.8381
4015.5 0.9000 0.8381
4015.6 0.9000 0.8381
4015.7 0.9000 0.8381
4015.8 0.9000 0.8381
4015.9 0.9000 0.8381
4016.0 0.9000 0.8382
4016.1 0.9000 0.8382
4016.2 0.9000 0.8382
4016.3 0.9000 0.8382
4016.4 0.9000 0.8382
4016.5 0.9000 0.8382
4016.6 0.9000 0.8382
4016.7 0.9000 0.8382
4016.8 0.9000 0.8382
4016.9 0.9000 0.8382
4017.0 0.9000 0.8382
4017.1 0.9000 0.8382
4017.2 0.9000 0.8382
4017.3 0.9000 0.8382
4017.4 0.9000 0.8383
4017.5 0.9000 0.8383
4017.6 0.9000 0.8383
4017.7 0.9000 0.8383
4017.8 0.9000 0.8383
4017.9 0.9000 0.8383
4018.0 0.9000 0.8383
4018.1 0.9000 0.8383
4018.2 0.9000 0.8383
4018.3 0.9000 0.8383
4018.4 0.9000 0.8383
4018.5 0.9000 0.8383
4018.6 0.9000 0.8383
4018.7 0.9000 0.8383
4018.8 0.9000 0.8384
4018.9 0.9000 0.8384
4019.0 0.9000 0.8384
4019.1 0.9000 0.8384
4019.2 0.9000 0.8384
4019.3 0.9000 0.8384
4019.4 0.9000 0.8384
4019.5 0.9000 0.8384
4019.6 0.9000 0.8384
4019.7 0.9000 0.8384
4019.8 0.9000 0.8384
4019.9 0.9000 0.8384
4020.0 0.9000 0.8384
4020.1 0.9000 0.8384
4020.2 0.9000 0.8385
4020.3 0.9000 0.8385
4020.4 0.9000 0.8385
4020.5 0.9000 0.8385
4020.6 0.9000 0.8385
4020.7 0.9000 0.8385
4020.8 0.9000 0.8385
4020.9 0.9000 0.8385
4021.0 0.9000 0.8385
4021.1 0.9000 0.8385
4021.2 0.9000 0.8385
4021.3 0.9000 0.8385
4021.4 0.9000 0.8385
4021.5 0.9000 0.8385
4021.6 0.9000 0.8386
4021.7 0.9000 0.8386
4021.8 0.9000 0.8386
4021.9 0.9000 0.8386
4022.0 0.9000 0.8386
4022.1 0.9000 0.8386
4022.2 0.9000 0.8386
4022.3 0.9000 0.8386
4022.4 0.9000 0.8386
4022.5 0.9000 0.8386
4022.6 0.9000 0.8386
4022.7 0.9000 0.8386
4022.8 0.9000 0.8386
4022.9 0.9000 0.8386
4023.0 0.9000 0.8387
4023.1 0.9000 0.8387
4023.2 0.9000 0.8387
4023.3 0.9000 0.8387
4023.4 0.9000 0.8387
4023.5 0.9000 0.8387
4023.6 0.9000 0.8387
4023.7 0.9000 0.8387
4023.8 0.9000 0.8387
4023.9 0.9000 0.8387
4024.0 0.9000 0.8387
4024.1 0.9000 0.8387
4024.2 0.9000 0.8387
4024.3 0.9000 0.8387
4024.4 0.9000 0.8388
4024.5 0.9000 0.8388
4024.6 0.9000 0.8388
4024.7 0.9000 0.8388
4024.8 0.9000 0.8388
4024.9 0.9000 0.8388
4025.0 0.9000 0.8388
4025.1 0.9000 0.8388
4025.2 0.9000 0.8388
4025.3 0.9000 0.8388
4025.4 0.9000 0.8388
4025.5 0.9000 0.8388
4025.6 0.9000 0.8388
4025.7 0.9000 0.8389
4025.8 0.9000 0.8389
4025.9 0.9000 0.8389
4026.0 0.9000 0.8389
4026.1 0.9000 0.8389
4026.2 0.9000 0.8389
4026.3 0.9000 0.8389
4026.4 0.9000 0.8389
4026.5 0.9000 0.8389
4026.6 0.9000 0.8389
4026.7 0.9000 0.8389
4026.8 0.9000 0.8389
4026.9 0.9000 0.8389
4027.0 0.9000 0.8389
4027.1 0.9000 0.8390
4027.2 0.9000 0.8390
4027.3 0.9000 0.8390
4027.4 0.9000 0.8390
4027.5 0.9000 0.8390
4027.6 0.9000 0.8390
4027.7 0.9000 0.8390
4027.8 0.9000 0.8390
4027.9 0.9000 0.8390
4028.0 0.9000 0.8390
4028.1 0.9000 0.8390
4028.2 0.9000 0.8390
4028.3 0.9000 0.8390
4028.4 0.9000 0.8390
4028.5 0.9000 0.8391
4028.6 0.9000 0.8391
4028.7 0.9000 0.8391
4028.8 0.9000 0.8391
4028.9 0.9000 0.8391
4029.0 0.9000 0.8391
4029.1 0.9000 0.8391
4029.2 0.9000 0.8391
4029.3 0.9000 0.8391
4029.4 0.9000 0.8391
4029.5 0.9000 0.8391
4029.6 0.9000 0.8391
4029.7 0.9000 0.8391
4029.8 0.9000 0.8391
4029.9 0.9000 0.8392
4030.0 0.9000 0.8392
4030.1 0.9000 0.8392
4030.2 0.9000 0.8392
4030.3 0.9000 0.8392
4030.4 0.9000 0.8392
4030.5 0.9000 0.8392
4030.6 0.9000 0.8392
4030.7 0.9000 0.8392
4030.8 0.9000 0.8392
4030.9 0.9000 0.8392
4031.0 0.9000 0.8392
4031.1 0.9000 0.8392
4031.2 0.9000 0.8392
4031.3 0.9000 0.8393
4031.4 0.9000 0.8393
4031.5 0.9000 0.8393
4031.6 0.9000 0.8393
4031.7 0.9000 0.8393
4031.8 0.9000 0.8393
4031.9 0.9000 0.8393
4032.0 0.9000 0.8393
4032.1 0.9000 0.8393
4032.2 0.9000 0.8393
4032.3 0.9000 0.8393
4032.4 0.9000 0.8393
4032.5 0.9000 0.8393
4032.6 0.9000 0.8393
4032.7 0.9000 0.8394
4032.8 0.9000 0.8394
4032.9 0.9000 0.8394
4033.0 0.9000 0.8394
4033.1 0.9000 0.8394
4033.2 0.9000 0.8394
4033.3 0.9000 0.8394
4033.4 0.9000 0.8394
4033.5 0.9000 0.8394
4033.6 0.9000 0.8394
4033.7 0.9000 0.8394
4033.8 0.9000 0.8394
4033.9 0.9000 0.8394
4034.0 0.9000 0.8394
4034.1 0.9000 0.8395
4034.2 0.9000 0.8395
4034.3 0.9000 0.8395
4034.4 0.9000 0.8395
4034.5 0.9000 0.8395
4034.6 0.9000 0.8395
4034.7 0.9000 0.8395
4034.8 0.9000 0.8395
4034.9 0.9000 0.8395
4035.0 0.9000 0.8395
4035.1 0.9000 0.8395
4035.2 0.9000 0.8395
4035.3 0.9000 0.8395
4035.4 0.9000 0.8395
4035.5 0.9000 0.8396
4035.6 0.9000 0.8396
4035.7 0.9000 0.8396
4035.8 0.9000 0.8396
4035.9 0.9000 0.8396
4036.0 0.9000 0.8396
4036.1 0.9000 0.8396
4036.2 0.9000 0.8396
4036.3 0.9000 0.8396
4036.4 0.9000 0.8396
4036.5 0.9000 0.8396
4036.6 0.9000 0.8396
4036.7 0.9000 0.8396
4036.8 0.9000 0.8396
4036.9 0.9000 0.8397
4037.0 0.9000 0.8397
4037.1 0.9000 0.8397
4037.2 0.9000 0.8397
4037.3 0.9000 0.8397
4037.4 0.9000 0.8397
4037.5 0.9000 0.8397
4037.6 0.9000 0.8397
4037.7 0.9000 0.8397
4037.8 0.9000 0.8397
4037.9 0.9000 0.8397
4038.0 0.9000 0.8397
4038.1 0.9000 0.8397
4038.2 0.9000 0.8398
4038.3 0.9000 0.8398
4038.4 0.9000 0.8398
4038.5 0.9000 0.8398
4038.6 0.9000 0.8398
4038.7 0.9000 0.8398
4038.8 0.9000 0.8398
4038.9 0.9000 0.8398
4039.0 0.9000 0.8398
4039.1 0.9000 0.8398
4039.2 0.9000 0.8398
4039.3 0.9000 0.8398
4039.4 0.9000 0.8398
4039.5 0.9000 0.8398
4039.6 0.9000 0.8399
4039.7 0.9000 0.8399
4039.8 0.9000 0.8399
4039.9 0.9000 0.8399
4040.0 0.9000 0.8399
4040.1 0.9000 0.8399
4040.2 0.9000 0.8399
4040.3 0.9000 0.8399
4040.4 0.9000 0.8399
4040.5 0.9000 0.8399
4040.6 0.9000 0.8399
4040.7 0.9000 0.8399
4040.8 0.9000 0.8399
4040.9 0.9000 0.8399
4041.0 0.9000 0.8400
4041.1 0.9000 0.8400
4041.2 0.9000 0.8400
4041.3 0.9000 0.8400
4041.4 0.9000 0.8400
4041.5 0.9000 0.8400
4041.6 0.9000 0.8400
4041.7 0.9000 0.8400
4041.8 0.9000 0.8400
4041.9 0.9000 0.8400
4042.0 0.9000 0.8400
4042.1 0.9000 0.8400
4042.2 0.9000 0.8400
4042.3 0.9000 0.8400
4042.4 0.9000 0.8401
4042.5 0.9000 0.8401
4042.6 0.9000 0.8401
4042.7 0.9000 0.8401
4042.8 0.9000 0.8401
4042.9 0.9000 0.8401
4043.0 0.9000 0.8401
4043.1 0.9000 0.8401
4043.2 0.9000 0.8401
4043.3 0.9000 0.8401
4043.4 0.9000 0.8401
4043.5 0.9000 0.8401
4043.6 0.9000 0.8401
4043.7 0.9000 0.8401
4043.8 0.9000 0.8402
4043.9 0.9000 0.8402
4044.0 0.9000 0.8402
4044.1 0.9000 0.8402
4044.2 0.9000 0.8402
4044.3 0.9000 0.8402
4044.4 0.9000 0.8402
4044.5 0.9000 0.8402
4044.6 0.9000 0.8402
4044.7 0.9000 0.8402
4044.8 0.9000 0.8402
4044.9 0.9000 0.8402
4045.0 0.9000 0.8402
4045.1 0.9000 0.8402
4045.2 0.9000 0.8403
4045.3 0.9000 0.8403
4045.4 0.9000 0.8403
4045.5 0.9000 0.8403
4045.6 0.9000 0.8403
4045.7 0.9000 0.8403
4045.8 0.9000 0.8403
4045.9 0.9000 0.8403
4046.0 0.9000 0.8403
4046.1 0.9000 0.8403
4046.2 0.9000 0.8403
4046.3 0.9000 0.8403
4046.4 0.9000 0.8403
4046.5 0.9000 0.8403
4046.6 0.9000 0.8404
4046.7 0.9000 0.8404
4046.8 0.9000 0.8404
4046.9 0.9000 0.8404
4047.0 0.9000 0.8404
4047.1 0.9000 0.8404
4047.2 0.9000 0.8404
4047.3 0.9000 0.8404
4047.4 0.9000 0.8404
4047.5 0.9000 0.8404
4047.6 0.9000 0.8404
4047.7 0.9000 0.8404
4047.8 0.9000 0.8404
4047.9 0.9000 0.8404
4048.0 0.9000 0.8405
4048.1 0.9000 0.8405
4048.2 0.9000 0.8405
4048.3 0.9000 0.8405
4048.4 0.9000 0.8405
4048.5 0.9000 0.8405
4048.6 0.9000 0.8405
4048.7 0.9000 0.8405
4048.8 0.9000 0.8405
4048.9 0.9000 0.8405
4049.0 0.9000 0.8405
4049.1 0.9000 0.8405
4049.2 0.9000 0.8405
4049.3 0.9000 0.8405
4049.4 0.9000 0.8406
4049.5 0.9000 0.8406
4049.6 0.9000 0.8406
4049.7 0.9000 0.8406
4049.8 0.9000 0.8406
4049.9 0.9000 0.8406
4050.0 0.9000 0.8406
4050.1 0.9000 0.8406
4050.2 0.9000 0.8406
4050.3 0.9000 0.8406
4050.4 0.9000 0.8406
4050.5 0.9000 0.8406
4050.6 0.9000 0.8406
4050.7 0.9000 0.8407
4050.8 0.9000 0.8407
4050.9 0.9000 0.8407
4051.0 0.9000 0.8407
4051.1 0.9000 0.8407
4051.2 0.9000 0.8407
4051.3 0.9000 0.8407
4051.4 0.9000 0.8407
4051.5 0.9000 0.8407
4051.6 0.9000 0.8407
4051.7 0.9000 0.8407
4051.8 0.9000 0.8407
4051.9 0.9000 0.8407
4052.0 0.9000 0.8407
4052.1 0.9000 0.8408
4052.2 0.9000 0.8408
4052.3 0.9000 0.8408
4052.4 0.9000 0.8408
4052.5 0.9000 0.8408
4052.6 0.9000 0.8408
4052.7 0.9000 0.8408
4052.8 0.9000 0.8408
4052.9 0.9000 0.8408
4053.0 0.9000 0.8408
4053.1 0.9000 0.8408
4053.2 0.9000 0.8408
4053.3 0.9000 0.8408
4053.4 0.9000 0.8408
4053.5 0.9000 0.8409
4053.6 0.9000 0.8409
4053.7 0.9000 0.8409
4053.8 0.9000 0.8409
4053.9 0.9000 0.8409
4054.0 0.9000 0.8409
4054.1 0.9000 0.8409
4054.2 0.9000 0.8409
4054.3 0.9000 0.8409
4054.4 0.9000 0.8409
4054.5 0.9000 0.8409
4054.6 0.9000 0.8409
4054.7 0.9000 0.8409
4054.8 0.9000 0.8409
4054.9 0.9000 0.8410
4055.0 0.9000 0.8410
4055.1 0.9000 0.8410
4055.2 0.9000 0.8410
4055.3 0.9000 0.8410
4055.4 0.9000 0.8410
4055.5 0.9000 0.8410
4055.6 0.9000 0.8410
4055.7 0.9000 0.8410
4055.8 0.9000 0.8410
4055.9 0.9000 0.8410
4056.0 0.9000 0.8410
4056.1 0.9000 0.8410
4056.2 0.9000 0.8410
4056.3 0.9000 0.8411
4056.4 0.9000 0.8411
4056.5 0.9000 0.8411
4056.6 0.9000 0.8411
4056.7 0.9000 0.8411
4056.8 0.9000 0.8411
4056.9 0.9000 0.8411
4057.0 0.9000 0.8411
4057.1 0.9000 0.8411
4057.2 0.9000 0.8411
4057.3 0.9000 0.8411
4057.4 0.9000 0.8411
4057.5 0.9000 0.8411
4057.6 0.9000 0.8411
4057.7 0.9000 0.8412
4057.8 0.9000 0.8412
4057.9 0.9000 0.8412
4058.0 0.9000 0.8412
4058.1 0.9000 0.8412
4058.2 0.9000 0.8412
4058.3 0.9000 0.8412
4058.4 0.9000 0.8412
4058.5 0.9000 0.8412
4058.6 0.9000 0.8412
4058.7 0.9000 0.8412
4058.8 0.9000 0.8412
4058.9 0.9000 0.8412
4059.0 0.9000 0.8412
4059.1 0.9000 0.8413
4059.2 0.9000 0.8413
4059.3 0.9000 0.8413
4059.4 0.9000 0.8413
4059.5 0.9000 0.8413
4059.6 0.9000 0.8413
4059.7 0.9000 0.8413
4059.8 0.9000 0.8413
4059.9 0.9000 0.8413
4060.0 0.9000 0.8413
4060.1 0.9000 0.8413
4060.2 0.9000 0.8413
4060.3 0.9000 0.8413
4060.4 0.9000 0.8413
4060.5 0.9000 0.8414
4060.6 0.9000 0.8414
4060.7 0.9000 0.8414
4060.8 0.9000 0.8414
4060.9 0.9000 0.8414
4061.0 0.9000 0.8414
4061.1 0.9000 0.8414
4061.2 0.9000 0.8414
4061.3 0.9000 0.8414
4061.4 0.9000 0.8414
4061.5 0.9000 0.8414
4061.6 0.9000 0.8414
4061.7 0.9000 0.8414
4061.8 0.9000 0.8414
4061.9 0.9000 0.8415
4062.0 0.9000 0.8415
4062.1 0.9000 0.8415
4062.2 0.9000 0.8415
4062.3 0.9000 0.8415
4062.4 0.9000 0.8415
4062.5 0.9000 0.8415
4062.6 0.9000 0.8415
4062.7 0.9000 0.8415
4062.8 0.9000 0.8415
4062.9 0.9000 0.8415
4063.0 0.9000 0.8415
4063.1 0.9000 0.8415
4063.2 0.9000 0.8416
4063.3 0.9000 0.8416
4063.4 0.9000 0.8416
4063.5 0.9000 0.8416
4063.6 0.9000 0.8416
4063.7 0.9000 0.8416
4063.8 0.9000 0.8416
4063.9 0.9000 0.8416
4064.0 0.9000 0.8416
4064.1 0.9000 0.8416
4064.2 0.9000 0.8416
4064.3 0.9000 0.8416
4064.4 0.9000 0.8416
4064.5 0.9000 0.8416
4064.6 0.9000 0.8417
4064.7 0.9000 0.8417
4064.8 0.9000 0.8417
4064.9 0.9000 0.8417
4065.0 0.9000 0.8417
4065.1 0.9000 0.8417
4065.2 0.9000 0.8417
4065.3 0.9000 0.8417
4065.4 0.9000 0.8417
4065.5 0.9000 0.8417
4065.6 0.9000 0.8417
4065.7 0.9000 0.8417
4065.8 0.9000 0.8417
4065.9 0.9000 0.8417
4066.0 0.9000 0.8418
4066.1 0.9000 0.8418
4066.2 0.9000 0.8418
4066.3 0.9000 0.8418
4066.4 0.9000 0.8418
4066.5 0.9000 0.8418
4066.6 0.9000 0.8418
4066.7 0.9000 0.8418
4066.8 0.9000 0.8418
4066.9 0.9000 0.8418
4067.0 0.9000 0.8418
4067.1 0.9000 0.8418
4067.2 0.9000 0.8418
4067.3 0.9000 0.8418
4067.4 0.9000 0.8419
4067.5 0.9000 0.8419
4067.6 0.9000 0.8419
4067.7 0.9000 0.8419
4067.8 0.9000 0.8419
4067.9 0.9000 0.8419
4068.0 0.9000 0.8419
4068.1 0.9000 0.8419
4068.2 0.9000 0.8419
4068.3 0.9000 0.8419
4068.4 0.9000 0.8419
4068.5 0.9000 0.8419
4068.6 0.9000 0.8419
4068.7 0.9000 0.8419
4068.8 0.9000 0.8420
4068.9 0.9000 0.8420
4069.0 0.9000 0.8420
4069.1 0.9000 0.8420
4069.2 0.9000 0.8420
4069.3 0.9000 0.8420
4069.4 0.9000 0.8420
4069.5 0.9000 0.8420
4069.6 0.9000 0.8420
4069.7 0.9000 0.8420
4069.8 0.9000 0.8420
4069.9 0.9000 0.8420
4070.0 0.9000 0.8420
4070.1 0.9000 0.8420
4070.2 0.9000 0.8421
4070.3 0.9000 0.8421
4070.4 0.9000 0.8421
4070.5 0.9000 0.8421
4070.6 0.9000 0.8421
4070.7 0.9000 0.8421
4070.8 0.9000 0.8421
4070.9 0.9000 0.8421
4071.0 0.9000 0.8421
4071.1 0.9000 0.8421
4071.2 0.9000 0.8421
4071.3 0.9000 0.8421
4071.4 0.9000 0.8421
4071.5 0.9000 0.8421
4071.6 0.9000 0.8422
4071.7 0.9000 0.8422
4071.8 0.9000 0.8422
4071.9 0.9000 0.8422
4072.0 0.9000 0.8422
4072.1 0.9000 0.8422
4072.2 0.9000 0.8422
4072.3 0.9000 0.8422
4072.4 0.9000 0.8422
4072.5 0.9000 0.8422
4072.6 0.9000 0.8422
4072.7 0.9000 0.8422
4072.8 0.9000 0.8422
4072.9 0.9000 0.8422
4073.0 0.9000 0.8423
4073.1 0.9000 0.8423
4073.2 0.9000 0.8423
4073.3 0.9000 0.8423
4073.4 0.9000 0.8423
4073.5 0.9000 0.8423
4073.6 0.9000 0.8423
4073.7 0.9000 0.8423
4073.8 0.9000 0.8423
4073.9 0.9000 0.8423
4074.0 0.9000 0.8423
4074.1 0.9000 0.8423
4074.2 0.9000 0.8423
4074.3 0.9000 0.8423
4074.4 0.9000 0.8424
4074.5 0.9000 0.8424
4074.6 0.9000 0.8424
4074.7 0.9000 0.8424
4074.8 0.9000 0.8424
4074.9 0.9000 0.8424
4075.0 0.9000 0.8424
4075.1 0.9000 0.8424
4075.2 0.9000 0.8424
4075.3 0.9000 0.8424
4075.4 0.9000 0.8424
4075.5 0.9000 0.8424
4075.6 0.9000 0.8424
4075.7 0.9000 0.8425
4075.8 0.9000 0.8425
4075.9 0.9000 0.8425
4076.0 0.9000 0.8425
4076.1 0.9000 0.8425
4076.2 0.9000 0.8425
4076.3 0.9000 0.8425
4076.4 0.9000 0.8425
4076.5 0.9000 0.8425
4076.6 0.9000 0.8425
4076.7 0.9000 0.8425
4076.8 0.9000 0.8425
4076.9 0.9000 0.8425
4077.0 0.9000 0.8425
4077.1 0.9000 0.8426
4077.2 0.9000 0.8426
4077.3 0.9000 0.8426
4077.4 0.9000 0.8426
4077.5 0.9000 0.8426
4077.6 0.9000 0.8426
4077.7 0.9000 0.8426
4077.8 0.9000 0.8426
4077.9 0.9000 0.8426
4078.0 0.9000 0.8426
4078.1 0.9000 0.8426
4078.2 0.9000 0.8426
4078.3 0.9000 0.8426
4078.4 0.9000 0.8426
4078.5 0.9000 0.8427
4078.6 0.9000 0.8427
4078.7 0.9000 0.8427
4078.8 0.9000 0.8427
4078.9 0.9000 0.8427
4079.0 0.9000 0.8427
4079.1 0.9000 0.8427
4079.2 0.9000 0.8427
4079.3 0.9000 0.8427
4079.4 0.9000 0.8427
4079.5 0.9000 0.8427
4079.6 0.9000 0.8427
4079.7 0.9000 0.8427
4079.8 0.9000 0.8427
4079.9 0.9000 0.8428
4080.0 0.9000 0.8428
4080.1 0.9000 0.8428
4080.2 0.9000 0.8428
4080.3 0.9000 0.8428
4080.4 0.9000 0.8428
4080.5 0.9000 0.8428
4080.6 0.9000 0.8428
4080.7 0.9000 0.8428
4080.8 0.9000 0.8428
4080.9 0.9000 0.8428
4081.0 0.9000 0.8428
4081.1 0.9000 0.8428
4081.2 0.9000 0.8428
4081.3 0.9000 0.8429
4081.4 0.9000 0.8429
4081.5 0.9000 0.8429
4081.6 0.9000 0.8429
4081.7 0.9000 0.8429
4081.8 0.9000 0.8429
4081.9 0.9000 0.8429
4082.0 0.9000 0.8429
4082.1 0.9000 0.8429
4082.2 0.9000 0.8429
4082.3 0.9000 0.8429
4082.4 0.9000 0.8429
4082.5 0.9000 0.8429
4082.6 0.9000 0.8429
4082.7 0.9000 0.8430
4082.8 0.9000 0.8430
4082.9 0.9000 0.8430
4083.0 0.9000 0.8430
4083.1 0.9000 0.8430
4083.2 0.9000 0.8430
4083.3 0.9000 0.8430
4083.4 0.9000 0.8430
4083.5 0.9000 0.8430
4083.6 0.9000 0.8430
4083.7 0.9000 0.8430
4083.8 0.9000 0.8430
4083.9 0.9000 0.8430
4084.0 0.9000 0.8430
4084.1 0.9000 0.8431
4084.2 0.9000 0.8431
4084.3 0.9000 0.8431
4084.4 0.9000 0.8431
4084.5 0.9000 0.8431
4084.6 0.9000 0.8431
4084.7 0.9000 0.8431
4084.8 0.9000 0.8431
4084.9 0.9000 0.8431
4085.0 0.9000 0.8431
4085.1 0.9000 0.8431
4085.2 0.9000 0.8431
4085.3 0.9000 0.8431
4085.4 0.9000 0.8431
4085.5 0.9000 0.8432
4085.6 0.9000 0.8432
4085.7 0.9000 0.8432
4085.8 0.9000 0.8432
4085.9 0.9000 0.8432
4086.0 0.9000 0.8432
4086.1 0.9000 0.8432
4086.2 0.9000 0.8432
4086.3 0.9000 0.8432
4086.4 0.9000 0.8432
4086.5 0.9000 0.8432
4086.6 0.9000 0.8432
4086.7 0.9000 0.8432
4086.8 0.9000 0.8432
4086.9 0.9000 0.8433
4087.0 0.9000 0.8433
4087.1 0.9000 0.8433
4087.2 0.9000 0.8433
4087.3 0.9000 0.8433
4087.4 0.9000 0.8433
4087.5 0.9000 0.8433
4087.6 0.9000 0.8433
4087.7 0.9000 0.8433
4087.8 0.9000 0.8433
4087.9 0.9000 0.8433
4088.0 0.9000 0.8433
4088.1 0.9000 0.8433
4088.2 0.9000 0.8434
4088.3 0.9000 0.8434
4088.4 0.9000 0.8434
4088.5 0.9000 0.8434
4088.6 0.9000 0.8434
4088.7 0.9000 0.8434
4088.8 0.9000 0.8434
4088.9 0.9000 0.8434
4089.0 0.9000 0.8434
4089.1 0.9000 0.8434
4089.2 0.9000 0.8434
4089.3 0.9000 0.8434
4089.4 0.9000 0.8434
4089.5 0.9000 0.8434
4089.6 0.9000 0.8435
4089.7 0.9000 0.8435
4089.8 0.9000 0.8435
4089.9 0.9000 0.8435
4090.0 0.9000 0.8435
4090.1 0.9000 0.8435
4090.2 0.9000 0.8435
4090.3 0.9000 0.8435
4090.4 0.9000 0.8435
4090.5 0.9000 0.8435
4090.6 0.9000 0.8435
4090.7 0.9000 0.8435
4090.8 0.9000 0.8435
4090.9 0.9000 0.8435
4091.0 0.9000 0.8436
4091.1 0.9000 0.8436
4091.2 0.9000 0.8436
4091.3 0.9000 0.8436
4091.4 0.9000 0.8436
4091.5 0.9000 0.8436
4091.6 0.9000 0.8436
4091.7 0.9000 0.8436
4091.8 0.9000 0.8436
4091.9 0.9000 0.8436
4092.0 0.9000 0.8436
4092.1 0.9000 0.8436
4092.2 0.9000 0.8436
4092.3 0.9000 0.8436
4092.4 0.9000 0.8437
4092.5 0.9000 0.8437
4092.6 0.9000 0.8437
4092.7 0.9000 0.8437
4092.8 0.9000 0.8437
4092.9 0.9000 0.8437
4093.0 0.9000 0.8437
4093.1 0.9000 0.8437
4093.2 0.9000 0.8437
4093.3 0.9000 0.8437
4093.4 0.9000 0.8437
4093.5 0.9000 0.8437
4093.6 0.9000 0.8437
4093.7 0.9000 0.8437
4093.8 0.9000 0.8438
4093.9 0.9000 0.8438
4094.0 0.9000 0.8438
4094.1 0.9000 0.8438
4094.2 0.9000 0.8438
4094.3 0.9000 0.8438
4094.4 0.9000 0.8438
4094.5 0.9000 0.8438
4094.6 0.9000 0.8438
4094.7 0.9000 0.8438
4094.8 0.9000 0.8438
4094.9 0.9000 0.8438
4095.0 0.9000 0.8438
4095.1 0.9000 0.8438
4095.2 0.9000 0.8439
4095.3 0.9000 0.8439
4095.4 0.9000 0.8439
4095.5 0.9000 0.8439
4095.6 0.9000 0.8439
4095.7 0.9000 0.8439
4095.8 0.9000 0.8439
4095.9 0.9000 0.8439
4096.0 0.9000 0.8439
4096.1 0.9000 0.8439
4096.2 0.9000 0.8439
4096.3 0.9000 0.8439
4096.4 0.9000 0.8439
4096.5 0.9000 0.8439
4096.6 0.9000 0.8440
4096.7 0.9000 0.8440
4096.8 0.9000 0.8440
4096.9 0.9000 0.8440
4097.0 0.9000 0.8440
4097.1 0.9000 0.8440
4097.2 0.9000 0.8440
4097.3 0.9000 0.8440
4097.4 0.9000 0.8440
4097.5 0.9000 0.8440
4097.6 0.9000 0.8440
4097.7 0.9000 0.8440
4097.8 0.9000 0.8440
4097.9 0.9000 0.8440
4098.0 0.9000 0.8441
4098.1 0.9000 0.8441
4098.2 0.9000 0.8441
4098.3 0.9000 0.8441
4098.4 0.9000 0.8441
4098.5 0.9000 0.8441
4098.6 0.9000 0.8441
4098.7 0.9000 0.8441
4098.8 0.9000 0.8441
4098.9 0.9000 0.8441
4099.0 0.9000 0.8441
4099.1 0.9000 0.8441
4099.2 0.9000 0.8441
4099.3 0.9000 0.8441
4099.4 0.9000 0.8442
4099.5 0.9000 0.8442
4099.6 0.9000 0.8442
4099.7 0.9000 0.8442
4099.8 0.9000 0.8442
4099.9 0.9000 0.8442
4100.0 0.9000 0.8442
4100.1 0.9000 0.8442
4100.2 0.9000 0.8442
4100.3 0.9000 0.8442
4100.4 0.9000 0.8442
4100.5 0.9000 0.8442
4100.6 0.9000 0.8442
4100.7 0.9000 0.8443
4100.8 0.9000 0.8443
4100.9 0.9000 0.8443
4101.0 0.9000 0.8443
4101.1 0.9000 0.8443
4101.2 0.9000 0.8443
4101.3 0.9000 0.8443
4101.4 0.9000 0.8443
4101.5 0.9000 0.8443
4101.6 0.9000 0.8443
4101.7 0.9000 0.8443
4101.8 0.9000 0.8443
4101.9 0.9000 0.8443
4102.0 0.9000 0.8443
4102.1 0.9000 0.8444
4102.2 0.9000 0.8444
4102.3 0.9000 0.8444
4102.4 0.9000 0.8444
4102.5 0.9000 0.8444
4102.6 0.9000 0.8444
4102.7 0.9000 0.8444
4102.8 0.9000 0.8444
4102.9 0.9000 0.8444
4103.0 0.9000 0.8444
4103.1 0.9000 0.8444
4103.2 0.9000 0.8444
4103.3 0.9000 0.8444
4103.4 0.9000 0.8444
4103.5 0.9000 0.8445
4103.6 0.9000 0.8445
4103.7 0.9000 0.8445
4103.8 0.9000 0.8445
4103.9 0.9000 0.8445
4104.0 0.9000 0.8445
4104.1 0.9000 0.8445
4104.2 0.9000 0.8445
4104.3 0.9000 0.8445
4104.4 0.9000 0.8445
4104.5 0.9000 0.8445
4104.6 0.9000 0.8445
4104.7 0.9000 0.8445
4104.8 0.9000 0.8445
4104.9 0.9000 0.8446
4105.0 0.9000 0.8446
4105.1 0.9000 0.8446
4105.2 0.9000 0.8446
4105.3 0.9000 0.8446
4105.4 0.9000 0.8446
4105.5 0.9000 0.8446
4105.6 0.9000 0.8446
4105.7 0.9000 0.8446
4105.8 0.9000 0.8446
4105.9 0.9000 0.8446
4106.0 0.9000 0.8446
4106.1 0.9000 0.8446
4106.2 0.9000 0.8446
4106.3 0.9000 0.8447
4106.4 0.9000 0.8447
4106.5 0.9000 0.8447
4106.6 0.9000 0.8447
4106.7 0.9000 0.8447
4106.8 0.9000 0.8447
4106.9 0.9000 0.8447
4107.0 0.9000 0.8447
4107.1 0.9000 0.8447
4107.2 0.9000 0.8447
4107.3 0.9000 0.8447
4107.4 0.9000 0.8447
4107.5 0.9000 0.8447
4107.6 0.9000 0.8447
4107.7 0.9000 0.8448
4107.8 0.9000 0.8448
4107.9 0.9000 0.8448
4108.0 0.9000 0.8448
4108.1 0.9000 0.8448
4108.2 0.9000 0.8448
4108.3 0.9000 0.8448
4108.4 0.9000 0.8448
4108.5 0.9000 0.8448
4108.6 0.9000 0.8448
4108.7 0.9000 0.8448
4108.8 0.9000 0.8448
4108.9 0.9000 0.8448
4109.0 0.9000 0.8448
4109.1 0.9000 0.8449
4109.2 0.9000 0.8449
4109.3 0.9000 0.8449
4109.4 0.9000 0.8449
4109.5 0.9000 0.8449
4109.6 0.9000 0.8449
4109.7 0.9000 0.8449
4109.8 0.9000 0.8449
4109.9 0.9000 0.8449
4110.0 0.9000 0.8449
4110.1 0.9000 0.8449
4110.2 0.9000 0.8449
4110.3 0.9000 0.8449
4110.4 0.9000 0.8449
4110.5 0.9000 0.8450
4110.6 0.9000 0.8450
4110.7 0.9000 0.8450
4110.8 0.9000 0.8450
4110.9 0.9000 0.8450
4111.0 0.9000 0.8450
4111.1 0.9000 0.8450
4111.2 0.9000 0.8450
4111.3 0.9000 0.8450
4111.4 0.9000 0.8450
4111.5 0.9000 0.8450
4111.6 0.9000 0.8450
4111.7 0.9000 0.8450
4111.8 0.9000 0.8450
4111.9 0.9000 0.8451
4112.0 0.9000 0.8451
4112.1 0.9000 0.8451
4112.2 0.9000 0.8451
4112.3 0.9000 0.8451
4112.4 0.9000 0.8451
4112.5 0.9000 0.8451
4112.6 0.9000 0.8451
4112.7 0.9000 0.8451
4112.8 0.9000 0.8451
4112.9 0.9000 0.8451
4113.0 0.9000 0.8451
4113.1 0.9000 0.8451
4113.2 0.9000 0.8452
4113.3 0.9000 0.8452
4113.4 0.9000 0.8452
4113.5 0.9000 0.8452
4113.6 0.9000 0.8452
4113.7 0.9000 0.8452
4113.8 0.9000 0.8452
4113.9 0.9000 0.8452
4114.0 0.9000 0.8452
4114.1 0.9000 0.8452
4114.2 0.9000 0.8452
4114.3 0.9000 0.8452
4114.4 0.9000 0.8452
4114.5 0.9000 0.8452
4114.6 0.9000 0.8453
4114.7 0.9000 0.8453
4114.8 0.9000 0.8453
4114.9 0.9000 0.8453
4115.0 0.9000 0.8453
4115.1 0.9000 0.8453
4115.2 0.9000 0.8453
4115.3 0.9000 0.8453
4115.4 0.9000 0.8453
4115.5 0.9000 0.8453
4115.6 0.9000 0.8453
4115.7 0.9000 0.8453
4115.8 0.9000 0.8453
4115.9 0.9000 0.8453
4116.0 0.9000 0.8454
4116.1 0.9000 0.8454
4116.2 0.9000 0.8454
4116.3 0.9000 0.8454
4116.4 0.9000 0.8454
4116.5 0.9000 0.8454
4116.6 0.9000 0.8454
4116.7 0.9000 0.8454
4116.8 0.9000 0.8454
4116.9 0.9000 0.8454
4117.0 0.9000 0.8454
4117.1 0.9000 0.8454
4117.2 0.9000 0.8454
4117.3 0.9000 0.8454
4117.4 0.9000 0.8455
4117.5 0.9000 0.8455
4117.6 0.9000 0.8455
4117.7 0.9000 0.8455
4117.8 0.9000 0.8455
4117.9 0.9000 0.8455
4118.0 0.9000 0.8455
4118.1 0.9000 0.8455
4118.2 0.9000 0.8455
4118.3 0.9000 0.8455
4118.4 0.9000 0.8455
4118.5 0.9000 0.8455
4118.6 0.9000 0.8455
4118.7 0.9000 0.8455
4118.8 0.9000 0.8456
4118.9 0.9000 0.8456
4119.0 0.9000 0.8456
4119.1 0.9000 0.8456
4119.2 0.9000 0.8456
4119.3 0.9000 0.8456
4119.4 0.9000 0.8456
4119.5 0.9000 0.8456
4119.6 0.9000 0.8456
4119.7 0.9000 0.8456
4119.8 0.9000 0.8456
4119.9 0.9000 0.8456
4120.0 0.9000 0.8456
4120.1 0.9000 0.8456
4120.2 0.9000 0.8457
4120.3 0.9000 0.8457
4120.4 0.9000 0.8457
4120.5 0.9000 0.8457
4120.6 0.9000 0.8457
4120.7 0.9000 0.8457
4120.8 0.9000 0.8457
4120.9 0.9000 0.8457
4121.0 0.9000 0.8457
4121.1 0.9000 0.8457
4121.2 0.9000 0.8457
4121.3 0.9000 0.8457
4121.4 0.9000 0.8457
4121.5 0.9000 0.8457
4121.6 0.9000 0.8458
4121.7 0.9000 0.8458
4121.8 0.9000 0.8458
4121.9 0.9000 0.8458
4122.0 0.9000 0.8458
4122.1 0.9000 0.8458
4122.2 0.9000 0.8458
4122.3 0.9000 0.8458
4122.4 0.9000 0.8458
4122.5 0.9000 0.8458
4122.6 0.9000 0.8458
4122.7 0.9000 0.8458
4122.8 0.9000 0.8458
4122.9 0.9000 0.8458
4123.0 0.9000 0.8459
4123.1 0.9000 0.8459
4123.2 0.9000 0.8459
4123.3 0.9000 0.8459
4123.4 0.9000 0.8459
4123.5 0.9000 0.8459
4123.6 0.9000 0.8459
4123.7 0.9000 0.8459
4123.8 0.9000 0.8459
4123.9 0.9000 0.8459
4124.0 0.9000 0.8459
4124.1 0.9000 0.8459
4124.2 0.9000 0.8459
4124.3 0.9000 0.8459
4124.4 0.9000 0.8460
4124.5 0.9000 0.8460
4124.6 0.9000 0.8460
4124.7 0.9000 0.8460
4124.8 0.9000 0.8460
4124.9 0.9000 0.8460
4125.0 0.9000 0.8460
4125.1 0.9000 0.8460
4125.2 0.9000 0.8460
4125.3 0.9000 0.8460
4125.4 0.9000 0.8460
4125.5 0.9000 0.8460
4125.6 0.9000 0.8460
4125.7 0.9000 0.8461
4125.8 0.9000 0.8461
4125.9 0.9000 0.8461
4126.0 0.9000 0.8461
4126.1 0.9000 0.8461
4126.2 0.9000 0.8461
4126.3 0.9000 0.8461
4126.4 0.9000 0.8461
4126.5 0.9000 0.8461
4126.6 0.9000 0.8461
4126.7 0.9000 0.8461
4126.8 0.9000 0.8461
4126.9 0.9000 0.8461
4127.0 0.9000 0.8461
4127.1 0.9000 0.8462
4127.2 0.9000 0.8462
4127.3 0.9000 0.8462
4127.4 0.9000 0.8462
4127.5 0.9000 0.8462
4127.6 0.9000 0.8462
4127.7 0.9000 0.8462
4127.8 0.9000 0.8462
4127.9 0.9000 0.8462
4128.0 0.9000 0.8462
4128.1 0.9000 0.8462
4128.2 0.9000 0.8462
4128.3 0.9000 0.8462
4128.4 0.9000 0.8462
4128.5 0.9000 0.8463
4128.6 0.9000 0.8463
4128.7 0.9000 0.8463
4128.8 0.9000 0.8463
4128.9 0.9000 0.8463
4129.0 0.9000 0.8463
4129.1 0.9000 0.8463
4129.2 0.9000 0.8463
4129.3 0.9000 0.8463
4129.4 0.9000 0.8463
4129.5 0.9000 0.8463
4129.6 0.9000 0.8463
4129.7 0.9000 0.8463
4129.8 0.9000 0.8463
4129.9 0.9000 0.8464
4130.0 0.9000 0.8464
4130.1 0.9000 0.8464
4130.2 0.9000 0.8464
4130.3 0.9000 0.8464
4130.4 0.9000 0.8464
4130.5 0.9000 0.8464
4130.6 0.9000 0.8464
4130.7 0.9000 0.8464
4130.8 0.9000 0.8464
4130.9 0.9000 0.8464
4131.0 0.9000 0.8464
4131.1 0.9000 0.8464
4131.2 0.9000 0.8464
4131.3 0.9000 0.8465
4131.4 0.9000 0.8465
4131.5 0.9000 0.8465
4131.6 0.9000 0.8465
4131.7 0.9000 0.8465
4131.8 0.9000 0.8465
4131.9 0.9000 0.8465
4132.0 0.9000 0.8465
4132.1 0.9000 0.8465
4132.2 0.9000 0.8465
4132.3 0.9000 0.8465
4132.4 0.9000 0.8465
4132.5 0.9000 0.8465
4132.6 0.9000 0.8465
4132.7 0.9000 0.8466
4132.8 0.9000 0.8466
4132.9 0.9000 0.8466
4133.0 0.9000 0.8466
4133.1 0.9000 0.8466
4133.2 0.9000 0.8466
4133.3 0.9000 0.8466
4133.4 0.9000 0.8466
4133.5 0.9000 0.8466
4133.6 0.9000 0.8466
4133.7 0.9000 0.8466
4133.8 0.9000 0.8466
4133.9 0.9000 0.8466
4134.0 0.9000 0.8466
4134.1 0.9000 0.8467
4134.2 0.9000 0.8467
4134.3 0.9000 0.8467
4134.4 0.9000 0.8467
4134.5 0.9000 0.8467
4134.6 0.9000 0.8467
4134.7 0.9000 0.8467
4134.8 0.9000 0.8467
4134.9 0.9000 0.8467
4135.0 0.9000 0.8467
4135.1 0.9000 0.8467
4135.2 0.9000 0.8467
4135.3 0.9000 0.8467
4135.4 0.9000 0.8467
4135.5 0.9000 0.8468
4135.6 0.9000 0.8468
4135.7 0.9000 0.8468
4135.8 0.9000 0.8468
4135.9 0.9000 0.8468
4136.0 0.9000 0.8468
4136.1 0.9000 0.8468
4136.2 0.9000 0.8468
4136.3 0.9000 0.8468
4136.4 0.9000 0.8468
4136.5 0.9000 0.8468
4136.6 0.9000 0.8468
4136.7 0.9000 0.8468
4136.8 0.9000 0.8468
4136.9 0.9000 0.8469
4137.0 0.9000 0.8469
4137.1 0.9000 0.8469
4137.2 0.9000 0.8469
4137.3 0.9000 0.8469
4137.4 0.9000 0.8469
4137.5 0.9000 0.8469
4137.6 0.9000 0.8469
4137.7 0.9000 0.8469
4137.8 0.9000 0.8469
4137.9 0.9000 0.8469
4138.0 0.9000 0.8469
4138.1 0.9000 0.8469
4138.2 0.9000 0.8470
4138.3 0.9000 0.8470
4138.4 0.9000 0.8470
4138.5 0.9000 0.8470
4138.6 0.9000 0.8470
4138.7 0.9000 0.8470
4138.8 0.9000 0.8470
4138.9 0.9000 0.8470
4139.0 0.9000 0.8470
4139.1 0.9000 0.8470
4139.2 0.9000 0.8470
4139.3 0.9000 0.8470
4139.4 0.9000 0.8470
4139.5 0.9000 0.8470
4139.6 0.9000 0.8471
4139.7 0.9000 0.8471
4139.8 0.9000 0.8471
4139.9 0.9000 0.8471
4140.0 0.9000 0.8471
4140.1 0.9000 0.8471
4140.2 0.9000 0.8471
4140.3 0.9000 0.8471
4140.4 0.9000 0.8471
4140.5 0.9000 0.8471
4140.6 0.9000 0.8471
4140.7 0.9000 0.8471
4140.8 0.9000 0.8471
4140.9 0.9000 0.8471
4141.0 0.9000 0.8472
4141.1 0.9000 0.8472
4141.2 0.9000 0.8472
4141.3 0.9000 0.8472
4141.4 0.9000 0.8472
4141.5 0.9000 0.8472
4141.6 0.9000 0.8472
4141.7 0.9000 0.8472
4141.8 0.9000 0.8472
4141.9 0.9000 0.8472
4142.0 0.9000 0.8472
4142.1 0.9000 0.8472
4142.2 0.9000 0.8472
4142.3 0.9000 0.8472
4142.4 0.9000 0.8473
4142.5 0.9000 0.8473
4142.6 0.9000 0.8473
4142.7 0.9000 0.8473
4142.8 0.9000 0.8473
4142.9 0.9000 0.8473
4143.0 0.9000 0.8473
4143.1 0.9000 0.8473
4143.2 0.9000 0.8473
4143.3 0.9000 0.8473
4143.4 0.9000 0.8473
4143.5 0.9000 0.8473
4143.6 0.9000 0.8473
4143.7 0.9000 0.8473
4143.8 0.9000 0.8474
4143.9 0.9000 0.8474
4144.0 0.9000 0.8474
4144.1 0.9000 0.8474
4144.2 0.9000 0.8474
4144.3 0.9000 0.8474
4144.4 0.9000 0.8474
4144.5 0.9000 0.8474
4144.6 0.9000 0.8474
4144.7 0.9000 0.8474
4144.8 0.9000 0.8474
4144.9 0.9000 0.8474
4145.0 0.9000 0.8474
4145.1 0.9000 0.8474
4145.2 0.9000 0.8475
4145.3 0.9000 0.8475
4145.4 0.9000 0.8475
4145.5 0.9000 0.8475
4145.6 0.9000 0.8475
4145.7 0.9000 0.8475
4145.8 0.9000 0.8475
4145.9 0.9000 0.8475
4146.0 0.9000 0.8475
4146.1 0.9000 0.8475
4146.2 0.9000 0.8475
4146.3 0.9000 0.8475
4146.4 0.9000 0.8475
4146.5 0.9000 0.8475
4146.6 0.9000 0.8476
4146.7 0.9000 0.8476
4146.8 0.9000 0.8476
4146.9 0.9000 0.8476
4147.0 0.9000 0.8476
4147.1 0.9000 0.8476
4147.2 0.9000 0.8476
4147.3 0.9000 0.8476
4147.4 0.9000 0.8476
4147.5 0.9000 0.8476
4147.6 0.9000 0.8476
4147.7 0.9000 0.8476
4147.8 0.9000 0.8476
4147.9 0.9000 0.8476
4148.0 0.9000 0.8477
4148.1 0.9000 0.8477
4148.2 0.9000 0.8477
4148.3 0.9000 0.8477
4148.4 0.9000 0.8477
4148.5 0.9000 0.8477
4148.6 0.9000 0.8477
4148.7 0.9000 0.8477
4148.8 0.9000 0.8477
4148.9 0.9000 0.8477
4149.0 0.9000 0.8477
4149.1 0.9000 0.8477
4149.2 0.9000 0.8477
4149.3 0.9000 0.8477
4149.4 0.9000 0.8478
4149.5 0.9000 0.8478
4149.6 0.9000 0.8478
4149.7 0.9000 0.8478
4149.8 0.9000 0.8478
4149.9 0.9000 0.8478
4150.0 0.9000 0.8478
4150.1 0.9000 0.8478
4150.2 0.9000 0.8478
4150.3 0.9000 0.8478
4150.4 0.9000 0.8478
4150.5 0.9000 0.8478
4150.6 0.9000 0.8478
4150.7 0.9000 0.8479
4150.8 0.9000 0.8479
4150.9 0.9000 0.8479
4151.0 0.9000 0.8479
4151.1 0.9000 0.8479
4151.2 0.9000 0.8479
4151.3 0.9000 0.8479
4151.4 0.9000 0.8479
4151.5 0.9000 0.8479
4151.6 0.9000 0.8479
4151.7 0.9000 0.8479
4151.8 0.9000 0.8479
4151.9 0.9000 0.8479
4152.0 0.9000 0.8479
4152.1 0.9000 0.8480
4152.2 0.9000 0.8480
4152.3 0.9000 0.8480
4152.4 0.9000 0.8480
4152.5 0.9000 0.8480
4152.6 0.9000 0.8480
4152.7 0.9000 0.8480
4152.8 0.9000 0.8480
4152.9 0.9000 0.8480
4153.0 0.9000 0.8480
4153.1 0.9000 0.8480
4153.2 0.9000 0.8480
4153.3 0.9000 0.8480
4153.4 0.9000 0.8480
4153.5 0.9000 0.8481
4153.6 0.9000 0.8481
4153.7 0.9000 0.8481
4153.8 0.9000 0.8481
4153.9 0.9000 0.8481
4154.0 0.9000 0.8481
4154.1 0.9000 0.8481
4154.2 0.9000 0.8481
4154.3 0.9000 0.8481
4154.4 0.9000 0.8481
4154.5 0.9000 0.8481
4154.6 0.9000 0.8481
4154.7 0.9000 0.8481
4154.8 0.9000 0.8481
4154.9 0.9000 0.8482
4155.0 0.9000 0.8482
4155.1 0.9000 0.8482
4155.2 0.9000 0.8482
4155.3 0.9000 0.8482
4155.4 0.9000 0.8482
4155.5 0.9000 0.8482
4155.6 0.9000 0.8482
4155.7 0.9000 0.8482
4155.8 0.9000 0.8482
4155.9 0.9000 0.8482
4156.0 0.9000 0.8482
4156.1 0.9000 0.8482
4156.2 0.9000 0.8482
4156.3 0.9000 0.8483
4156.4 0.9000 0.8483
4156.5 0.9000 0.8483
4156.6 0.9000 0.8483
4156.7 0.9000 0.8483
4156.8 0.9000 0.8483
4156.9 0.9000 0.8483
4157.0 0.9000 0.8483
4157.1 0.9000 0.8483
4157.2 0.9000 0.8483
4157.3 0.9000 0.8483
4157.4 0.9000 0.8483
4157.5 0.9000 0.8483
4157.6 0.9000 0.8483
4157.7 0.9000 0.8484
4157.8 0.9000 0.8484
4157.9 0.9000 0.8484
4158.0 0.9000 0.8484
4158.1 0.9000 0.8484
4158.2 0.9000 0.8484
4158.3 0.9000 0.8484
4158.4 0.9000 0.8484
4158.5 0.9000 0.8484
4158.6 0.9000 0.8484
4158.7 0.9000 0.8484
4158.8 0.9000 0.8484
4158.9 0.9000 0.8484
4159.0 0.9000 0.8484
4159.1 0.9000 0.8485
4159.2 0.9000 0.8485
4159.3 0.9000 0.8485
4159.4 0.9000 0.8485
4159.5 0.9000 0.8485
4159.6 0.9000 0.8485
4159.7 0.9000 0.8485
4159.8 0.9000 0.8485
4159.9 0.9000 0.8485
4160.0 0.9000 0.8485
4160.1 0.9000 0.8485
4160.2 0.9000 0.8485
4160.3 0.9000 0.8485
4160.4 0.9000 0.8485
4160.5 0.9000 0.8486
4160.6 0.9000 0.8486
4160.7 0.9000 0.8486
4160.8 0.9000 0.8486
4160.9 0.9000 0.8486
4161.0 0.9000 0.8486
4161.1 0.9000 0.8486
4161.2 0.9000 0.8486
4161.3 0.9000 0.8486
4161.4 0.9000 0.8486
4161.5 0.9000 0.8486
4161.6 0.9000 0.8486
4161.7 0.9000 0.8486
4161.8 0.9000 0.8486
4161.9 0.9000 0.8487
4162.0 0.9000 0.8487
4162.1 0.9000 0.8487
4162.2 0.9000 0.8487
4162.3 0.9000 0.8487
4162.4 0.9000 0.8487
4162.5 0.9000 0.8487
4162.6 0.9000 0.8487
4162.7 0.9000 0.8487
4162.8 0.9000 0.8487
4162.9 0.9000 0.8487
4163.0 0.9000 0.8487
4163.1 0.9000 0.8487
4163.2 0.9000 0.8488
4163.3 0.9000 0.8488
4163.4 0.9000 0.8488
4163.5 0.9000 0.8488
4163.6 0.9000 0.8488
4163.7 0.9000 0.8488
4163.8 0.9000 0.8488
4163.9 0.9000 0.8488
4164.0 0.9000 0.8488
4164.1 0.9000 0.8488
4164.2 0.9000 0.8488
4164.3 0.9000 0.8488
4164.4 0.9000 0.8488
4164.5 0.9000 0.8488
4164.6 0.9000 0.8489
4164.7 0.9000 0.8489
4164.8 0.9000 0.8489
4164.9 0.9000 0.8489
4165.0 0.9000 0.8489
4165.1 0.9000 0.8489
4165.2 0.9000 0.8489
4165.3 0.9000 0.8489
4165.4 0.9000 0.8489
4165.5 0.9000 0.8489
4165.6 0.9000 0.8489
4165.7 0.9000 0.8489
4165.8 0.9000 0.8489
4165.9 0.9000 0.8489
4166.0 0.9000 0.8490
4166.1 0.9000 0.8490
4166.2 0.9000 0.8490
4166.3 0.9000 0.8490
4166.4 0.9000 0.8490
4166.5 0.9000 0.8490
4166.6 0.9000 0.8490
4166.7 0.9000 0.8490
4166.8 0.9000 0.8490
4166.9 0.9000 0.8490
4167.0 0.9000 0.8490
4167.1 0.9000 0.8490
4167.2 0.9000 0.8490
4167.3 0.9000 0.8490
4167.4 0.9000 0.8491
4167.5 0.9000 0.8491
4167.6 0.9000 0.8491
4167.7 0.9000 0.8491
4167.8 0.9000 0.8491
4167.9 0.9000 0.8491
4168.0 0.9000 0.8491
4168.1 0.9000 0.8491
4168.2 0.9000 0.8491
4168.3 0.9000 0.8491
4168.4 0.9000 0.8491
4168.5 0.9000 0.8491
4168.6 0.9000 0.8491
4168.7 0.9000 0.8491
4168.8 0.9000 0.8492
4168.9 0.9000 0.8492
4169.0 0.9000 0.8492
4169.1 0.9000 0.8492
4169.2 0.9000 0.8492
4169.3 0.9000 0.8492
4169.4 0.9000 0.8492
4169.5 0.9000 0.8492
4169.6 0.9000 0.8492
4169.7 0.9000 0.8492
4169.8 0.9000 0.8492
4169.9 0.9000 0.8492
4170.0 0.9000 0.8492
4170.1 0.9000 0.8492
4170.2 0.9000 0.8493
4170.3 0.9000 0.8493
4170.4 0.9000 0.8493
4170.5 0.9000 0.8493
4170.6 0.9000 0.8493
4170.7 0.9000 0.8493
4170.8 0.9000 0.8493
4170.9 0.9000 0.8493
4171.0 0.9000 0.8493
4171.1 0.9000 0.8493
4171.2 0.9000 0.8493
4171.3 0.9000 0.8493
4171.4 0.9000 0.8493
4171.5 0.9000 0.8493
4171.6 0.9000 0.8494
4171.7 0.9000 0.8494
4171.8 0.9000 0.8494
4171.9 0.9000 0.8494
4172.0 0.9000 0.8494
4172.1 0.9000 0.8494
4172.2 0.9000 0.8494
4172.3 0.9000 0.8494
4172.4 0.9000 0.8494
4172.5 0.9000 0.8494
4172.6 0.9000 0.8494
4172.7 0.9000 0.8494
4172.8 0.9000 0.8494
4172.9 0.9000 0.8494
4173.0 0.9000 0.8495
4173.1 0.9000 0.8495
4173.2 0.9000 0.8495
4173.3 0.9000 0.8495
4173.4 0.9000 0.8495
4173.5 0.9000 0.8495
4173.6 0.9000 0.8495
4173.7 0.9000 0.8495
4173.8 0.9000 0.8495
4173.9 0.9000 0.8495
4174.0 0.9000 0.8495
4174.1 0.9000 0.8495
4174.2 0.9000 0.8495
4174.3 0.9000 0.8495
4174.4 0.9000 0.8496
4174.5 0.9000 0.8496
4174.6 0.9000 0.8496
4174.7 0.9000 0.8496
4174.8 0.9000 0.8496
4174.9 0.9000 0.8496
4175.0 0.9000 0.8496
4175.1 0.9000 0.8496
4175.2 0.9000 0.8496
4175.3 0.9000 0.8496
4175.4 0.9000 0.8496
4175.5 0.9000 0.8496
4175.6 0.9000 0.8496
4175.7 0.9000 0.8497
4175.8 0.9000 0.8497
4175.9 0.9000 0.8497
4176.0 0.9000 0.8497
4176.1 0.9000 0.8497
4176.2 0.9000 0.8497
4176.3 0.9000 0.8497
4176.4 0.9000 0.8497
4176.5 0.9000 0.8497
4176.6 0.9000 0.8497
4176.7 0.9000 0.8497
4176.8 0.9000 0.8497
4176.9 0.9000 0.8497
4177.0 0.9000 0.8497
4177.1 0.9000 0.8498
4177.2 0.9000 0.8498
4177.3 0.9000 0.8498
4177.4 0.9000 0.8498
4177.5 0.9000 0.8498
4177.6 0.9000 0.8498
4177.7 0.9000 0.8498
4177.8 0.9000 0.8498
4177.9 0.9000 0.8498
4178.0 0.9000 0.8498
4178.1 0.9000 0.8498
4178.2 0.9000 0.8498
4178.3 0.9000 0.8498
4178.4 0.9000 0.8498
4178.5 0.9000 0.8499
4178.6 0.9000 0.8499
4178.7 0.9000 0.8499
4178.8 0.9000 0.8499
4178.9 0.9000 0.8499
4179.0 0.9000 0.8499
4179.1 0.9000 0.8499
4179.2 0.9000 0.8499
4179.3 0.9000 0.8499
4179.4 0.9000 0.8499
4179.5 0.9000 0.8499
4179.6 0.9000 0.8499
4179.7 0.9000 0.8499
4179.8 0.9000 0.8499
4179.9 0.9000 0.8500
4180.0 0.9000 0.8500
4180.1 0.9000 0.8500
4180.2 0.9000 0.8500
4180.3 0.9000 0.8500
4180.4 0.9000 0.8500
4180.5 0.9000 0.8500
4180.6 0.9000 0.8500
4180.7 0.9000 0.8500
4180.8 0.9000 0.8500
4180.9 0.9000 0.8500
4181.0 0.9000 0.8500
4181.1 0.9000 0.8500
4181.2 0.9000 0.8500
4181.3 0.9000 0.8501
4181.4 0.9000 0.8501
4181.5 0.9000 0.8501
4181.6 0.9000 0.8501
4181.7 0.9000 0.8501
4181.8 0.9000 0.8501
4181.9 0.9000 0.8501
4182.0 0.9000 0.8501
4182.1 0.9000 0.8501
4182.2 0.9000 0.8501
4182.3 0.9000 0.8501
4182.4 0.9000 0.8501
4182.5 0.9000 0.8501
4182.6 0.9000 0.8501
4182.7 0.9000 0.8502
4182.8 0.9000 0.8502
4182.9 0.9000 0.8502
4183.0 0.9000 0.8502
4183.1 0.9000 0.8502
4183.2 0.9000 0.8502
4183.3 0.9000 0.8502
4183.4 0.9000 0.8502
4183.5 0.9000 0.8502
4183.6 0.9000 0.8502
4183.7 0.9000 0.8502
4183.8 0.9000 0.8502
4183.9 0.9000 0.8502
4184.0 0.9000 0.8502
4184.1 0.9000 0.8503
4184.2 0.9000 0.8503
4184.3 0.9000 0.8503
4184.4 0.9000 0.8503
4184.5 0.9000 0.8503
4184.6 0.9000 0.8503
4184.7 0.9000 0.8503
4184.8 0.9000 0.8503
4184.9 0.9000 0.8503
4185.0 0.9000 0.8503
4185.1 0.8970 0.8475
4185.2 0.8940 0.8447
4185.3 0.8910 0.8418
4185.4 0.8880 0.8390
4185.5 0.8850 0.8362
4185.6 0.8820 0.8334
4185.7 0.8790 0.8305
4185.8 0.8760 0.8277
4185.9 0.8730 0.8249
4186.0 0.8700 0.8220
4186.1 0.8670 0.8192
4186.2 0.8640 0.8164
4186.3 0.8610 0.8136
4186.4 0.8580 0.8107
4186.5 0.8550 0.8079
4186.6 0.8520 0.8051
4186.7 0.8490 0.8023
4186.8 0.8460 0.7994
4186.9 0.8430 0.7966
4187.0 0.8400 0.7938
4187.1 0.8370 0.7909
4187.2 0.8340 0.7881
4187.3 0.8310 0.7853
4187.4 0.8280 0.7825
4187.5 0.8250 0.7796
4187.6 0.8220 0.7768
4187.7 0.8190 0.7740
4187.8 0.8160 0.7711
4187.9 0.8130 0.7683
4188.0 0.8100 0.7655
4188.1 0.8070 0.7627
4188.2 0.8040 0.7598
4188.3 0.8010 0.7570
4188.4 0.7980 0.7542
4188.5 0.7950 0.7513
4188.6 0.7920 0.7485
4188.7 0.7890 0.7457
4188.8 0.7860 0.7429
4188.9 0.7830 0.7400
4189.0 0.7800 0.7372
4189.1 0.7770 0.7344
4189.2 0.7740 0.7315
4189.3 0.7710 0.7287
4189.4 0.7680 0.7259
4189.5 0.7650 0.7230
4189.6 0.7620 0.7202
4189.7 0.7590 0.7174
4189.8 0.7560 0.7146
4189.9 0.7530 0.7117
4190.0 0.7500 0.7089
4190.1 0.7470 0.7061
4190.2 0.7440 0.7032
4190.3 0.7410 0.7004
4190.4 0.7380 0.6976
4190.5 0.7350 0.6948
4190.6 0.7320 0.6919
4190.7 0.7290 0.6891
4190.8 0.7260 0.6863
4190.9 0.7230 0.6834
4191.0 0.7200 0.6806
4191.1 0.7170 0.6778
4191.2 0.7140 0.6749
4191.3 0.7110 0.6721
4191.4 0.7080 0.6693
4191.5 0.7050 0.6665
4191.6 0.7020 0.6636
4191.7 0.6990 0.6608
4191.8 0.6960 0.6580
4191.9 0.6930 0.6551
4192.0 0.6900 0.6523
4192.1 0.6870 0.6495
4192.2 0.6840 0.6466
4192.3 0.6810 0.6438
4192.4 0.6780 0.6410
4192.5 0.6750 0.6381
4192.6 0.6720 0.6353
4192.7 0.6690 0.6325
4192.8 0.6660 0.6297
4192.9 0.6630 0.6268
4193.0 0.6600 0.6240
4193.1 0.6570 0.6212
4193.2 0.6540 0.6183
4193.3 0.6510 0.6155
4193.4 0.6480 0.6127
4193.5 0.6450 0.6098
4193.6 0.6420 0.6070
4193.7 0.6390 0.6042
4193.8 0.6360 0.6013
4193.9 0.6330 0.5985
4194.0 0.6300 0.5957
4194.1 0.6270 0.5928
4194.2 0.6240 0.5900
4194.3 0.6210 0.5872
4194.4 0.6180 0.5844
4194.5 0.6150 0.5815
4194.6 0.6120 0.5787
4194.7 0.6090 0.5759
4194.8 0.6060 0.5730
4194.9 0.6030 0.5702
4195.0 0.6000 0.5674
4195.1 0.5970 0.5645
4195.2 0.5940 0.5617
4195.3 0.5910 0.5589
4195.4 0.5880 0.5560
4195.5 0.5850 0.5532
4195.6 0.5820 0.5504
4195.7 0.5790 0.5475
4195.8 0.5760 0.5447
4195.9 0.5730 0.5419
4196.0 0.5700 0.5390
4196.1 0.5670 0.5362
4196.2 0.5640 0.5334
4196.3 0.5610 0.5305
4196.4 0.5580 0.5277
4196.5 0.5550 0.5249
4196.6 0.5520 0.5220
4196.7 0.5490 0.5192
4196.8 0.5460 0.5164
4196.9 0.5430 0.5135
4197.0 0.5400 0.5107
4197.1 0.5370 0.5079
4197.2 0.5340 0.5050
4197.3 0.5310 0.5022
4197.4 0.5280 0.4994
4197.5 0.5250 0.4965
4197.6 0.5220 0.4937
4197.7 0.5190 0.4909
4197.8 0.5160 0.4880
4197.9 0.5130 0.4852
4198.0 0.5100 0.4824
4198.1 0.5070 0.4795
4198.2 0.5040 0.4767
4198.3 0.5010 0.4739
4198.4 0.4980 0.4710
4198.5 0.4950 0.4682
4198.6 0.4920 0.4654
4198.7 0.4890 0.4625
4198.8 0.4860 0.4597
4198.9 0.4830 0.4569
4199.0 0.4800 0.4540
4199.1 0.4770 0.4512
4199.2 0.4740 0.4484
4199.3 0.4710 0.4455
4199.4 0.4680 0.4427
4199.5 0.4650 0.4399
4199.6 0.4620 0.4370
4199.7 0.4590 0.4342
4199.8 0.4560 0.4314
4199.9 0.4530 0.4285
4200.0 0.4500 0.4257
4200.1 0.4470 0.4229
4200.2 0.4440 0.4200
4200.3 0.4410 0.4172
4200.4 0.4380 0.4144
4200.5 0.4350 0.4115
4200.6 0.4320 0.4087
4200.7 0.4290 0.4059
4200.8 0.4260 0.4030
4200.9 0.4230 0.4002
4201.0 0.4200 0.3974
4201.1 0.4170 0.3945
4201.2 0.4140 0.3917
4201.3 0.4110 0.3888
4201.4 0.4080 0.3860
4201.5 0.4050 0.3832
4201.6 0.4020 0.3803
4201.7 0.3990 0.3775
4201.8 0.3960 0.3747
4201.9 0.3930 0.3718
4202.0 0.3900 0.3690
4202.1 0.3870 0.3662
4202.2 0.3840 0.3633
4202.3 0.3810 0.3605
4202.4 0.3780 0.3577
4202.5 0.3750 0.3548
4202.6 0.3720 0.3520
4202.7 0.3690 0.3492
4202.8 0.3660 0.3463
4202.9 0.3630 0.3435
4203.0 0.3600 0.3406
4203.1 0.3570 0.3378
4203.2 0.3540 0.3350
4203.3 0.3510 0.3321
4203.4 0.3480 0.3293
4203.5 0.3450 0.3265
4203.6 0.3420 0.3236
4203.7 0.3390 0.3208
4203.8 0.3360 0.3180
4203.9 0.3330 0.3151
4204.0 0.3300 0.3123
4204.1 0.3270 0.3094
4204.2 0.3240 0.3066
4204.3 0.3210 0.3038
4204.4 0.3180 0.3009
4204.5 0.3150 0.2981
4204.6 0.3120 0.2953
4204.7 0.3090 0.2924
4204.8 0.3060 0.2896
4204.9 0.3030 0.2868
4205.0 0.3000 0.2839
4205.1 0.2970 0.2811
4205.2 0.2940 0.2782
4205.3 0.2910 0.2754
4205.4 0.2880 0.2726
4205.5 0.2850 0.2697
4205.6 0.2820 0.2669
4205.7 0.2790 0.2641
4205.8 0.2760 0.2612
4205.9 0.2730 0.2584
4206.0 0.2700 0.2555
4206.1 0.2670 0.2527
4206.2 0.2640 0.2499
4206.3 0.2610 0.2470
4206.4 0.2580 0.2442
4206.5 0.2550 0.2414
4206.6 0.2520 0.2385
4206.7 0.2490 0.2357
4206.8 0.2460 0.2328
4206.9 0.2430 0.2300
4207.0 0.2400 0.2272
4207.1 0.2370 0.2243
4207.2 0.2340 0.2215
4207.3 0.2310 0.2187
4207.4 0.2280 0.2158
4207.5 0.2250 0.2130
4207.6 0.2220 0.2101
4207.7 0.2190 0.2073
4207.8 0.2160 0.2045
4207.9 0.2130 0.2016
4208.0 0.2100 0.1988
4208.1 0.2070 0.1960
4208.2 0.2040 0.1931
4208.3 0.2010 0.1903
4208.4 0.1980 0.1874
4208.5 0.1950 0.1846
4208.6 0.1920 0.1818
4208.7 0.1890 0.1789
4208.8 0.1860 0.1761
4208.9 0.1830 0.1732
4209.0 0.1800 0.1704
4209.1 0.1770 0.1676
4209.2 0.1740 0.1647
4209.3 0.1710 0.1619
4209.4 0.1680 0.1591
4209.5 0.1650 0.1562
4209.6 0.1620 0.1534
4209.7 0.1590 0.1505
4209.8 0.1560 0.1477
4209.9 0.1530 0.1449
4210.0 0.1500 0.1420
4210.1 0.1470 0.1392
4210.2 0.1440 0.1363
4210.3 0.1410 0.1335
4210.4 0.1380 0.1307
4210.5 0.1350 0.1278
4210.6 0.1320 0.1250
4210.7 0.1290 0.1221
4210.8 0.1260 0.1193
4210.9 0.1230 0.1165
4211.0 0.1200 0.1136
4211.1 0.1170 0.1108
4211.2 0.1140 0.1079
4211.3 0.1110 0.1051
4211.4 0.1080 0.1023
4211.5 0.1050 0.0994
4211.6 0.1020 0.0966
4211.7 0.0990 0.0937
4211.8 0.0960 0.0909
4211.9 0.0930 0.0881
4212.0 0.0900 0.0852
4212.1 0.0870 0.0824
4212.2 0.0840 0.0795
4212.3 0.0810 0.0767
4212.4 0.0780 0.0739
4212.5 0.0750 0.0710
4212.6 0.0720 0.0682
4212.7 0.0690 0.0653
4212.8 0.0660 0.0625
4212.9 0.0630 0.0597
4213.0 0.0600 0.0568
4213.1 0.0570 0.0540
4213.2 0.0540 0.0511
4213.3 0.0510 0.0483
4213.4 0.0480 0.0455
4213.5 0.0450 0.0426
4213.6 0.0420 0.0398
4213.7 0.0390 0.0369
4213.8 0.0360 0.0341
4213.9 0.0330 0.0313
4214.0 0.0300 0.0284
4214.1 0.0270 0.0256
4214.2 0.0240 0.0227
4214.3 0.0210 0.0199
4214.4 0.0180 0.0170
4214.5 0.0150 0.0142
4214.6 0.0120 0.0114
4214.7 0.0090 0.0085
4214.8 0.0060 0.0057
4214.9 0.0030 0.0028
4215.0 0.0000 0.0000
4215.1 0.0000 0.0000
4215.2 0.0000 0.0000
4215.3 0.0000 0.0000
4215.4 0.0000 0.0000
4215.5 0.0000 0.0000
4215.6 0.0000 0.0000
4215.7 0.0000 0.0000
4215.8 0.0000 0.0000
4215.9 0.0000 0.0000
