# Theoretical transmission filter for J-PLUS filter F430
# Date of creation: 2013-01-17
# Author: J. Varela
# 
# Requirements:
#    Central wavelength (Angstroms): 4300
#    W1 (Angstroms): 170
#    FWHM (Angstroms): 200
#    Transmission peak: 0.90
#
# Columns description:
#    wl: Wavelength in Angstroms
#    T: Transmission
#    T+CCD: Transmission Filter+CCD
#
# wl   T  T+CCD
4184.0 0.0000 0.0000
4184.1 0.0000 0.0000
4184.2 0.0000 0.0000
4184.3 0.0000 0.0000
4184.4 0.0000 0.0000
4184.5 0.0000 0.0000
4184.6 0.0000 0.0000
4184.7 0.0000 0.0000
4184.8 0.0000 0.0000
4184.9 0.0000 0.0000
4185.0 0.0000 0.0000
4185.1 0.0030 0.0028
4185.2 0.0060 0.0057
4185.3 0.0090 0.0085
4185.4 0.0120 0.0113
4185.5 0.0150 0.0142
4185.6 0.0180 0.0170
4185.7 0.0210 0.0198
4185.8 0.0240 0.0227
4185.9 0.0270 0.0255
4186.0 0.0300 0.0283
4186.1 0.0330 0.0312
4186.2 0.0360 0.0340
4186.3 0.0390 0.0369
4186.4 0.0420 0.0397
4186.5 0.0450 0.0425
4186.6 0.0480 0.0454
4186.7 0.0510 0.0482
4186.8 0.0540 0.0510
4186.9 0.0570 0.0539
4187.0 0.0600 0.0567
4187.1 0.0630 0.0595
4187.2 0.0660 0.0624
4187.3 0.0690 0.0652
4187.4 0.0720 0.0680
4187.5 0.0750 0.0709
4187.6 0.0780 0.0737
4187.7 0.0810 0.0765
4187.8 0.0840 0.0794
4187.9 0.0870 0.0822
4188.0 0.0900 0.0851
4188.1 0.0930 0.0879
4188.2 0.0960 0.0907
4188.3 0.0990 0.0936
4188.4 0.1020 0.0964
4188.5 0.1050 0.0992
4188.6 0.1080 0.1021
4188.7 0.1110 0.1049
4188.8 0.1140 0.1077
4188.9 0.1170 0.1106
4189.0 0.1200 0.1134
4189.1 0.1230 0.1163
4189.2 0.1260 0.1191
4189.3 0.1290 0.1219
4189.4 0.1320 0.1248
4189.5 0.1350 0.1276
4189.6 0.1380 0.1304
4189.7 0.1410 0.1333
4189.8 0.1440 0.1361
4189.9 0.1470 0.1389
4190.0 0.1500 0.1418
4190.1 0.1530 0.1446
4190.2 0.1560 0.1475
4190.3 0.1590 0.1503
4190.4 0.1620 0.1531
4190.5 0.1650 0.1560
4190.6 0.1680 0.1588
4190.7 0.1710 0.1616
4190.8 0.1740 0.1645
4190.9 0.1770 0.1673
4191.0 0.1800 0.1702
4191.1 0.1830 0.1730
4191.2 0.1860 0.1758
4191.3 0.1890 0.1787
4191.4 0.1920 0.1815
4191.5 0.1950 0.1843
4191.6 0.1980 0.1872
4191.7 0.2010 0.1900
4191.8 0.2040 0.1929
4191.9 0.2070 0.1957
4192.0 0.2100 0.1985
4192.1 0.2130 0.2014
4192.2 0.2160 0.2042
4192.3 0.2190 0.2070
4192.4 0.2220 0.2099
4192.5 0.2250 0.2127
4192.6 0.2280 0.2156
4192.7 0.2310 0.2184
4192.8 0.2340 0.2212
4192.9 0.2370 0.2241
4193.0 0.2400 0.2269
4193.1 0.2430 0.2297
4193.2 0.2460 0.2326
4193.3 0.2490 0.2354
4193.4 0.2520 0.2383
4193.5 0.2550 0.2411
4193.6 0.2580 0.2439
4193.7 0.2610 0.2468
4193.8 0.2640 0.2496
4193.9 0.2670 0.2525
4194.0 0.2700 0.2553
4194.1 0.2730 0.2581
4194.2 0.2760 0.2610
4194.3 0.2790 0.2638
4194.4 0.2820 0.2666
4194.5 0.2850 0.2695
4194.6 0.2880 0.2723
4194.7 0.2910 0.2752
4194.8 0.2940 0.2780
4194.9 0.2970 0.2808
4195.0 0.3000 0.2837
4195.1 0.3030 0.2865
4195.2 0.3060 0.2894
4195.3 0.3090 0.2922
4195.4 0.3120 0.2950
4195.5 0.3150 0.2979
4195.6 0.3180 0.3007
4195.7 0.3210 0.3036
4195.8 0.3240 0.3064
4195.9 0.3270 0.3092
4196.0 0.3300 0.3121
4196.1 0.3330 0.3149
4196.2 0.3360 0.3178
4196.3 0.3390 0.3206
4196.4 0.3420 0.3234
4196.5 0.3450 0.3263
4196.6 0.3480 0.3291
4196.7 0.3510 0.3320
4196.8 0.3540 0.3348
4196.9 0.3570 0.3376
4197.0 0.3600 0.3405
4197.1 0.3630 0.3433
4197.2 0.3660 0.3462
4197.3 0.3690 0.3490
4197.4 0.3720 0.3518
4197.5 0.3750 0.3547
4197.6 0.3780 0.3575
4197.7 0.3810 0.3604
4197.8 0.3840 0.3632
4197.9 0.3870 0.3660
4198.0 0.3900 0.3689
4198.1 0.3930 0.3717
4198.2 0.3960 0.3746
4198.3 0.3990 0.3774
4198.4 0.4020 0.3802
4198.5 0.4050 0.3831
4198.6 0.4080 0.3859
4198.7 0.4110 0.3888
4198.8 0.4140 0.3916
4198.9 0.4170 0.3944
4199.0 0.4200 0.3973
4199.1 0.4230 0.4001
4199.2 0.4260 0.4030
4199.3 0.4290 0.4058
4199.4 0.4320 0.4087
4199.5 0.4350 0.4115
4199.6 0.4380 0.4143
4199.7 0.4410 0.4172
4199.8 0.4440 0.4200
4199.9 0.4470 0.4229
4200.0 0.4500 0.4257
4200.1 0.4530 0.4285
4200.2 0.4560 0.4314
4200.3 0.4590 0.4342
4200.4 0.4620 0.4371
4200.5 0.4650 0.4399
4200.6 0.4680 0.4428
4200.7 0.4710 0.4456
4200.8 0.4740 0.4484
4200.9 0.4770 0.4513
4201.0 0.4800 0.4541
4201.1 0.4830 0.4570
4201.2 0.4860 0.4598
4201.3 0.4890 0.4626
4201.4 0.4920 0.4655
4201.5 0.4950 0.4683
4201.6 0.4980 0.4712
4201.7 0.5010 0.4740
4201.8 0.5040 0.4769
4201.9 0.5070 0.4797
4202.0 0.5100 0.4825
4202.1 0.5130 0.4854
4202.2 0.5160 0.4882
4202.3 0.5190 0.4911
4202.4 0.5220 0.4939
4202.5 0.5250 0.4968
4202.6 0.5280 0.4996
4202.7 0.5310 0.5024
4202.8 0.5340 0.5053
4202.9 0.5370 0.5081
4203.0 0.5400 0.5110
4203.1 0.5430 0.5138
4203.2 0.5460 0.5167
4203.3 0.5490 0.5195
4203.4 0.5520 0.5223
4203.5 0.5550 0.5252
4203.6 0.5580 0.5280
4203.7 0.5610 0.5309
4203.8 0.5640 0.5337
4203.9 0.5670 0.5366
4204.0 0.5700 0.5394
4204.1 0.5730 0.5422
4204.2 0.5760 0.5451
4204.3 0.5790 0.5479
4204.4 0.5820 0.5508
4204.5 0.5850 0.5536
4204.6 0.5880 0.5565
4204.7 0.5910 0.5593
4204.8 0.5940 0.5622
4204.9 0.5970 0.5650
4205.0 0.6000 0.5678
4205.1 0.6030 0.5707
4205.2 0.6060 0.5735
4205.3 0.6090 0.5764
4205.4 0.6120 0.5792
4205.5 0.6150 0.5821
4205.6 0.6180 0.5849
4205.7 0.6210 0.5877
4205.8 0.6240 0.5906
4205.9 0.6270 0.5934
4206.0 0.6300 0.5963
4206.1 0.6330 0.5991
4206.2 0.6360 0.6020
4206.3 0.6390 0.6048
4206.4 0.6420 0.6077
4206.5 0.6450 0.6105
4206.6 0.6480 0.6134
4206.7 0.6510 0.6162
4206.8 0.6540 0.6190
4206.9 0.6570 0.6219
4207.0 0.6600 0.6247
4207.1 0.6630 0.6276
4207.2 0.6660 0.6304
4207.3 0.6690 0.6333
4207.4 0.6720 0.6361
4207.5 0.6750 0.6390
4207.6 0.6780 0.6418
4207.7 0.6810 0.6446
4207.8 0.6840 0.6475
4207.9 0.6870 0.6503
4208.0 0.6900 0.6532
4208.1 0.6930 0.6560
4208.2 0.6960 0.6589
4208.3 0.6990 0.6617
4208.4 0.7020 0.6646
4208.5 0.7050 0.6674
4208.6 0.7080 0.6703
4208.7 0.7110 0.6731
4208.8 0.7140 0.6759
4208.9 0.7170 0.6788
4209.0 0.7200 0.6816
4209.1 0.7230 0.6845
4209.2 0.7260 0.6873
4209.3 0.7290 0.6902
4209.4 0.7320 0.6930
4209.5 0.7350 0.6959
4209.6 0.7380 0.6987
4209.7 0.7410 0.7016
4209.8 0.7440 0.7044
4209.9 0.7470 0.7073
4210.0 0.7500 0.7101
4210.1 0.7530 0.7129
4210.2 0.7560 0.7158
4210.3 0.7590 0.7186
4210.4 0.7620 0.7215
4210.5 0.7650 0.7243
4210.6 0.7680 0.7272
4210.7 0.7710 0.7300
4210.8 0.7740 0.7329
4210.9 0.7770 0.7357
4211.0 0.7800 0.7386
4211.1 0.7830 0.7414
4211.2 0.7860 0.7443
4211.3 0.7890 0.7471
4211.4 0.7920 0.7500
4211.5 0.7950 0.7528
4211.6 0.7980 0.7556
4211.7 0.8010 0.7585
4211.8 0.8040 0.7613
4211.9 0.8070 0.7642
4212.0 0.8100 0.7670
4212.1 0.8130 0.7699
4212.2 0.8160 0.7727
4212.3 0.8190 0.7756
4212.4 0.8220 0.7784
4212.5 0.8250 0.7813
4212.6 0.8280 0.7841
4212.7 0.8310 0.7870
4212.8 0.8340 0.7898
4212.9 0.8370 0.7927
4213.0 0.8400 0.7955
4213.1 0.8430 0.7984
4213.2 0.8460 0.8012
4213.3 0.8490 0.8041
4213.4 0.8520 0.8069
4213.5 0.8550 0.8098
4213.6 0.8580 0.8126
4213.7 0.8610 0.8154
4213.8 0.8640 0.8183
4213.9 0.8670 0.8211
4214.0 0.8700 0.8240
4214.1 0.8730 0.8268
4214.2 0.8760 0.8297
4214.3 0.8790 0.8325
4214.4 0.8820 0.8354
4214.5 0.8850 0.8382
4214.6 0.8880 0.8411
4214.7 0.8910 0.8439
4214.8 0.8940 0.8468
4214.9 0.8970 0.8496
4215.0 0.9000 0.8525
4215.1 0.9000 0.8525
4215.2 0.9000 0.8525
4215.3 0.9000 0.8525
4215.4 0.9000 0.8525
4215.5 0.9000 0.8525
4215.6 0.9000 0.8525
4215.7 0.9000 0.8525
4215.8 0.9000 0.8525
4215.9 0.9000 0.8525
4216.0 0.9000 0.8526
4216.1 0.9000 0.8526
4216.2 0.9000 0.8526
4216.3 0.9000 0.8526
4216.4 0.9000 0.8526
4216.5 0.9000 0.8526
4216.6 0.9000 0.8526
4216.7 0.9000 0.8526
4216.8 0.9000 0.8526
4216.9 0.9000 0.8526
4217.0 0.9000 0.8526
4217.1 0.9000 0.8526
4217.2 0.9000 0.8526
4217.3 0.9000 0.8526
4217.4 0.9000 0.8527
4217.5 0.9000 0.8527
4217.6 0.9000 0.8527
4217.7 0.9000 0.8527
4217.8 0.9000 0.8527
4217.9 0.9000 0.8527
4218.0 0.9000 0.8527
4218.1 0.9000 0.8527
4218.2 0.9000 0.8527
4218.3 0.9000 0.8527
4218.4 0.9000 0.8527
4218.5 0.9000 0.8527
4218.6 0.9000 0.8527
4218.7 0.9000 0.8527
4218.8 0.9000 0.8528
4218.9 0.9000 0.8528
4219.0 0.9000 0.8528
4219.1 0.9000 0.8528
4219.2 0.9000 0.8528
4219.3 0.9000 0.8528
4219.4 0.9000 0.8528
4219.5 0.9000 0.8528
4219.6 0.9000 0.8528
4219.7 0.9000 0.8528
4219.8 0.9000 0.8528
4219.9 0.9000 0.8528
4220.0 0.9000 0.8528
4220.1 0.9000 0.8528
4220.2 0.9000 0.8529
4220.3 0.9000 0.8529
4220.4 0.9000 0.8529
4220.5 0.9000 0.8529
4220.6 0.9000 0.8529
4220.7 0.9000 0.8529
4220.8 0.9000 0.8529
4220.9 0.9000 0.8529
4221.0 0.9000 0.8529
4221.1 0.9000 0.8529
4221.2 0.9000 0.8529
4221.3 0.9000 0.8529
4221.4 0.9000 0.8529
4221.5 0.9000 0.8529
4221.6 0.9000 0.8530
4221.7 0.9000 0.8530
4221.8 0.9000 0.8530
4221.9 0.9000 0.8530
4222.0 0.9000 0.8530
4222.1 0.9000 0.8530
4222.2 0.9000 0.8530
4222.3 0.9000 0.8530
4222.4 0.9000 0.8530
4222.5 0.9000 0.8530
4222.6 0.9000 0.8530
4222.7 0.9000 0.8530
4222.8 0.9000 0.8530
4222.9 0.9000 0.8530
4223.0 0.9000 0.8531
4223.1 0.9000 0.8531
4223.2 0.9000 0.8531
4223.3 0.9000 0.8531
4223.4 0.9000 0.8531
4223.5 0.9000 0.8531
4223.6 0.9000 0.8531
4223.7 0.9000 0.8531
4223.8 0.9000 0.8531
4223.9 0.9000 0.8531
4224.0 0.9000 0.8531
4224.1 0.9000 0.8531
4224.2 0.9000 0.8531
4224.3 0.9000 0.8531
4224.4 0.9000 0.8532
4224.5 0.9000 0.8532
4224.6 0.9000 0.8532
4224.7 0.9000 0.8532
4224.8 0.9000 0.8532
4224.9 0.9000 0.8532
4225.0 0.9000 0.8532
4225.1 0.9000 0.8532
4225.2 0.9000 0.8532
4225.3 0.9000 0.8532
4225.4 0.9000 0.8532
4225.5 0.9000 0.8532
4225.6 0.9000 0.8532
4225.7 0.9000 0.8533
4225.8 0.9000 0.8533
4225.9 0.9000 0.8533
4226.0 0.9000 0.8533
4226.1 0.9000 0.8533
4226.2 0.9000 0.8533
4226.3 0.9000 0.8533
4226.4 0.9000 0.8533
4226.5 0.9000 0.8533
4226.6 0.9000 0.8533
4226.7 0.9000 0.8533
4226.8 0.9000 0.8533
4226.9 0.9000 0.8533
4227.0 0.9000 0.8533
4227.1 0.9000 0.8534
4227.2 0.9000 0.8534
4227.3 0.9000 0.8534
4227.4 0.9000 0.8534
4227.5 0.9000 0.8534
4227.6 0.9000 0.8534
4227.7 0.9000 0.8534
4227.8 0.9000 0.8534
4227.9 0.9000 0.8534
4228.0 0.9000 0.8534
4228.1 0.9000 0.8534
4228.2 0.9000 0.8534
4228.3 0.9000 0.8534
4228.4 0.9000 0.8534
4228.5 0.9000 0.8535
4228.6 0.9000 0.8535
4228.7 0.9000 0.8535
4228.8 0.9000 0.8535
4228.9 0.9000 0.8535
4229.0 0.9000 0.8535
4229.1 0.9000 0.8535
4229.2 0.9000 0.8535
4229.3 0.9000 0.8535
4229.4 0.9000 0.8535
4229.5 0.9000 0.8535
4229.6 0.9000 0.8535
4229.7 0.9000 0.8535
4229.8 0.9000 0.8535
4229.9 0.9000 0.8536
4230.0 0.9000 0.8536
4230.1 0.9000 0.8536
4230.2 0.9000 0.8536
4230.3 0.9000 0.8536
4230.4 0.9000 0.8536
4230.5 0.9000 0.8536
4230.6 0.9000 0.8536
4230.7 0.9000 0.8536
4230.8 0.9000 0.8536
4230.9 0.9000 0.8536
4231.0 0.9000 0.8536
4231.1 0.9000 0.8536
4231.2 0.9000 0.8536
4231.3 0.9000 0.8537
4231.4 0.9000 0.8537
4231.5 0.9000 0.8537
4231.6 0.9000 0.8537
4231.7 0.9000 0.8537
4231.8 0.9000 0.8537
4231.9 0.9000 0.8537
4232.0 0.9000 0.8537
4232.1 0.9000 0.8537
4232.2 0.9000 0.8537
4232.3 0.9000 0.8537
4232.4 0.9000 0.8537
4232.5 0.9000 0.8537
4232.6 0.9000 0.8537
4232.7 0.9000 0.8538
4232.8 0.9000 0.8538
4232.9 0.9000 0.8538
4233.0 0.9000 0.8538
4233.1 0.9000 0.8538
4233.2 0.9000 0.8538
4233.3 0.9000 0.8538
4233.4 0.9000 0.8538
4233.5 0.9000 0.8538
4233.6 0.9000 0.8538
4233.7 0.9000 0.8538
4233.8 0.9000 0.8538
4233.9 0.9000 0.8538
4234.0 0.9000 0.8538
4234.1 0.9000 0.8539
4234.2 0.9000 0.8539
4234.3 0.9000 0.8539
4234.4 0.9000 0.8539
4234.5 0.9000 0.8539
4234.6 0.9000 0.8539
4234.7 0.9000 0.8539
4234.8 0.9000 0.8539
4234.9 0.9000 0.8539
4235.0 0.9000 0.8539
4235.1 0.9000 0.8539
4235.2 0.9000 0.8539
4235.3 0.9000 0.8539
4235.4 0.9000 0.8539
4235.5 0.9000 0.8540
4235.6 0.9000 0.8540
4235.7 0.9000 0.8540
4235.8 0.9000 0.8540
4235.9 0.9000 0.8540
4236.0 0.9000 0.8540
4236.1 0.9000 0.8540
4236.2 0.9000 0.8540
4236.3 0.9000 0.8540
4236.4 0.9000 0.8540
4236.5 0.9000 0.8540
4236.6 0.9000 0.8540
4236.7 0.9000 0.8540
4236.8 0.9000 0.8540
4236.9 0.9000 0.8541
4237.0 0.9000 0.8541
4237.1 0.9000 0.8541
4237.2 0.9000 0.8541
4237.3 0.9000 0.8541
4237.4 0.9000 0.8541
4237.5 0.9000 0.8541
4237.6 0.9000 0.8541
4237.7 0.9000 0.8541
4237.8 0.9000 0.8541
4237.9 0.9000 0.8541
4238.0 0.9000 0.8541
4238.1 0.9000 0.8541
4238.2 0.9000 0.8542
4238.3 0.9000 0.8542
4238.4 0.9000 0.8542
4238.5 0.9000 0.8542
4238.6 0.9000 0.8542
4238.7 0.9000 0.8542
4238.8 0.9000 0.8542
4238.9 0.9000 0.8542
4239.0 0.9000 0.8542
4239.1 0.9000 0.8542
4239.2 0.9000 0.8542
4239.3 0.9000 0.8542
4239.4 0.9000 0.8542
4239.5 0.9000 0.8542
4239.6 0.9000 0.8543
4239.7 0.9000 0.8543
4239.8 0.9000 0.8543
4239.9 0.9000 0.8543
4240.0 0.9000 0.8543
4240.1 0.9000 0.8543
4240.2 0.9000 0.8543
4240.3 0.9000 0.8543
4240.4 0.9000 0.8543
4240.5 0.9000 0.8543
4240.6 0.9000 0.8543
4240.7 0.9000 0.8543
4240.8 0.9000 0.8543
4240.9 0.9000 0.8543
4241.0 0.9000 0.8544
4241.1 0.9000 0.8544
4241.2 0.9000 0.8544
4241.3 0.9000 0.8544
4241.4 0.9000 0.8544
4241.5 0.9000 0.8544
4241.6 0.9000 0.8544
4241.7 0.9000 0.8544
4241.8 0.9000 0.8544
4241.9 0.9000 0.8544
4242.0 0.9000 0.8544
4242.1 0.9000 0.8544
4242.2 0.9000 0.8544
4242.3 0.9000 0.8544
4242.4 0.9000 0.8545
4242.5 0.9000 0.8545
4242.6 0.9000 0.8545
4242.7 0.9000 0.8545
4242.8 0.9000 0.8545
4242.9 0.9000 0.8545
4243.0 0.9000 0.8545
4243.1 0.9000 0.8545
4243.2 0.9000 0.8545
4243.3 0.9000 0.8545
4243.4 0.9000 0.8545
4243.5 0.9000 0.8545
4243.6 0.9000 0.8545
4243.7 0.9000 0.8545
4243.8 0.9000 0.8546
4243.9 0.9000 0.8546
4244.0 0.9000 0.8546
4244.1 0.9000 0.8546
4244.2 0.9000 0.8546
4244.3 0.9000 0.8546
4244.4 0.9000 0.8546
4244.5 0.9000 0.8546
4244.6 0.9000 0.8546
4244.7 0.9000 0.8546
4244.8 0.9000 0.8546
4244.9 0.9000 0.8546
4245.0 0.9000 0.8546
4245.1 0.9000 0.8546
4245.2 0.9000 0.8547
4245.3 0.9000 0.8547
4245.4 0.9000 0.8547
4245.5 0.9000 0.8547
4245.6 0.9000 0.8547
4245.7 0.9000 0.8547
4245.8 0.9000 0.8547
4245.9 0.9000 0.8547
4246.0 0.9000 0.8547
4246.1 0.9000 0.8547
4246.2 0.9000 0.8547
4246.3 0.9000 0.8547
4246.4 0.9000 0.8547
4246.5 0.9000 0.8547
4246.6 0.9000 0.8548
4246.7 0.9000 0.8548
4246.8 0.9000 0.8548
4246.9 0.9000 0.8548
4247.0 0.9000 0.8548
4247.1 0.9000 0.8548
4247.2 0.9000 0.8548
4247.3 0.9000 0.8548
4247.4 0.9000 0.8548
4247.5 0.9000 0.8548
4247.6 0.9000 0.8548
4247.7 0.9000 0.8548
4247.8 0.9000 0.8548
4247.9 0.9000 0.8548
4248.0 0.9000 0.8549
4248.1 0.9000 0.8549
4248.2 0.9000 0.8549
4248.3 0.9000 0.8549
4248.4 0.9000 0.8549
4248.5 0.9000 0.8549
4248.6 0.9000 0.8549
4248.7 0.9000 0.8549
4248.8 0.9000 0.8549
4248.9 0.9000 0.8549
4249.0 0.9000 0.8549
4249.1 0.9000 0.8549
4249.2 0.9000 0.8549
4249.3 0.9000 0.8549
4249.4 0.9000 0.8550
4249.5 0.9000 0.8550
4249.6 0.9000 0.8550
4249.7 0.9000 0.8550
4249.8 0.9000 0.8550
4249.9 0.9000 0.8550
4250.0 0.9000 0.8550
4250.1 0.9000 0.8550
4250.2 0.9000 0.8550
4250.3 0.9000 0.8550
4250.4 0.9000 0.8550
4250.5 0.9000 0.8550
4250.6 0.9000 0.8550
4250.7 0.9000 0.8551
4250.8 0.9000 0.8551
4250.9 0.9000 0.8551
4251.0 0.9000 0.8551
4251.1 0.9000 0.8551
4251.2 0.9000 0.8551
4251.3 0.9000 0.8551
4251.4 0.9000 0.8551
4251.5 0.9000 0.8551
4251.6 0.9000 0.8551
4251.7 0.9000 0.8551
4251.8 0.9000 0.8551
4251.9 0.9000 0.8551
4252.0 0.9000 0.8551
4252.1 0.9000 0.8552
4252.2 0.9000 0.8552
4252.3 0.9000 0.8552
4252.4 0.9000 0.8552
4252.5 0.9000 0.8552
4252.6 0.9000 0.8552
4252.7 0.9000 0.8552
4252.8 0.9000 0.8552
4252.9 0.9000 0.8552
4253.0 0.9000 0.8552
4253.1 0.9000 0.8552
4253.2 0.9000 0.8552
4253.3 0.9000 0.8552
4253.4 0.9000 0.8552
4253.5 0.9000 0.8553
4253.6 0.9000 0.8553
4253.7 0.9000 0.8553
4253.8 0.9000 0.8553
4253.9 0.9000 0.8553
4254.0 0.9000 0.8553
4254.1 0.9000 0.8553
4254.2 0.9000 0.8553
4254.3 0.9000 0.8553
4254.4 0.9000 0.8553
4254.5 0.9000 0.8553
4254.6 0.9000 0.8553
4254.7 0.9000 0.8553
4254.8 0.9000 0.8553
4254.9 0.9000 0.8554
4255.0 0.9000 0.8554
4255.1 0.9000 0.8554
4255.2 0.9000 0.8554
4255.3 0.9000 0.8554
4255.4 0.9000 0.8554
4255.5 0.9000 0.8554
4255.6 0.9000 0.8554
4255.7 0.9000 0.8554
4255.8 0.9000 0.8554
4255.9 0.9000 0.8554
4256.0 0.9000 0.8554
4256.1 0.9000 0.8554
4256.2 0.9000 0.8554
4256.3 0.9000 0.8555
4256.4 0.9000 0.8555
4256.5 0.9000 0.8555
4256.6 0.9000 0.8555
4256.7 0.9000 0.8555
4256.8 0.9000 0.8555
4256.9 0.9000 0.8555
4257.0 0.9000 0.8555
4257.1 0.9000 0.8555
4257.2 0.9000 0.8555
4257.3 0.9000 0.8555
4257.4 0.9000 0.8555
4257.5 0.9000 0.8555
4257.6 0.9000 0.8555
4257.7 0.9000 0.8556
4257.8 0.9000 0.8556
4257.9 0.9000 0.8556
4258.0 0.9000 0.8556
4258.1 0.9000 0.8556
4258.2 0.9000 0.8556
4258.3 0.9000 0.8556
4258.4 0.9000 0.8556
4258.5 0.9000 0.8556
4258.6 0.9000 0.8556
4258.7 0.9000 0.8556
4258.8 0.9000 0.8556
4258.9 0.9000 0.8556
4259.0 0.9000 0.8556
4259.1 0.9000 0.8557
4259.2 0.9000 0.8557
4259.3 0.9000 0.8557
4259.4 0.9000 0.8557
4259.5 0.9000 0.8557
4259.6 0.9000 0.8557
4259.7 0.9000 0.8557
4259.8 0.9000 0.8557
4259.9 0.9000 0.8557
4260.0 0.9000 0.8557
4260.1 0.9000 0.8557
4260.2 0.9000 0.8557
4260.3 0.9000 0.8557
4260.4 0.9000 0.8557
4260.5 0.9000 0.8558
4260.6 0.9000 0.8558
4260.7 0.9000 0.8558
4260.8 0.9000 0.8558
4260.9 0.9000 0.8558
4261.0 0.9000 0.8558
4261.1 0.9000 0.8558
4261.2 0.9000 0.8558
4261.3 0.9000 0.8558
4261.4 0.9000 0.8558
4261.5 0.9000 0.8558
4261.6 0.9000 0.8558
4261.7 0.9000 0.8558
4261.8 0.9000 0.8558
4261.9 0.9000 0.8559
4262.0 0.9000 0.8559
4262.1 0.9000 0.8559
4262.2 0.9000 0.8559
4262.3 0.9000 0.8559
4262.4 0.9000 0.8559
4262.5 0.9000 0.8559
4262.6 0.9000 0.8559
4262.7 0.9000 0.8559
4262.8 0.9000 0.8559
4262.9 0.9000 0.8559
4263.0 0.9000 0.8559
4263.1 0.9000 0.8559
4263.2 0.9000 0.8560
4263.3 0.9000 0.8560
4263.4 0.9000 0.8560
4263.5 0.9000 0.8560
4263.6 0.9000 0.8560
4263.7 0.9000 0.8560
4263.8 0.9000 0.8560
4263.9 0.9000 0.8560
4264.0 0.9000 0.8560
4264.1 0.9000 0.8560
4264.2 0.9000 0.8560
4264.3 0.9000 0.8560
4264.4 0.9000 0.8560
4264.5 0.9000 0.8560
4264.6 0.9000 0.8561
4264.7 0.9000 0.8561
4264.8 0.9000 0.8561
4264.9 0.9000 0.8561
4265.0 0.9000 0.8561
4265.1 0.9000 0.8561
4265.2 0.9000 0.8561
4265.3 0.9000 0.8561
4265.4 0.9000 0.8561
4265.5 0.9000 0.8561
4265.6 0.9000 0.8561
4265.7 0.9000 0.8561
4265.8 0.9000 0.8561
4265.9 0.9000 0.8561
4266.0 0.9000 0.8562
4266.1 0.9000 0.8562
4266.2 0.9000 0.8562
4266.3 0.9000 0.8562
4266.4 0.9000 0.8562
4266.5 0.9000 0.8562
4266.6 0.9000 0.8562
4266.7 0.9000 0.8562
4266.8 0.9000 0.8562
4266.9 0.9000 0.8562
4267.0 0.9000 0.8562
4267.1 0.9000 0.8562
4267.2 0.9000 0.8562
4267.3 0.9000 0.8562
4267.4 0.9000 0.8563
4267.5 0.9000 0.8563
4267.6 0.9000 0.8563
4267.7 0.9000 0.8563
4267.8 0.9000 0.8563
4267.9 0.9000 0.8563
4268.0 0.9000 0.8563
4268.1 0.9000 0.8563
4268.2 0.9000 0.8563
4268.3 0.9000 0.8563
4268.4 0.9000 0.8563
4268.5 0.9000 0.8563
4268.6 0.9000 0.8563
4268.7 0.9000 0.8563
4268.8 0.9000 0.8564
4268.9 0.9000 0.8564
4269.0 0.9000 0.8564
4269.1 0.9000 0.8564
4269.2 0.9000 0.8564
4269.3 0.9000 0.8564
4269.4 0.9000 0.8564
4269.5 0.9000 0.8564
4269.6 0.9000 0.8564
4269.7 0.9000 0.8564
4269.8 0.9000 0.8564
4269.9 0.9000 0.8564
4270.0 0.9000 0.8564
4270.1 0.9000 0.8564
4270.2 0.9000 0.8565
4270.3 0.9000 0.8565
4270.4 0.9000 0.8565
4270.5 0.9000 0.8565
4270.6 0.9000 0.8565
4270.7 0.9000 0.8565
4270.8 0.9000 0.8565
4270.9 0.9000 0.8565
4271.0 0.9000 0.8565
4271.1 0.9000 0.8565
4271.2 0.9000 0.8565
4271.3 0.9000 0.8565
4271.4 0.9000 0.8565
4271.5 0.9000 0.8565
4271.6 0.9000 0.8566
4271.7 0.9000 0.8566
4271.8 0.9000 0.8566
4271.9 0.9000 0.8566
4272.0 0.9000 0.8566
4272.1 0.9000 0.8566
4272.2 0.9000 0.8566
4272.3 0.9000 0.8566
4272.4 0.9000 0.8566
4272.5 0.9000 0.8566
4272.6 0.9000 0.8566
4272.7 0.9000 0.8566
4272.8 0.9000 0.8566
4272.9 0.9000 0.8566
4273.0 0.9000 0.8567
4273.1 0.9000 0.8567
4273.2 0.9000 0.8567
4273.3 0.9000 0.8567
4273.4 0.9000 0.8567
4273.5 0.9000 0.8567
4273.6 0.9000 0.8567
4273.7 0.9000 0.8567
4273.8 0.9000 0.8567
4273.9 0.9000 0.8567
4274.0 0.9000 0.8567
4274.1 0.9000 0.8567
4274.2 0.9000 0.8567
4274.3 0.9000 0.8567
4274.4 0.9000 0.8568
4274.5 0.9000 0.8568
4274.6 0.9000 0.8568
4274.7 0.9000 0.8568
4274.8 0.9000 0.8568
4274.9 0.9000 0.8568
4275.0 0.9000 0.8568
4275.1 0.9000 0.8568
4275.2 0.9000 0.8568
4275.3 0.9000 0.8568
4275.4 0.9000 0.8568
4275.5 0.9000 0.8568
4275.6 0.9000 0.8568
4275.7 0.9000 0.8569
4275.8 0.9000 0.8569
4275.9 0.9000 0.8569
4276.0 0.9000 0.8569
4276.1 0.9000 0.8569
4276.2 0.9000 0.8569
4276.3 0.9000 0.8569
4276.4 0.9000 0.8569
4276.5 0.9000 0.8569
4276.6 0.9000 0.8569
4276.7 0.9000 0.8569
4276.8 0.9000 0.8569
4276.9 0.9000 0.8569
4277.0 0.9000 0.8569
4277.1 0.9000 0.8570
4277.2 0.9000 0.8570
4277.3 0.9000 0.8570
4277.4 0.9000 0.8570
4277.5 0.9000 0.8570
4277.6 0.9000 0.8570
4277.7 0.9000 0.8570
4277.8 0.9000 0.8570
4277.9 0.9000 0.8570
4278.0 0.9000 0.8570
4278.1 0.9000 0.8570
4278.2 0.9000 0.8570
4278.3 0.9000 0.8570
4278.4 0.9000 0.8570
4278.5 0.9000 0.8571
4278.6 0.9000 0.8571
4278.7 0.9000 0.8571
4278.8 0.9000 0.8571
4278.9 0.9000 0.8571
4279.0 0.9000 0.8571
4279.1 0.9000 0.8571
4279.2 0.9000 0.8571
4279.3 0.9000 0.8571
4279.4 0.9000 0.8571
4279.5 0.9000 0.8571
4279.6 0.9000 0.8571
4279.7 0.9000 0.8571
4279.8 0.9000 0.8571
4279.9 0.9000 0.8572
4280.0 0.9000 0.8572
4280.1 0.9000 0.8572
4280.2 0.9000 0.8572
4280.3 0.9000 0.8572
4280.4 0.9000 0.8572
4280.5 0.9000 0.8572
4280.6 0.9000 0.8572
4280.7 0.9000 0.8572
4280.8 0.9000 0.8572
4280.9 0.9000 0.8572
4281.0 0.9000 0.8572
4281.1 0.9000 0.8572
4281.2 0.9000 0.8572
4281.3 0.9000 0.8573
4281.4 0.9000 0.8573
4281.5 0.9000 0.8573
4281.6 0.9000 0.8573
4281.7 0.9000 0.8573
4281.8 0.9000 0.8573
4281.9 0.9000 0.8573
4282.0 0.9000 0.8573
4282.1 0.9000 0.8573
4282.2 0.9000 0.8573
4282.3 0.9000 0.8573
4282.4 0.9000 0.8573
4282.5 0.9000 0.8573
4282.6 0.9000 0.8573
4282.7 0.9000 0.8574
4282.8 0.9000 0.8574
4282.9 0.9000 0.8574
4283.0 0.9000 0.8574
4283.1 0.9000 0.8574
4283.2 0.9000 0.8574
4283.3 0.9000 0.8574
4283.4 0.9000 0.8574
4283.5 0.9000 0.8574
4283.6 0.9000 0.8574
4283.7 0.9000 0.8574
4283.8 0.9000 0.8574
4283.9 0.9000 0.8574
4284.0 0.9000 0.8574
4284.1 0.9000 0.8575
4284.2 0.9000 0.8575
4284.3 0.9000 0.8575
4284.4 0.9000 0.8575
4284.5 0.9000 0.8575
4284.6 0.9000 0.8575
4284.7 0.9000 0.8575
4284.8 0.9000 0.8575
4284.9 0.9000 0.8575
4285.0 0.9000 0.8575
4285.1 0.9000 0.8575
4285.2 0.9000 0.8575
4285.3 0.9000 0.8575
4285.4 0.9000 0.8575
4285.5 0.9000 0.8576
4285.6 0.9000 0.8576
4285.7 0.9000 0.8576
4285.8 0.9000 0.8576
4285.9 0.9000 0.8576
4286.0 0.9000 0.8576
4286.1 0.9000 0.8576
4286.2 0.9000 0.8576
4286.3 0.9000 0.8576
4286.4 0.9000 0.8576
4286.5 0.9000 0.8576
4286.6 0.9000 0.8576
4286.7 0.9000 0.8576
4286.8 0.9000 0.8576
4286.9 0.9000 0.8577
4287.0 0.9000 0.8577
4287.1 0.9000 0.8577
4287.2 0.9000 0.8577
4287.3 0.9000 0.8577
4287.4 0.9000 0.8577
4287.5 0.9000 0.8577
4287.6 0.9000 0.8577
4287.7 0.9000 0.8577
4287.8 0.9000 0.8577
4287.9 0.9000 0.8577
4288.0 0.9000 0.8577
4288.1 0.9000 0.8577
4288.2 0.9000 0.8578
4288.3 0.9000 0.8578
4288.4 0.9000 0.8578
4288.5 0.9000 0.8578
4288.6 0.9000 0.8578
4288.7 0.9000 0.8578
4288.8 0.9000 0.8578
4288.9 0.9000 0.8578
4289.0 0.9000 0.8578
4289.1 0.9000 0.8578
4289.2 0.9000 0.8578
4289.3 0.9000 0.8578
4289.4 0.9000 0.8578
4289.5 0.9000 0.8578
4289.6 0.9000 0.8579
4289.7 0.9000 0.8579
4289.8 0.9000 0.8579
4289.9 0.9000 0.8579
4290.0 0.9000 0.8579
4290.1 0.9000 0.8579
4290.2 0.9000 0.8579
4290.3 0.9000 0.8579
4290.4 0.9000 0.8579
4290.5 0.9000 0.8579
4290.6 0.9000 0.8579
4290.7 0.9000 0.8579
4290.8 0.9000 0.8579
4290.9 0.9000 0.8579
4291.0 0.9000 0.8580
4291.1 0.9000 0.8580
4291.2 0.9000 0.8580
4291.3 0.9000 0.8580
4291.4 0.9000 0.8580
4291.5 0.9000 0.8580
4291.6 0.9000 0.8580
4291.7 0.9000 0.8580
4291.8 0.9000 0.8580
4291.9 0.9000 0.8580
4292.0 0.9000 0.8580
4292.1 0.9000 0.8580
4292.2 0.9000 0.8580
4292.3 0.9000 0.8580
4292.4 0.9000 0.8581
4292.5 0.9000 0.8581
4292.6 0.9000 0.8581
4292.7 0.9000 0.8581
4292.8 0.9000 0.8581
4292.9 0.9000 0.8581
4293.0 0.9000 0.8581
4293.1 0.9000 0.8581
4293.2 0.9000 0.8581
4293.3 0.9000 0.8581
4293.4 0.9000 0.8581
4293.5 0.9000 0.8581
4293.6 0.9000 0.8581
4293.7 0.9000 0.8581
4293.8 0.9000 0.8582
4293.9 0.9000 0.8582
4294.0 0.9000 0.8582
4294.1 0.9000 0.8582
4294.2 0.9000 0.8582
4294.3 0.9000 0.8582
4294.4 0.9000 0.8582
4294.5 0.9000 0.8582
4294.6 0.9000 0.8582
4294.7 0.9000 0.8582
4294.8 0.9000 0.8582
4294.9 0.9000 0.8582
4295.0 0.9000 0.8582
4295.1 0.9000 0.8582
4295.2 0.9000 0.8583
4295.3 0.9000 0.8583
4295.4 0.9000 0.8583
4295.5 0.9000 0.8583
4295.6 0.9000 0.8583
4295.7 0.9000 0.8583
4295.8 0.9000 0.8583
4295.9 0.9000 0.8583
4296.0 0.9000 0.8583
4296.1 0.9000 0.8583
4296.2 0.9000 0.8583
4296.3 0.9000 0.8583
4296.4 0.9000 0.8583
4296.5 0.9000 0.8583
4296.6 0.9000 0.8584
4296.7 0.9000 0.8584
4296.8 0.9000 0.8584
4296.9 0.9000 0.8584
4297.0 0.9000 0.8584
4297.1 0.9000 0.8584
4297.2 0.9000 0.8584
4297.3 0.9000 0.8584
4297.4 0.9000 0.8584
4297.5 0.9000 0.8584
4297.6 0.9000 0.8584
4297.7 0.9000 0.8584
4297.8 0.9000 0.8584
4297.9 0.9000 0.8584
4298.0 0.9000 0.8585
4298.1 0.9000 0.8585
4298.2 0.9000 0.8585
4298.3 0.9000 0.8585
4298.4 0.9000 0.8585
4298.5 0.9000 0.8585
4298.6 0.9000 0.8585
4298.7 0.9000 0.8585
4298.8 0.9000 0.8585
4298.9 0.9000 0.8585
4299.0 0.9000 0.8585
4299.1 0.9000 0.8585
4299.2 0.9000 0.8585
4299.3 0.9000 0.8585
4299.4 0.9000 0.8586
4299.5 0.9000 0.8586
4299.6 0.9000 0.8586
4299.7 0.9000 0.8586
4299.8 0.9000 0.8586
4299.9 0.9000 0.8586
4300.0 0.9000 0.8586
4300.1 0.9000 0.8586
4300.2 0.9000 0.8586
4300.3 0.9000 0.8586
4300.4 0.9000 0.8586
4300.5 0.9000 0.8586
4300.6 0.9000 0.8586
4300.7 0.9000 0.8587
4300.8 0.9000 0.8587
4300.9 0.9000 0.8587
4301.0 0.9000 0.8587
4301.1 0.9000 0.8587
4301.2 0.9000 0.8587
4301.3 0.9000 0.8587
4301.4 0.9000 0.8587
4301.5 0.9000 0.8587
4301.6 0.9000 0.8587
4301.7 0.9000 0.8587
4301.8 0.9000 0.8587
4301.9 0.9000 0.8587
4302.0 0.9000 0.8587
4302.1 0.9000 0.8588
4302.2 0.9000 0.8588
4302.3 0.9000 0.8588
4302.4 0.9000 0.8588
4302.5 0.9000 0.8588
4302.6 0.9000 0.8588
4302.7 0.9000 0.8588
4302.8 0.9000 0.8588
4302.9 0.9000 0.8588
4303.0 0.9000 0.8588
4303.1 0.9000 0.8588
4303.2 0.9000 0.8588
4303.3 0.9000 0.8588
4303.4 0.9000 0.8588
4303.5 0.9000 0.8589
4303.6 0.9000 0.8589
4303.7 0.9000 0.8589
4303.8 0.9000 0.8589
4303.9 0.9000 0.8589
4304.0 0.9000 0.8589
4304.1 0.9000 0.8589
4304.2 0.9000 0.8589
4304.3 0.9000 0.8589
4304.4 0.9000 0.8589
4304.5 0.9000 0.8589
4304.6 0.9000 0.8589
4304.7 0.9000 0.8589
4304.8 0.9000 0.8589
4304.9 0.9000 0.8590
4305.0 0.9000 0.8590
4305.1 0.9000 0.8590
4305.2 0.9000 0.8590
4305.3 0.9000 0.8590
4305.4 0.9000 0.8590
4305.5 0.9000 0.8590
4305.6 0.9000 0.8590
4305.7 0.9000 0.8590
4305.8 0.9000 0.8590
4305.9 0.9000 0.8590
4306.0 0.9000 0.8590
4306.1 0.9000 0.8590
4306.2 0.9000 0.8590
4306.3 0.9000 0.8591
4306.4 0.9000 0.8591
4306.5 0.9000 0.8591
4306.6 0.9000 0.8591
4306.7 0.9000 0.8591
4306.8 0.9000 0.8591
4306.9 0.9000 0.8591
4307.0 0.9000 0.8591
4307.1 0.9000 0.8591
4307.2 0.9000 0.8591
4307.3 0.9000 0.8591
4307.4 0.9000 0.8591
4307.5 0.9000 0.8591
4307.6 0.9000 0.8591
4307.7 0.9000 0.8592
4307.8 0.9000 0.8592
4307.9 0.9000 0.8592
4308.0 0.9000 0.8592
4308.1 0.9000 0.8592
4308.2 0.9000 0.8592
4308.3 0.9000 0.8592
4308.4 0.9000 0.8592
4308.5 0.9000 0.8592
4308.6 0.9000 0.8592
4308.7 0.9000 0.8592
4308.8 0.9000 0.8592
4308.9 0.9000 0.8592
4309.0 0.9000 0.8592
4309.1 0.9000 0.8593
4309.2 0.9000 0.8593
4309.3 0.9000 0.8593
4309.4 0.9000 0.8593
4309.5 0.9000 0.8593
4309.6 0.9000 0.8593
4309.7 0.9000 0.8593
4309.8 0.9000 0.8593
4309.9 0.9000 0.8593
4310.0 0.9000 0.8593
4310.1 0.9000 0.8593
4310.2 0.9000 0.8593
4310.3 0.9000 0.8593
4310.4 0.9000 0.8593
4310.5 0.9000 0.8594
4310.6 0.9000 0.8594
4310.7 0.9000 0.8594
4310.8 0.9000 0.8594
4310.9 0.9000 0.8594
4311.0 0.9000 0.8594
4311.1 0.9000 0.8594
4311.2 0.9000 0.8594
4311.3 0.9000 0.8594
4311.4 0.9000 0.8594
4311.5 0.9000 0.8594
4311.6 0.9000 0.8594
4311.7 0.9000 0.8594
4311.8 0.9000 0.8594
4311.9 0.9000 0.8595
4312.0 0.9000 0.8595
4312.1 0.9000 0.8595
4312.2 0.9000 0.8595
4312.3 0.9000 0.8595
4312.4 0.9000 0.8595
4312.5 0.9000 0.8595
4312.6 0.9000 0.8595
4312.7 0.9000 0.8595
4312.8 0.9000 0.8595
4312.9 0.9000 0.8595
4313.0 0.9000 0.8595
4313.1 0.9000 0.8595
4313.2 0.9000 0.8596
4313.3 0.9000 0.8596
4313.4 0.9000 0.8596
4313.5 0.9000 0.8596
4313.6 0.9000 0.8596
4313.7 0.9000 0.8596
4313.8 0.9000 0.8596
4313.9 0.9000 0.8596
4314.0 0.9000 0.8596
4314.1 0.9000 0.8596
4314.2 0.9000 0.8596
4314.3 0.9000 0.8596
4314.4 0.9000 0.8596
4314.5 0.9000 0.8596
4314.6 0.9000 0.8597
4314.7 0.9000 0.8597
4314.8 0.9000 0.8597
4314.9 0.9000 0.8597
4315.0 0.9000 0.8597
4315.1 0.9000 0.8597
4315.2 0.9000 0.8597
4315.3 0.9000 0.8597
4315.4 0.9000 0.8597
4315.5 0.9000 0.8597
4315.6 0.9000 0.8597
4315.7 0.9000 0.8597
4315.8 0.9000 0.8597
4315.9 0.9000 0.8597
4316.0 0.9000 0.8598
4316.1 0.9000 0.8598
4316.2 0.9000 0.8598
4316.3 0.9000 0.8598
4316.4 0.9000 0.8598
4316.5 0.9000 0.8598
4316.6 0.9000 0.8598
4316.7 0.9000 0.8598
4316.8 0.9000 0.8598
4316.9 0.9000 0.8598
4317.0 0.9000 0.8598
4317.1 0.9000 0.8598
4317.2 0.9000 0.8598
4317.3 0.9000 0.8598
4317.4 0.9000 0.8599
4317.5 0.9000 0.8599
4317.6 0.9000 0.8599
4317.7 0.9000 0.8599
4317.8 0.9000 0.8599
4317.9 0.9000 0.8599
4318.0 0.9000 0.8599
4318.1 0.9000 0.8599
4318.2 0.9000 0.8599
4318.3 0.9000 0.8599
4318.4 0.9000 0.8599
4318.5 0.9000 0.8599
4318.6 0.9000 0.8599
4318.7 0.9000 0.8599
4318.8 0.9000 0.8600
4318.9 0.9000 0.8600
4319.0 0.9000 0.8600
4319.1 0.9000 0.8600
4319.2 0.9000 0.8600
4319.3 0.9000 0.8600
4319.4 0.9000 0.8600
4319.5 0.9000 0.8600
4319.6 0.9000 0.8600
4319.7 0.9000 0.8600
4319.8 0.9000 0.8600
4319.9 0.9000 0.8600
4320.0 0.9000 0.8600
4320.1 0.9000 0.8600
4320.2 0.9000 0.8601
4320.3 0.9000 0.8601
4320.4 0.9000 0.8601
4320.5 0.9000 0.8601
4320.6 0.9000 0.8601
4320.7 0.9000 0.8601
4320.8 0.9000 0.8601
4320.9 0.9000 0.8601
4321.0 0.9000 0.8601
4321.1 0.9000 0.8601
4321.2 0.9000 0.8601
4321.3 0.9000 0.8601
4321.4 0.9000 0.8601
4321.5 0.9000 0.8601
4321.6 0.9000 0.8602
4321.7 0.9000 0.8602
4321.8 0.9000 0.8602
4321.9 0.9000 0.8602
4322.0 0.9000 0.8602
4322.1 0.9000 0.8602
4322.2 0.9000 0.8602
4322.3 0.9000 0.8602
4322.4 0.9000 0.8602
4322.5 0.9000 0.8602
4322.6 0.9000 0.8602
4322.7 0.9000 0.8602
4322.8 0.9000 0.8602
4322.9 0.9000 0.8602
4323.0 0.9000 0.8603
4323.1 0.9000 0.8603
4323.2 0.9000 0.8603
4323.3 0.9000 0.8603
4323.4 0.9000 0.8603
4323.5 0.9000 0.8603
4323.6 0.9000 0.8603
4323.7 0.9000 0.8603
4323.8 0.9000 0.8603
4323.9 0.9000 0.8603
4324.0 0.9000 0.8603
4324.1 0.9000 0.8603
4324.2 0.9000 0.8603
4324.3 0.9000 0.8603
4324.4 0.9000 0.8604
4324.5 0.9000 0.8604
4324.6 0.9000 0.8604
4324.7 0.9000 0.8604
4324.8 0.9000 0.8604
4324.9 0.9000 0.8604
4325.0 0.9000 0.8604
4325.1 0.9000 0.8604
4325.2 0.9000 0.8604
4325.3 0.9000 0.8604
4325.4 0.9000 0.8604
4325.5 0.9000 0.8604
4325.6 0.9000 0.8604
4325.7 0.9000 0.8605
4325.8 0.9000 0.8605
4325.9 0.9000 0.8605
4326.0 0.9000 0.8605
4326.1 0.9000 0.8605
4326.2 0.9000 0.8605
4326.3 0.9000 0.8605
4326.4 0.9000 0.8605
4326.5 0.9000 0.8605
4326.6 0.9000 0.8605
4326.7 0.9000 0.8605
4326.8 0.9000 0.8605
4326.9 0.9000 0.8605
4327.0 0.9000 0.8605
4327.1 0.9000 0.8606
4327.2 0.9000 0.8606
4327.3 0.9000 0.8606
4327.4 0.9000 0.8606
4327.5 0.9000 0.8606
4327.6 0.9000 0.8606
4327.7 0.9000 0.8606
4327.8 0.9000 0.8606
4327.9 0.9000 0.8606
4328.0 0.9000 0.8606
4328.1 0.9000 0.8606
4328.2 0.9000 0.8606
4328.3 0.9000 0.8606
4328.4 0.9000 0.8606
4328.5 0.9000 0.8607
4328.6 0.9000 0.8607
4328.7 0.9000 0.8607
4328.8 0.9000 0.8607
4328.9 0.9000 0.8607
4329.0 0.9000 0.8607
4329.1 0.9000 0.8607
4329.2 0.9000 0.8607
4329.3 0.9000 0.8607
4329.4 0.9000 0.8607
4329.5 0.9000 0.8607
4329.6 0.9000 0.8607
4329.7 0.9000 0.8607
4329.8 0.9000 0.8607
4329.9 0.9000 0.8608
4330.0 0.9000 0.8608
4330.1 0.9000 0.8608
4330.2 0.9000 0.8608
4330.3 0.9000 0.8608
4330.4 0.9000 0.8608
4330.5 0.9000 0.8608
4330.6 0.9000 0.8608
4330.7 0.9000 0.8608
4330.8 0.9000 0.8608
4330.9 0.9000 0.8608
4331.0 0.9000 0.8608
4331.1 0.9000 0.8608
4331.2 0.9000 0.8608
4331.3 0.9000 0.8609
4331.4 0.9000 0.8609
4331.5 0.9000 0.8609
4331.6 0.9000 0.8609
4331.7 0.9000 0.8609
4331.8 0.9000 0.8609
4331.9 0.9000 0.8609
4332.0 0.9000 0.8609
4332.1 0.9000 0.8609
4332.2 0.9000 0.8609
4332.3 0.9000 0.8609
4332.4 0.9000 0.8609
4332.5 0.9000 0.8609
4332.6 0.9000 0.8609
4332.7 0.9000 0.8610
4332.8 0.9000 0.8610
4332.9 0.9000 0.8610
4333.0 0.9000 0.8610
4333.1 0.9000 0.8610
4333.2 0.9000 0.8610
4333.3 0.9000 0.8610
4333.4 0.9000 0.8610
4333.5 0.9000 0.8610
4333.6 0.9000 0.8610
4333.7 0.9000 0.8610
4333.8 0.9000 0.8610
4333.9 0.9000 0.8610
4334.0 0.9000 0.8610
4334.1 0.9000 0.8611
4334.2 0.9000 0.8611
4334.3 0.9000 0.8611
4334.4 0.9000 0.8611
4334.5 0.9000 0.8611
4334.6 0.9000 0.8611
4334.7 0.9000 0.8611
4334.8 0.9000 0.8611
4334.9 0.9000 0.8611
4335.0 0.9000 0.8611
4335.1 0.9000 0.8611
4335.2 0.9000 0.8611
4335.3 0.9000 0.8611
4335.4 0.9000 0.8611
4335.5 0.9000 0.8612
4335.6 0.9000 0.8612
4335.7 0.9000 0.8612
4335.8 0.9000 0.8612
4335.9 0.9000 0.8612
4336.0 0.9000 0.8612
4336.1 0.9000 0.8612
4336.2 0.9000 0.8612
4336.3 0.9000 0.8612
4336.4 0.9000 0.8612
4336.5 0.9000 0.8612
4336.6 0.9000 0.8612
4336.7 0.9000 0.8612
4336.8 0.9000 0.8612
4336.9 0.9000 0.8613
4337.0 0.9000 0.8613
4337.1 0.9000 0.8613
4337.2 0.9000 0.8613
4337.3 0.9000 0.8613
4337.4 0.9000 0.8613
4337.5 0.9000 0.8613
4337.6 0.9000 0.8613
4337.7 0.9000 0.8613
4337.8 0.9000 0.8613
4337.9 0.9000 0.8613
4338.0 0.9000 0.8613
4338.1 0.9000 0.8613
4338.2 0.9000 0.8614
4338.3 0.9000 0.8614
4338.4 0.9000 0.8614
4338.5 0.9000 0.8614
4338.6 0.9000 0.8614
4338.7 0.9000 0.8614
4338.8 0.9000 0.8614
4338.9 0.9000 0.8614
4339.0 0.9000 0.8614
4339.1 0.9000 0.8614
4339.2 0.9000 0.8614
4339.3 0.9000 0.8614
4339.4 0.9000 0.8614
4339.5 0.9000 0.8614
4339.6 0.9000 0.8615
4339.7 0.9000 0.8615
4339.8 0.9000 0.8615
4339.9 0.9000 0.8615
4340.0 0.9000 0.8615
4340.1 0.9000 0.8615
4340.2 0.9000 0.8615
4340.3 0.9000 0.8615
4340.4 0.9000 0.8615
4340.5 0.9000 0.8615
4340.6 0.9000 0.8615
4340.7 0.9000 0.8615
4340.8 0.9000 0.8615
4340.9 0.9000 0.8615
4341.0 0.9000 0.8616
4341.1 0.9000 0.8616
4341.2 0.9000 0.8616
4341.3 0.9000 0.8616
4341.4 0.9000 0.8616
4341.5 0.9000 0.8616
4341.6 0.9000 0.8616
4341.7 0.9000 0.8616
4341.8 0.9000 0.8616
4341.9 0.9000 0.8616
4342.0 0.9000 0.8616
4342.1 0.9000 0.8616
4342.2 0.9000 0.8616
4342.3 0.9000 0.8616
4342.4 0.9000 0.8617
4342.5 0.9000 0.8617
4342.6 0.9000 0.8617
4342.7 0.9000 0.8617
4342.8 0.9000 0.8617
4342.9 0.9000 0.8617
4343.0 0.9000 0.8617
4343.1 0.9000 0.8617
4343.2 0.9000 0.8617
4343.3 0.9000 0.8617
4343.4 0.9000 0.8617
4343.5 0.9000 0.8617
4343.6 0.9000 0.8617
4343.7 0.9000 0.8617
4343.8 0.9000 0.8618
4343.9 0.9000 0.8618
4344.0 0.9000 0.8618
4344.1 0.9000 0.8618
4344.2 0.9000 0.8618
4344.3 0.9000 0.8618
4344.4 0.9000 0.8618
4344.5 0.9000 0.8618
4344.6 0.9000 0.8618
4344.7 0.9000 0.8618
4344.8 0.9000 0.8618
4344.9 0.9000 0.8618
4345.0 0.9000 0.8618
4345.1 0.9000 0.8618
4345.2 0.9000 0.8619
4345.3 0.9000 0.8619
4345.4 0.9000 0.8619
4345.5 0.9000 0.8619
4345.6 0.9000 0.8619
4345.7 0.9000 0.8619
4345.8 0.9000 0.8619
4345.9 0.9000 0.8619
4346.0 0.9000 0.8619
4346.1 0.9000 0.8619
4346.2 0.9000 0.8619
4346.3 0.9000 0.8619
4346.4 0.9000 0.8619
4346.5 0.9000 0.8619
4346.6 0.9000 0.8620
4346.7 0.9000 0.8620
4346.8 0.9000 0.8620
4346.9 0.9000 0.8620
4347.0 0.9000 0.8620
4347.1 0.9000 0.8620
4347.2 0.9000 0.8620
4347.3 0.9000 0.8620
4347.4 0.9000 0.8620
4347.5 0.9000 0.8620
4347.6 0.9000 0.8620
4347.7 0.9000 0.8620
4347.8 0.9000 0.8620
4347.9 0.9000 0.8620
4348.0 0.9000 0.8621
4348.1 0.9000 0.8621
4348.2 0.9000 0.8621
4348.3 0.9000 0.8621
4348.4 0.9000 0.8621
4348.5 0.9000 0.8621
4348.6 0.9000 0.8621
4348.7 0.9000 0.8621
4348.8 0.9000 0.8621
4348.9 0.9000 0.8621
4349.0 0.9000 0.8621
4349.1 0.9000 0.8621
4349.2 0.9000 0.8621
4349.3 0.9000 0.8621
4349.4 0.9000 0.8622
4349.5 0.9000 0.8622
4349.6 0.9000 0.8622
4349.7 0.9000 0.8622
4349.8 0.9000 0.8622
4349.9 0.9000 0.8622
4350.0 0.9000 0.8622
4350.1 0.9000 0.8622
4350.2 0.9000 0.8622
4350.3 0.9000 0.8622
4350.4 0.9000 0.8622
4350.5 0.9000 0.8622
4350.6 0.9000 0.8622
4350.7 0.9000 0.8623
4350.8 0.9000 0.8623
4350.9 0.9000 0.8623
4351.0 0.9000 0.8623
4351.1 0.9000 0.8623
4351.2 0.9000 0.8623
4351.3 0.9000 0.8623
4351.4 0.9000 0.8623
4351.5 0.9000 0.8623
4351.6 0.9000 0.8623
4351.7 0.9000 0.8623
4351.8 0.9000 0.8623
4351.9 0.9000 0.8623
4352.0 0.9000 0.8623
4352.1 0.9000 0.8624
4352.2 0.9000 0.8624
4352.3 0.9000 0.8624
4352.4 0.9000 0.8624
4352.5 0.9000 0.8624
4352.6 0.9000 0.8624
4352.7 0.9000 0.8624
4352.8 0.9000 0.8624
4352.9 0.9000 0.8624
4353.0 0.9000 0.8624
4353.1 0.9000 0.8624
4353.2 0.9000 0.8624
4353.3 0.9000 0.8624
4353.4 0.9000 0.8624
4353.5 0.9000 0.8625
4353.6 0.9000 0.8625
4353.7 0.9000 0.8625
4353.8 0.9000 0.8625
4353.9 0.9000 0.8625
4354.0 0.9000 0.8625
4354.1 0.9000 0.8625
4354.2 0.9000 0.8625
4354.3 0.9000 0.8625
4354.4 0.9000 0.8625
4354.5 0.9000 0.8625
4354.6 0.9000 0.8625
4354.7 0.9000 0.8625
4354.8 0.9000 0.8625
4354.9 0.9000 0.8626
4355.0 0.9000 0.8626
4355.1 0.9000 0.8626
4355.2 0.9000 0.8626
4355.3 0.9000 0.8626
4355.4 0.9000 0.8626
4355.5 0.9000 0.8626
4355.6 0.9000 0.8626
4355.7 0.9000 0.8626
4355.8 0.9000 0.8626
4355.9 0.9000 0.8626
4356.0 0.9000 0.8626
4356.1 0.9000 0.8626
4356.2 0.9000 0.8626
4356.3 0.9000 0.8627
4356.4 0.9000 0.8627
4356.5 0.9000 0.8627
4356.6 0.9000 0.8627
4356.7 0.9000 0.8627
4356.8 0.9000 0.8627
4356.9 0.9000 0.8627
4357.0 0.9000 0.8627
4357.1 0.9000 0.8627
4357.2 0.9000 0.8627
4357.3 0.9000 0.8627
4357.4 0.9000 0.8627
4357.5 0.9000 0.8627
4357.6 0.9000 0.8627
4357.7 0.9000 0.8628
4357.8 0.9000 0.8628
4357.9 0.9000 0.8628
4358.0 0.9000 0.8628
4358.1 0.9000 0.8628
4358.2 0.9000 0.8628
4358.3 0.9000 0.8628
4358.4 0.9000 0.8628
4358.5 0.9000 0.8628
4358.6 0.9000 0.8628
4358.7 0.9000 0.8628
4358.8 0.9000 0.8628
4358.9 0.9000 0.8628
4359.0 0.9000 0.8628
4359.1 0.9000 0.8629
4359.2 0.9000 0.8629
4359.3 0.9000 0.8629
4359.4 0.9000 0.8629
4359.5 0.9000 0.8629
4359.6 0.9000 0.8629
4359.7 0.9000 0.8629
4359.8 0.9000 0.8629
4359.9 0.9000 0.8629
4360.0 0.9000 0.8629
4360.1 0.9000 0.8629
4360.2 0.9000 0.8629
4360.3 0.9000 0.8629
4360.4 0.9000 0.8629
4360.5 0.9000 0.8630
4360.6 0.9000 0.8630
4360.7 0.9000 0.8630
4360.8 0.9000 0.8630
4360.9 0.9000 0.8630
4361.0 0.9000 0.8630
4361.1 0.9000 0.8630
4361.2 0.9000 0.8630
4361.3 0.9000 0.8630
4361.4 0.9000 0.8630
4361.5 0.9000 0.8630
4361.6 0.9000 0.8630
4361.7 0.9000 0.8630
4361.8 0.9000 0.8630
4361.9 0.9000 0.8631
4362.0 0.9000 0.8631
4362.1 0.9000 0.8631
4362.2 0.9000 0.8631
4362.3 0.9000 0.8631
4362.4 0.9000 0.8631
4362.5 0.9000 0.8631
4362.6 0.9000 0.8631
4362.7 0.9000 0.8631
4362.8 0.9000 0.8631
4362.9 0.9000 0.8631
4363.0 0.9000 0.8631
4363.1 0.9000 0.8631
4363.2 0.9000 0.8632
4363.3 0.9000 0.8632
4363.4 0.9000 0.8632
4363.5 0.9000 0.8632
4363.6 0.9000 0.8632
4363.7 0.9000 0.8632
4363.8 0.9000 0.8632
4363.9 0.9000 0.8632
4364.0 0.9000 0.8632
4364.1 0.9000 0.8632
4364.2 0.9000 0.8632
4364.3 0.9000 0.8632
4364.4 0.9000 0.8632
4364.5 0.9000 0.8632
4364.6 0.9000 0.8633
4364.7 0.9000 0.8633
4364.8 0.9000 0.8633
4364.9 0.9000 0.8633
4365.0 0.9000 0.8633
4365.1 0.9000 0.8633
4365.2 0.9000 0.8633
4365.3 0.9000 0.8633
4365.4 0.9000 0.8633
4365.5 0.9000 0.8633
4365.6 0.9000 0.8633
4365.7 0.9000 0.8633
4365.8 0.9000 0.8633
4365.9 0.9000 0.8633
4366.0 0.9000 0.8634
4366.1 0.9000 0.8634
4366.2 0.9000 0.8634
4366.3 0.9000 0.8634
4366.4 0.9000 0.8634
4366.5 0.9000 0.8634
4366.6 0.9000 0.8634
4366.7 0.9000 0.8634
4366.8 0.9000 0.8634
4366.9 0.9000 0.8634
4367.0 0.9000 0.8634
4367.1 0.9000 0.8634
4367.2 0.9000 0.8634
4367.3 0.9000 0.8634
4367.4 0.9000 0.8635
4367.5 0.9000 0.8635
4367.6 0.9000 0.8635
4367.7 0.9000 0.8635
4367.8 0.9000 0.8635
4367.9 0.9000 0.8635
4368.0 0.9000 0.8635
4368.1 0.9000 0.8635
4368.2 0.9000 0.8635
4368.3 0.9000 0.8635
4368.4 0.9000 0.8635
4368.5 0.9000 0.8635
4368.6 0.9000 0.8635
4368.7 0.9000 0.8635
4368.8 0.9000 0.8636
4368.9 0.9000 0.8636
4369.0 0.9000 0.8636
4369.1 0.9000 0.8636
4369.2 0.9000 0.8636
4369.3 0.9000 0.8636
4369.4 0.9000 0.8636
4369.5 0.9000 0.8636
4369.6 0.9000 0.8636
4369.7 0.9000 0.8636
4369.8 0.9000 0.8636
4369.9 0.9000 0.8636
4370.0 0.9000 0.8636
4370.1 0.9000 0.8636
4370.2 0.9000 0.8637
4370.3 0.9000 0.8637
4370.4 0.9000 0.8637
4370.5 0.9000 0.8637
4370.6 0.9000 0.8637
4370.7 0.9000 0.8637
4370.8 0.9000 0.8637
4370.9 0.9000 0.8637
4371.0 0.9000 0.8637
4371.1 0.9000 0.8637
4371.2 0.9000 0.8637
4371.3 0.9000 0.8637
4371.4 0.9000 0.8637
4371.5 0.9000 0.8637
4371.6 0.9000 0.8638
4371.7 0.9000 0.8638
4371.8 0.9000 0.8638
4371.9 0.9000 0.8638
4372.0 0.9000 0.8638
4372.1 0.9000 0.8638
4372.2 0.9000 0.8638
4372.3 0.9000 0.8638
4372.4 0.9000 0.8638
4372.5 0.9000 0.8638
4372.6 0.9000 0.8638
4372.7 0.9000 0.8638
4372.8 0.9000 0.8638
4372.9 0.9000 0.8638
4373.0 0.9000 0.8639
4373.1 0.9000 0.8639
4373.2 0.9000 0.8639
4373.3 0.9000 0.8639
4373.4 0.9000 0.8639
4373.5 0.9000 0.8639
4373.6 0.9000 0.8639
4373.7 0.9000 0.8639
4373.8 0.9000 0.8639
4373.9 0.9000 0.8639
4374.0 0.9000 0.8639
4374.1 0.9000 0.8639
4374.2 0.9000 0.8639
4374.3 0.9000 0.8639
4374.4 0.9000 0.8640
4374.5 0.9000 0.8640
4374.6 0.9000 0.8640
4374.7 0.9000 0.8640
4374.8 0.9000 0.8640
4374.9 0.9000 0.8640
4375.0 0.9000 0.8640
4375.1 0.9000 0.8640
4375.2 0.9000 0.8640
4375.3 0.9000 0.8640
4375.4 0.9000 0.8640
4375.5 0.9000 0.8640
4375.6 0.9000 0.8640
4375.7 0.9000 0.8641
4375.8 0.9000 0.8641
4375.9 0.9000 0.8641
4376.0 0.9000 0.8641
4376.1 0.9000 0.8641
4376.2 0.9000 0.8641
4376.3 0.9000 0.8641
4376.4 0.9000 0.8641
4376.5 0.9000 0.8641
4376.6 0.9000 0.8641
4376.7 0.9000 0.8641
4376.8 0.9000 0.8641
4376.9 0.9000 0.8641
4377.0 0.9000 0.8641
4377.1 0.9000 0.8642
4377.2 0.9000 0.8642
4377.3 0.9000 0.8642
4377.4 0.9000 0.8642
4377.5 0.9000 0.8642
4377.6 0.9000 0.8642
4377.7 0.9000 0.8642
4377.8 0.9000 0.8642
4377.9 0.9000 0.8642
4378.0 0.9000 0.8642
4378.1 0.9000 0.8642
4378.2 0.9000 0.8642
4378.3 0.9000 0.8642
4378.4 0.9000 0.8642
4378.5 0.9000 0.8643
4378.6 0.9000 0.8643
4378.7 0.9000 0.8643
4378.8 0.9000 0.8643
4378.9 0.9000 0.8643
4379.0 0.9000 0.8643
4379.1 0.9000 0.8643
4379.2 0.9000 0.8643
4379.3 0.9000 0.8643
4379.4 0.9000 0.8643
4379.5 0.9000 0.8643
4379.6 0.9000 0.8643
4379.7 0.9000 0.8643
4379.8 0.9000 0.8643
4379.9 0.9000 0.8644
4380.0 0.9000 0.8644
4380.1 0.9000 0.8644
4380.2 0.9000 0.8644
4380.3 0.9000 0.8644
4380.4 0.9000 0.8644
4380.5 0.9000 0.8644
4380.6 0.9000 0.8644
4380.7 0.9000 0.8644
4380.8 0.9000 0.8644
4380.9 0.9000 0.8644
4381.0 0.9000 0.8644
4381.1 0.9000 0.8644
4381.2 0.9000 0.8644
4381.3 0.9000 0.8645
4381.4 0.9000 0.8645
4381.5 0.9000 0.8645
4381.6 0.9000 0.8645
4381.7 0.9000 0.8645
4381.8 0.9000 0.8645
4381.9 0.9000 0.8645
4382.0 0.9000 0.8645
4382.1 0.9000 0.8645
4382.2 0.9000 0.8645
4382.3 0.9000 0.8645
4382.4 0.9000 0.8645
4382.5 0.9000 0.8645
4382.6 0.9000 0.8645
4382.7 0.9000 0.8646
4382.8 0.9000 0.8646
4382.9 0.9000 0.8646
4383.0 0.9000 0.8646
4383.1 0.9000 0.8646
4383.2 0.9000 0.8646
4383.3 0.9000 0.8646
4383.4 0.9000 0.8646
4383.5 0.9000 0.8646
4383.6 0.9000 0.8646
4383.7 0.9000 0.8646
4383.8 0.9000 0.8646
4383.9 0.9000 0.8646
4384.0 0.9000 0.8646
4384.1 0.9000 0.8647
4384.2 0.9000 0.8647
4384.3 0.9000 0.8647
4384.4 0.9000 0.8647
4384.5 0.9000 0.8647
4384.6 0.9000 0.8647
4384.7 0.9000 0.8647
4384.8 0.9000 0.8647
4384.9 0.9000 0.8647
4385.0 0.9000 0.8647
4385.1 0.8970 0.8618
4385.2 0.8940 0.8590
4385.3 0.8910 0.8561
4385.4 0.8880 0.8532
4385.5 0.8850 0.8503
4385.6 0.8820 0.8475
4385.7 0.8790 0.8446
4385.8 0.8760 0.8417
4385.9 0.8730 0.8388
4386.0 0.8700 0.8360
4386.1 0.8670 0.8331
4386.2 0.8640 0.8302
4386.3 0.8610 0.8273
4386.4 0.8580 0.8245
4386.5 0.8550 0.8216
4386.6 0.8520 0.8187
4386.7 0.8490 0.8158
4386.8 0.8460 0.8130
4386.9 0.8430 0.8101
4387.0 0.8400 0.8072
4387.1 0.8370 0.8043
4387.2 0.8340 0.8015
4387.3 0.8310 0.7986
4387.4 0.8280 0.7957
4387.5 0.8250 0.7928
4387.6 0.8220 0.7899
4387.7 0.8190 0.7871
4387.8 0.8160 0.7842
4387.9 0.8130 0.7813
4388.0 0.8100 0.7784
4388.1 0.8070 0.7756
4388.2 0.8040 0.7727
4388.3 0.8010 0.7698
4388.4 0.7980 0.7669
4388.5 0.7950 0.7641
4388.6 0.7920 0.7612
4388.7 0.7890 0.7583
4388.8 0.7860 0.7554
4388.9 0.7830 0.7526
4389.0 0.7800 0.7497
4389.1 0.7770 0.7468
4389.2 0.7740 0.7439
4389.3 0.7710 0.7410
4389.4 0.7680 0.7382
4389.5 0.7650 0.7353
4389.6 0.7620 0.7324
4389.7 0.7590 0.7295
4389.8 0.7560 0.7267
4389.9 0.7530 0.7238
4390.0 0.7500 0.7209
4390.1 0.7470 0.7180
4390.2 0.7440 0.7151
4390.3 0.7410 0.7123
4390.4 0.7380 0.7094
4390.5 0.7350 0.7065
4390.6 0.7320 0.7036
4390.7 0.7290 0.7008
4390.8 0.7260 0.6979
4390.9 0.7230 0.6950
4391.0 0.7200 0.6921
4391.1 0.7170 0.6892
4391.2 0.7140 0.6864
4391.3 0.7110 0.6835
4391.4 0.7080 0.6806
4391.5 0.7050 0.6777
4391.6 0.7020 0.6749
4391.7 0.6990 0.6720
4391.8 0.6960 0.6691
4391.9 0.6930 0.6662
4392.0 0.6900 0.6633
4392.1 0.6870 0.6605
4392.2 0.6840 0.6576
4392.3 0.6810 0.6547
4392.4 0.6780 0.6518
4392.5 0.6750 0.6489
4392.6 0.6720 0.6461
4392.7 0.6690 0.6432
4392.8 0.6660 0.6403
4392.9 0.6630 0.6374
4393.0 0.6600 0.6346
4393.1 0.6570 0.6317
4393.2 0.6540 0.6288
4393.3 0.6510 0.6259
4393.4 0.6480 0.6230
4393.5 0.6450 0.6202
4393.6 0.6420 0.6173
4393.7 0.6390 0.6144
4393.8 0.6360 0.6115
4393.9 0.6330 0.6086
4394.0 0.6300 0.6058
4394.1 0.6270 0.6029
4394.2 0.6240 0.6000
4394.3 0.6210 0.5971
4394.4 0.6180 0.5942
4394.5 0.6150 0.5914
4394.6 0.6120 0.5885
4394.7 0.6090 0.5856
4394.8 0.6060 0.5827
4394.9 0.6030 0.5798
4395.0 0.6000 0.5770
4395.1 0.5970 0.5741
4395.2 0.5940 0.5712
4395.3 0.5910 0.5683
4395.4 0.5880 0.5654
4395.5 0.5850 0.5626
4395.6 0.5820 0.5597
4395.7 0.5790 0.5568
4395.8 0.5760 0.5539
4395.9 0.5730 0.5510
4396.0 0.5700 0.5482
4396.1 0.5670 0.5453
4396.2 0.5640 0.5424
4396.3 0.5610 0.5395
4396.4 0.5580 0.5366
4396.5 0.5550 0.5338
4396.6 0.5520 0.5309
4396.7 0.5490 0.5280
4396.8 0.5460 0.5251
4396.9 0.5430 0.5222
4397.0 0.5400 0.5194
4397.1 0.5370 0.5165
4397.2 0.5340 0.5136
4397.3 0.5310 0.5107
4397.4 0.5280 0.5078
4397.5 0.5250 0.5049
4397.6 0.5220 0.5021
4397.7 0.5190 0.4992
4397.8 0.5160 0.4963
4397.9 0.5130 0.4934
4398.0 0.5100 0.4905
4398.1 0.5070 0.4877
4398.2 0.5040 0.4848
4398.3 0.5010 0.4819
4398.4 0.4980 0.4790
4398.5 0.4950 0.4761
4398.6 0.4920 0.4732
4398.7 0.4890 0.4704
4398.8 0.4860 0.4675
4398.9 0.4830 0.4646
4399.0 0.4800 0.4617
4399.1 0.4770 0.4588
4399.2 0.4740 0.4560
4399.3 0.4710 0.4531
4399.4 0.4680 0.4502
4399.5 0.4650 0.4473
4399.6 0.4620 0.4444
4399.7 0.4590 0.4415
4399.8 0.4560 0.4387
4399.9 0.4530 0.4358
4400.0 0.4500 0.4329
4400.1 0.4470 0.4300
4400.2 0.4440 0.4271
4400.3 0.4410 0.4243
4400.4 0.4380 0.4214
4400.5 0.4350 0.4185
4400.6 0.4320 0.4156
4400.7 0.4290 0.4127
4400.8 0.4260 0.4098
4400.9 0.4230 0.4070
4401.0 0.4200 0.4041
4401.1 0.4170 0.4012
4401.2 0.4140 0.3983
4401.3 0.4110 0.3954
4401.4 0.4080 0.3925
4401.5 0.4050 0.3897
4401.6 0.4020 0.3868
4401.7 0.3990 0.3839
4401.8 0.3960 0.3810
4401.9 0.3930 0.3781
4402.0 0.3900 0.3752
4402.1 0.3870 0.3724
4402.2 0.3840 0.3695
4402.3 0.3810 0.3666
4402.4 0.3780 0.3637
4402.5 0.3750 0.3608
4402.6 0.3720 0.3579
4402.7 0.3690 0.3551
4402.8 0.3660 0.3522
4402.9 0.3630 0.3493
4403.0 0.3600 0.3464
4403.1 0.3570 0.3435
4403.2 0.3540 0.3406
4403.3 0.3510 0.3378
4403.4 0.3480 0.3349
4403.5 0.3450 0.3320
4403.6 0.3420 0.3291
4403.7 0.3390 0.3262
4403.8 0.3360 0.3233
4403.9 0.3330 0.3204
4404.0 0.3300 0.3176
4404.1 0.3270 0.3147
4404.2 0.3240 0.3118
4404.3 0.3210 0.3089
4404.4 0.3180 0.3060
4404.5 0.3150 0.3031
4404.6 0.3120 0.3003
4404.7 0.3090 0.2974
4404.8 0.3060 0.2945
4404.9 0.3030 0.2916
4405.0 0.3000 0.2887
4405.1 0.2970 0.2858
4405.2 0.2940 0.2830
4405.3 0.2910 0.2801
4405.4 0.2880 0.2772
4405.5 0.2850 0.2743
4405.6 0.2820 0.2714
4405.7 0.2790 0.2685
4405.8 0.2760 0.2656
4405.9 0.2730 0.2628
4406.0 0.2700 0.2599
4406.1 0.2670 0.2570
4406.2 0.2640 0.2541
4406.3 0.2610 0.2512
4406.4 0.2580 0.2483
4406.5 0.2550 0.2454
4406.6 0.2520 0.2426
4406.7 0.2490 0.2397
4406.8 0.2460 0.2368
4406.9 0.2430 0.2339
4407.0 0.2400 0.2310
4407.1 0.2370 0.2281
4407.2 0.2340 0.2252
4407.3 0.2310 0.2224
4407.4 0.2280 0.2195
4407.5 0.2250 0.2166
4407.6 0.2220 0.2137
4407.7 0.2190 0.2108
4407.8 0.2160 0.2079
4407.9 0.2130 0.2050
4408.0 0.2100 0.2022
4408.1 0.2070 0.1993
4408.2 0.2040 0.1964
4408.3 0.2010 0.1935
4408.4 0.1980 0.1906
4408.5 0.1950 0.1877
4408.6 0.1920 0.1848
4408.7 0.1890 0.1819
4408.8 0.1860 0.1791
4408.9 0.1830 0.1762
4409.0 0.1800 0.1733
4409.1 0.1770 0.1704
4409.2 0.1740 0.1675
4409.3 0.1710 0.1646
4409.4 0.1680 0.1617
4409.5 0.1650 0.1589
4409.6 0.1620 0.1560
4409.7 0.1590 0.1531
4409.8 0.1560 0.1502
4409.9 0.1530 0.1473
4410.0 0.1500 0.1444
4410.1 0.1470 0.1415
4410.2 0.1440 0.1386
4410.3 0.1410 0.1358
4410.4 0.1380 0.1329
4410.5 0.1350 0.1300
4410.6 0.1320 0.1271
4410.7 0.1290 0.1242
4410.8 0.1260 0.1213
4410.9 0.1230 0.1184
4411.0 0.1200 0.1155
4411.1 0.1170 0.1127
4411.2 0.1140 0.1098
4411.3 0.1110 0.1069
4411.4 0.1080 0.1040
4411.5 0.1050 0.1011
4411.6 0.1020 0.0982
4411.7 0.0990 0.0953
4411.8 0.0960 0.0924
4411.9 0.0930 0.0896
4412.0 0.0900 0.0867
4412.1 0.0870 0.0838
4412.2 0.0840 0.0809
4412.3 0.0810 0.0780
4412.4 0.0780 0.0751
4412.5 0.0750 0.0722
4412.6 0.0720 0.0693
4412.7 0.0690 0.0664
4412.8 0.0660 0.0636
4412.9 0.0630 0.0607
4413.0 0.0600 0.0578
4413.1 0.0570 0.0549
4413.2 0.0540 0.0520
4413.3 0.0510 0.0491
4413.4 0.0480 0.0462
4413.5 0.0450 0.0433
4413.6 0.0420 0.0404
4413.7 0.0390 0.0376
4413.8 0.0360 0.0347
4413.9 0.0330 0.0318
4414.0 0.0300 0.0289
4414.1 0.0270 0.0260
4414.2 0.0240 0.0231
4414.3 0.0210 0.0202
4414.4 0.0180 0.0173
4414.5 0.0150 0.0144
4414.6 0.0120 0.0116
4414.7 0.0090 0.0087
4414.8 0.0060 0.0058
4414.9 0.0030 0.0029
4415.0 0.0000 0.0000
4415.1 0.0000 0.0000
4415.2 0.0000 0.0000
4415.3 0.0000 0.0000
4415.4 0.0000 0.0000
4415.5 0.0000 0.0000
4415.6 0.0000 0.0000
4415.7 0.0000 0.0000
4415.8 0.0000 0.0000
