# Theoretical transmission filter for J-PLUS filter F515
# Date of creation: 2013-01-17
# Author: J. Varela
# 
# Requirements:
#    Central wavelength (Angstroms): 5150
#    W1 (Angstroms): 170
#    FWHM (Angstroms): 200
#    Transmission peak: 0.90
#
# Columns description:
#    wl: Wavelength in Angstroms
#    T: Transmission
#    T+CCD: Transmission Filter+CCD
#
# wl   T  T+CCD
5034.0 0.0000 0.0000
5034.1 0.0000 0.0000
5034.2 0.0000 0.0000
5034.3 0.0000 0.0000
5034.4 0.0000 0.0000
5034.5 0.0000 0.0000
5034.6 0.0000 0.0000
5034.7 0.0000 0.0000
5034.8 0.0000 0.0000
5034.9 0.0000 0.0000
5035.0 0.0000 0.0000
5035.1 0.0030 0.0028
5035.2 0.0060 0.0055
5035.3 0.0090 0.0083
5035.4 0.0120 0.0110
5035.5 0.0150 0.0138
5035.6 0.0180 0.0166
5035.7 0.0210 0.0193
5035.8 0.0240 0.0221
5035.9 0.0270 0.0248
5036.0 0.0300 0.0276
5036.1 0.0330 0.0304
5036.2 0.0360 0.0331
5036.3 0.0390 0.0359
5036.4 0.0420 0.0386
5036.5 0.0450 0.0414
5036.6 0.0480 0.0442
5036.7 0.0510 0.0469
5036.8 0.0540 0.0497
5036.9 0.0570 0.0524
5037.0 0.0600 0.0552
5037.1 0.0630 0.0580
5037.2 0.0660 0.0607
5037.3 0.0690 0.0635
5037.4 0.0720 0.0662
5037.5 0.0750 0.0690
5037.6 0.0780 0.0718
5037.7 0.0810 0.0745
5037.8 0.0840 0.0773
5037.9 0.0870 0.0800
5038.0 0.0900 0.0828
5038.1 0.0930 0.0856
5038.2 0.0960 0.0883
5038.3 0.0990 0.0911
5038.4 0.1020 0.0938
5038.5 0.1050 0.0966
5038.6 0.1080 0.0994
5038.7 0.1110 0.1021
5038.8 0.1140 0.1049
5038.9 0.1170 0.1076
5039.0 0.1200 0.1104
5039.1 0.1230 0.1132
5039.2 0.1260 0.1159
5039.3 0.1290 0.1187
5039.4 0.1320 0.1214
5039.5 0.1350 0.1242
5039.6 0.1380 0.1270
5039.7 0.1410 0.1297
5039.8 0.1440 0.1325
5039.9 0.1470 0.1352
5040.0 0.1500 0.1380
5040.1 0.1530 0.1408
5040.2 0.1560 0.1435
5040.3 0.1590 0.1463
5040.4 0.1620 0.1490
5040.5 0.1650 0.1518
5040.6 0.1680 0.1546
5040.7 0.1710 0.1573
5040.8 0.1740 0.1601
5040.9 0.1770 0.1628
5041.0 0.1800 0.1656
5041.1 0.1830 0.1684
5041.2 0.1860 0.1711
5041.3 0.1890 0.1739
5041.4 0.1920 0.1766
5041.5 0.1950 0.1794
5041.6 0.1980 0.1822
5041.7 0.2010 0.1849
5041.8 0.2040 0.1877
5041.9 0.2070 0.1904
5042.0 0.2100 0.1932
5042.1 0.2130 0.1960
5042.2 0.2160 0.1987
5042.3 0.2190 0.2015
5042.4 0.2220 0.2042
5042.5 0.2250 0.2070
5042.6 0.2280 0.2098
5042.7 0.2310 0.2125
5042.8 0.2340 0.2153
5042.9 0.2370 0.2180
5043.0 0.2400 0.2208
5043.1 0.2430 0.2236
5043.2 0.2460 0.2263
5043.3 0.2490 0.2291
5043.4 0.2520 0.2318
5043.5 0.2550 0.2346
5043.6 0.2580 0.2374
5043.7 0.2610 0.2401
5043.8 0.2640 0.2429
5043.9 0.2670 0.2456
5044.0 0.2700 0.2484
5044.1 0.2730 0.2512
5044.2 0.2760 0.2539
5044.3 0.2790 0.2567
5044.4 0.2820 0.2594
5044.5 0.2850 0.2622
5044.6 0.2880 0.2650
5044.7 0.2910 0.2677
5044.8 0.2940 0.2705
5044.9 0.2970 0.2732
5045.0 0.3000 0.2760
5045.1 0.3030 0.2788
5045.2 0.3060 0.2815
5045.3 0.3090 0.2843
5045.4 0.3120 0.2870
5045.5 0.3150 0.2898
5045.6 0.3180 0.2926
5045.7 0.3210 0.2953
5045.8 0.3240 0.2981
5045.9 0.3270 0.3008
5046.0 0.3300 0.3036
5046.1 0.3330 0.3064
5046.2 0.3360 0.3091
5046.3 0.3390 0.3119
5046.4 0.3420 0.3146
5046.5 0.3450 0.3174
5046.6 0.3480 0.3202
5046.7 0.3510 0.3229
5046.8 0.3540 0.3257
5046.9 0.3570 0.3284
5047.0 0.3600 0.3312
5047.1 0.3630 0.3340
5047.2 0.3660 0.3367
5047.3 0.3690 0.3395
5047.4 0.3720 0.3422
5047.5 0.3750 0.3450
5047.6 0.3780 0.3478
5047.7 0.3810 0.3505
5047.8 0.3840 0.3533
5047.9 0.3870 0.3560
5048.0 0.3900 0.3588
5048.1 0.3930 0.3616
5048.2 0.3960 0.3643
5048.3 0.3990 0.3671
5048.4 0.4020 0.3698
5048.5 0.4050 0.3726
5048.6 0.4080 0.3754
5048.7 0.4110 0.3781
5048.8 0.4140 0.3809
5048.9 0.4170 0.3836
5049.0 0.4200 0.3864
5049.1 0.4230 0.3892
5049.2 0.4260 0.3919
5049.3 0.4290 0.3947
5049.4 0.4320 0.3974
5049.5 0.4350 0.4002
5049.6 0.4380 0.4030
5049.7 0.4410 0.4057
5049.8 0.4440 0.4085
5049.9 0.4470 0.4112
5050.0 0.4500 0.4140
5050.1 0.4530 0.4168
5050.2 0.4560 0.4195
5050.3 0.4590 0.4223
5050.4 0.4620 0.4250
5050.5 0.4650 0.4278
5050.6 0.4680 0.4306
5050.7 0.4710 0.4333
5050.8 0.4740 0.4361
5050.9 0.4770 0.4388
5051.0 0.4800 0.4416
5051.1 0.4830 0.4444
5051.2 0.4860 0.4471
5051.3 0.4890 0.4499
5051.4 0.4920 0.4526
5051.5 0.4950 0.4554
5051.6 0.4980 0.4582
5051.7 0.5010 0.4609
5051.8 0.5040 0.4637
5051.9 0.5070 0.4664
5052.0 0.5100 0.4692
5052.1 0.5130 0.4720
5052.2 0.5160 0.4747
5052.3 0.5190 0.4775
5052.4 0.5220 0.4802
5052.5 0.5250 0.4830
5052.6 0.5280 0.4858
5052.7 0.5310 0.4885
5052.8 0.5340 0.4913
5052.9 0.5370 0.4940
5053.0 0.5400 0.4968
5053.1 0.5430 0.4996
5053.2 0.5460 0.5023
5053.3 0.5490 0.5051
5053.4 0.5520 0.5078
5053.5 0.5550 0.5106
5053.6 0.5580 0.5134
5053.7 0.5610 0.5161
5053.8 0.5640 0.5189
5053.9 0.5670 0.5216
5054.0 0.5700 0.5244
5054.1 0.5730 0.5272
5054.2 0.5760 0.5299
5054.3 0.5790 0.5327
5054.4 0.5820 0.5354
5054.5 0.5850 0.5382
5054.6 0.5880 0.5410
5054.7 0.5910 0.5437
5054.8 0.5940 0.5465
5054.9 0.5970 0.5492
5055.0 0.6000 0.5520
5055.1 0.6030 0.5548
5055.2 0.6060 0.5575
5055.3 0.6090 0.5603
5055.4 0.6120 0.5630
5055.5 0.6150 0.5658
5055.6 0.6180 0.5686
5055.7 0.6210 0.5713
5055.8 0.6240 0.5741
5055.9 0.6270 0.5768
5056.0 0.6300 0.5796
5056.1 0.6330 0.5824
5056.2 0.6360 0.5851
5056.3 0.6390 0.5879
5056.4 0.6420 0.5906
5056.5 0.6450 0.5934
5056.6 0.6480 0.5962
5056.7 0.6510 0.5989
5056.8 0.6540 0.6017
5056.9 0.6570 0.6044
5057.0 0.6600 0.6072
5057.1 0.6630 0.6100
5057.2 0.6660 0.6127
5057.3 0.6690 0.6155
5057.4 0.6720 0.6182
5057.5 0.6750 0.6210
5057.6 0.6780 0.6238
5057.7 0.6810 0.6265
5057.8 0.6840 0.6293
5057.9 0.6870 0.6320
5058.0 0.6900 0.6348
5058.1 0.6930 0.6376
5058.2 0.6960 0.6403
5058.3 0.6990 0.6431
5058.4 0.7020 0.6458
5058.5 0.7050 0.6486
5058.6 0.7080 0.6514
5058.7 0.7110 0.6541
5058.8 0.7140 0.6569
5058.9 0.7170 0.6596
5059.0 0.7200 0.6624
5059.1 0.7230 0.6652
5059.2 0.7260 0.6679
5059.3 0.7290 0.6707
5059.4 0.7320 0.6734
5059.5 0.7350 0.6762
5059.6 0.7380 0.6790
5059.7 0.7410 0.6817
5059.8 0.7440 0.6845
5059.9 0.7470 0.6872
5060.0 0.7500 0.6900
5060.1 0.7530 0.6928
5060.2 0.7560 0.6955
5060.3 0.7590 0.6983
5060.4 0.7620 0.7010
5060.5 0.7650 0.7038
5060.6 0.7680 0.7066
5060.7 0.7710 0.7093
5060.8 0.7740 0.7121
5060.9 0.7770 0.7148
5061.0 0.7800 0.7176
5061.1 0.7830 0.7204
5061.2 0.7860 0.7231
5061.3 0.7890 0.7259
5061.4 0.7920 0.7286
5061.5 0.7950 0.7314
5061.6 0.7980 0.7342
5061.7 0.8010 0.7369
5061.8 0.8040 0.7397
5061.9 0.8070 0.7424
5062.0 0.8100 0.7452
5062.1 0.8130 0.7480
5062.2 0.8160 0.7507
5062.3 0.8190 0.7535
5062.4 0.8220 0.7562
5062.5 0.8250 0.7590
5062.6 0.8280 0.7618
5062.7 0.8310 0.7645
5062.8 0.8340 0.7673
5062.9 0.8370 0.7700
5063.0 0.8400 0.7728
5063.1 0.8430 0.7756
5063.2 0.8460 0.7783
5063.3 0.8490 0.7811
5063.4 0.8520 0.7838
5063.5 0.8550 0.7866
5063.6 0.8580 0.7894
5063.7 0.8610 0.7921
5063.8 0.8640 0.7949
5063.9 0.8670 0.7976
5064.0 0.8700 0.8004
5064.1 0.8730 0.8032
5064.2 0.8760 0.8059
5064.3 0.8790 0.8087
5064.4 0.8820 0.8114
5064.5 0.8850 0.8142
5064.6 0.8880 0.8170
5064.7 0.8910 0.8197
5064.8 0.8940 0.8225
5064.9 0.8970 0.8252
5065.0 0.9000 0.8280
5065.1 0.9000 0.8280
5065.2 0.9000 0.8280
5065.3 0.9000 0.8280
5065.4 0.9000 0.8280
5065.5 0.9000 0.8280
5065.6 0.9000 0.8280
5065.7 0.9000 0.8280
5065.8 0.9000 0.8280
5065.9 0.9000 0.8280
5066.0 0.9000 0.8280
5066.1 0.9000 0.8280
5066.2 0.9000 0.8280
5066.3 0.9000 0.8280
5066.4 0.9000 0.8280
5066.5 0.9000 0.8280
5066.6 0.9000 0.8280
5066.7 0.9000 0.8280
5066.8 0.9000 0.8280
5066.9 0.9000 0.8280
5067.0 0.9000 0.8280
5067.1 0.9000 0.8280
5067.2 0.9000 0.8280
5067.3 0.9000 0.8280
5067.4 0.9000 0.8280
5067.5 0.9000 0.8280
5067.6 0.9000 0.8280
5067.7 0.9000 0.8280
5067.8 0.9000 0.8280
5067.9 0.9000 0.8280
5068.0 0.9000 0.8280
5068.1 0.9000 0.8280
5068.2 0.9000 0.8280
5068.3 0.9000 0.8280
5068.4 0.9000 0.8280
5068.5 0.9000 0.8280
5068.6 0.9000 0.8280
5068.7 0.9000 0.8280
5068.8 0.9000 0.8280
5068.9 0.9000 0.8280
5069.0 0.9000 0.8280
5069.1 0.9000 0.8280
5069.2 0.9000 0.8280
5069.3 0.9000 0.8280
5069.4 0.9000 0.8280
5069.5 0.9000 0.8280
5069.6 0.9000 0.8280
5069.7 0.9000 0.8280
5069.8 0.9000 0.8280
5069.9 0.9000 0.8280
5070.0 0.9000 0.8280
5070.1 0.9000 0.8280
5070.2 0.9000 0.8280
5070.3 0.9000 0.8280
5070.4 0.9000 0.8280
5070.5 0.9000 0.8280
5070.6 0.9000 0.8280
5070.7 0.9000 0.8280
5070.8 0.9000 0.8280
5070.9 0.9000 0.8280
5071.0 0.9000 0.8280
5071.1 0.9000 0.8280
5071.2 0.9000 0.8280
5071.3 0.9000 0.8280
5071.4 0.9000 0.8280
5071.5 0.9000 0.8280
5071.6 0.9000 0.8280
5071.7 0.9000 0.8280
5071.8 0.9000 0.8280
5071.9 0.9000 0.8280
5072.0 0.9000 0.8280
5072.1 0.9000 0.8280
5072.2 0.9000 0.8280
5072.3 0.9000 0.8280
5072.4 0.9000 0.8280
5072.5 0.9000 0.8280
5072.6 0.9000 0.8280
5072.7 0.9000 0.8280
5072.8 0.9000 0.8280
5072.9 0.9000 0.8280
5073.0 0.9000 0.8280
5073.1 0.9000 0.8280
5073.2 0.9000 0.8280
5073.3 0.9000 0.8280
5073.4 0.9000 0.8280
5073.5 0.9000 0.8280
5073.6 0.9000 0.8280
5073.7 0.9000 0.8280
5073.8 0.9000 0.8280
5073.9 0.9000 0.8280
5074.0 0.9000 0.8280
5074.1 0.9000 0.8280
5074.2 0.9000 0.8280
5074.3 0.9000 0.8280
5074.4 0.9000 0.8280
5074.5 0.9000 0.8280
5074.6 0.9000 0.8280
5074.7 0.9000 0.8280
5074.8 0.9000 0.8280
5074.9 0.9000 0.8280
5075.0 0.9000 0.8280
5075.1 0.9000 0.8280
5075.2 0.9000 0.8280
5075.3 0.9000 0.8280
5075.4 0.9000 0.8280
5075.5 0.9000 0.8280
5075.6 0.9000 0.8280
5075.7 0.9000 0.8280
5075.8 0.9000 0.8280
5075.9 0.9000 0.8280
5076.0 0.9000 0.8280
5076.1 0.9000 0.8280
5076.2 0.9000 0.8280
5076.3 0.9000 0.8280
5076.4 0.9000 0.8280
5076.5 0.9000 0.8280
5076.6 0.9000 0.8280
5076.7 0.9000 0.8280
5076.8 0.9000 0.8280
5076.9 0.9000 0.8280
5077.0 0.9000 0.8280
5077.1 0.9000 0.8280
5077.2 0.9000 0.8280
5077.3 0.9000 0.8280
5077.4 0.9000 0.8280
5077.5 0.9000 0.8280
5077.6 0.9000 0.8280
5077.7 0.9000 0.8280
5077.8 0.9000 0.8280
5077.9 0.9000 0.8280
5078.0 0.9000 0.8280
5078.1 0.9000 0.8280
5078.2 0.9000 0.8280
5078.3 0.9000 0.8280
5078.4 0.9000 0.8280
5078.5 0.9000 0.8280
5078.6 0.9000 0.8280
5078.7 0.9000 0.8280
5078.8 0.9000 0.8280
5078.9 0.9000 0.8280
5079.0 0.9000 0.8280
5079.1 0.9000 0.8280
5079.2 0.9000 0.8280
5079.3 0.9000 0.8280
5079.4 0.9000 0.8280
5079.5 0.9000 0.8280
5079.6 0.9000 0.8280
5079.7 0.9000 0.8280
5079.8 0.9000 0.8280
5079.9 0.9000 0.8280
5080.0 0.9000 0.8280
5080.1 0.9000 0.8280
5080.2 0.9000 0.8280
5080.3 0.9000 0.8280
5080.4 0.9000 0.8280
5080.5 0.9000 0.8280
5080.6 0.9000 0.8280
5080.7 0.9000 0.8280
5080.8 0.9000 0.8280
5080.9 0.9000 0.8280
5081.0 0.9000 0.8280
5081.1 0.9000 0.8280
5081.2 0.9000 0.8280
5081.3 0.9000 0.8280
5081.4 0.9000 0.8280
5081.5 0.9000 0.8280
5081.6 0.9000 0.8280
5081.7 0.9000 0.8280
5081.8 0.9000 0.8280
5081.9 0.9000 0.8280
5082.0 0.9000 0.8280
5082.1 0.9000 0.8280
5082.2 0.9000 0.8280
5082.3 0.9000 0.8280
5082.4 0.9000 0.8280
5082.5 0.9000 0.8280
5082.6 0.9000 0.8280
5082.7 0.9000 0.8280
5082.8 0.9000 0.8280
5082.9 0.9000 0.8280
5083.0 0.9000 0.8280
5083.1 0.9000 0.8280
5083.2 0.9000 0.8280
5083.3 0.9000 0.8280
5083.4 0.9000 0.8280
5083.5 0.9000 0.8280
5083.6 0.9000 0.8280
5083.7 0.9000 0.8280
5083.8 0.9000 0.8280
5083.9 0.9000 0.8280
5084.0 0.9000 0.8280
5084.1 0.9000 0.8280
5084.2 0.9000 0.8280
5084.3 0.9000 0.8280
5084.4 0.9000 0.8280
5084.5 0.9000 0.8280
5084.6 0.9000 0.8280
5084.7 0.9000 0.8280
5084.8 0.9000 0.8280
5084.9 0.9000 0.8280
5085.0 0.9000 0.8280
5085.1 0.9000 0.8280
5085.2 0.9000 0.8280
5085.3 0.9000 0.8280
5085.4 0.9000 0.8280
5085.5 0.9000 0.8280
5085.6 0.9000 0.8280
5085.7 0.9000 0.8280
5085.8 0.9000 0.8280
5085.9 0.9000 0.8280
5086.0 0.9000 0.8280
5086.1 0.9000 0.8280
5086.2 0.9000 0.8280
5086.3 0.9000 0.8280
5086.4 0.9000 0.8280
5086.5 0.9000 0.8280
5086.6 0.9000 0.8280
5086.7 0.9000 0.8280
5086.8 0.9000 0.8280
5086.9 0.9000 0.8280
5087.0 0.9000 0.8280
5087.1 0.9000 0.8280
5087.2 0.9000 0.8280
5087.3 0.9000 0.8280
5087.4 0.9000 0.8280
5087.5 0.9000 0.8280
5087.6 0.9000 0.8280
5087.7 0.9000 0.8280
5087.8 0.9000 0.8280
5087.9 0.9000 0.8280
5088.0 0.9000 0.8280
5088.1 0.9000 0.8280
5088.2 0.9000 0.8280
5088.3 0.9000 0.8280
5088.4 0.9000 0.8280
5088.5 0.9000 0.8280
5088.6 0.9000 0.8280
5088.7 0.9000 0.8280
5088.8 0.9000 0.8280
5088.9 0.9000 0.8280
5089.0 0.9000 0.8280
5089.1 0.9000 0.8280
5089.2 0.9000 0.8280
5089.3 0.9000 0.8280
5089.4 0.9000 0.8280
5089.5 0.9000 0.8280
5089.6 0.9000 0.8280
5089.7 0.9000 0.8280
5089.8 0.9000 0.8280
5089.9 0.9000 0.8280
5090.0 0.9000 0.8280
5090.1 0.9000 0.8280
5090.2 0.9000 0.8280
5090.3 0.9000 0.8280
5090.4 0.9000 0.8280
5090.5 0.9000 0.8280
5090.6 0.9000 0.8280
5090.7 0.9000 0.8280
5090.8 0.9000 0.8280
5090.9 0.9000 0.8280
5091.0 0.9000 0.8280
5091.1 0.9000 0.8280
5091.2 0.9000 0.8280
5091.3 0.9000 0.8280
5091.4 0.9000 0.8280
5091.5 0.9000 0.8280
5091.6 0.9000 0.8280
5091.7 0.9000 0.8280
5091.8 0.9000 0.8280
5091.9 0.9000 0.8280
5092.0 0.9000 0.8280
5092.1 0.9000 0.8280
5092.2 0.9000 0.8280
5092.3 0.9000 0.8280
5092.4 0.9000 0.8280
5092.5 0.9000 0.8280
5092.6 0.9000 0.8280
5092.7 0.9000 0.8280
5092.8 0.9000 0.8280
5092.9 0.9000 0.8280
5093.0 0.9000 0.8280
5093.1 0.9000 0.8280
5093.2 0.9000 0.8280
5093.3 0.9000 0.8280
5093.4 0.9000 0.8280
5093.5 0.9000 0.8280
5093.6 0.9000 0.8280
5093.7 0.9000 0.8280
5093.8 0.9000 0.8280
5093.9 0.9000 0.8280
5094.0 0.9000 0.8280
5094.1 0.9000 0.8280
5094.2 0.9000 0.8280
5094.3 0.9000 0.8280
5094.4 0.9000 0.8280
5094.5 0.9000 0.8280
5094.6 0.9000 0.8280
5094.7 0.9000 0.8280
5094.8 0.9000 0.8280
5094.9 0.9000 0.8280
5095.0 0.9000 0.8280
5095.1 0.9000 0.8280
5095.2 0.9000 0.8280
5095.3 0.9000 0.8280
5095.4 0.9000 0.8280
5095.5 0.9000 0.8280
5095.6 0.9000 0.8280
5095.7 0.9000 0.8280
5095.8 0.9000 0.8280
5095.9 0.9000 0.8280
5096.0 0.9000 0.8280
5096.1 0.9000 0.8280
5096.2 0.9000 0.8280
5096.3 0.9000 0.8280
5096.4 0.9000 0.8280
5096.5 0.9000 0.8280
5096.6 0.9000 0.8280
5096.7 0.9000 0.8280
5096.8 0.9000 0.8280
5096.9 0.9000 0.8280
5097.0 0.9000 0.8280
5097.1 0.9000 0.8280
5097.2 0.9000 0.8280
5097.3 0.9000 0.8280
5097.4 0.9000 0.8280
5097.5 0.9000 0.8280
5097.6 0.9000 0.8280
5097.7 0.9000 0.8280
5097.8 0.9000 0.8280
5097.9 0.9000 0.8280
5098.0 0.9000 0.8280
5098.1 0.9000 0.8280
5098.2 0.9000 0.8280
5098.3 0.9000 0.8280
5098.4 0.9000 0.8280
5098.5 0.9000 0.8280
5098.6 0.9000 0.8280
5098.7 0.9000 0.8280
5098.8 0.9000 0.8280
5098.9 0.9000 0.8280
5099.0 0.9000 0.8280
5099.1 0.9000 0.8280
5099.2 0.9000 0.8280
5099.3 0.9000 0.8280
5099.4 0.9000 0.8280
5099.5 0.9000 0.8280
5099.6 0.9000 0.8280
5099.7 0.9000 0.8280
5099.8 0.9000 0.8280
5099.9 0.9000 0.8280
5100.0 0.9000 0.8280
5100.1 0.9000 0.8280
5100.2 0.9000 0.8280
5100.3 0.9000 0.8280
5100.4 0.9000 0.8280
5100.5 0.9000 0.8280
5100.6 0.9000 0.8280
5100.7 0.9000 0.8280
5100.8 0.9000 0.8280
5100.9 0.9000 0.8280
5101.0 0.9000 0.8280
5101.1 0.9000 0.8280
5101.2 0.9000 0.8280
5101.3 0.9000 0.8280
5101.4 0.9000 0.8280
5101.5 0.9000 0.8280
5101.6 0.9000 0.8280
5101.7 0.9000 0.8280
5101.8 0.9000 0.8280
5101.9 0.9000 0.8280
5102.0 0.9000 0.8280
5102.1 0.9000 0.8280
5102.2 0.9000 0.8280
5102.3 0.9000 0.8280
5102.4 0.9000 0.8280
5102.5 0.9000 0.8280
5102.6 0.9000 0.8280
5102.7 0.9000 0.8280
5102.8 0.9000 0.8280
5102.9 0.9000 0.8280
5103.0 0.9000 0.8280
5103.1 0.9000 0.8280
5103.2 0.9000 0.8280
5103.3 0.9000 0.8280
5103.4 0.9000 0.8280
5103.5 0.9000 0.8280
5103.6 0.9000 0.8280
5103.7 0.9000 0.8280
5103.8 0.9000 0.8280
5103.9 0.9000 0.8280
5104.0 0.9000 0.8280
5104.1 0.9000 0.8280
5104.2 0.9000 0.8280
5104.3 0.9000 0.8280
5104.4 0.9000 0.8280
5104.5 0.9000 0.8280
5104.6 0.9000 0.8280
5104.7 0.9000 0.8280
5104.8 0.9000 0.8280
5104.9 0.9000 0.8280
5105.0 0.9000 0.8280
5105.1 0.9000 0.8280
5105.2 0.9000 0.8280
5105.3 0.9000 0.8280
5105.4 0.9000 0.8280
5105.5 0.9000 0.8280
5105.6 0.9000 0.8280
5105.7 0.9000 0.8280
5105.8 0.9000 0.8280
5105.9 0.9000 0.8280
5106.0 0.9000 0.8280
5106.1 0.9000 0.8280
5106.2 0.9000 0.8280
5106.3 0.9000 0.8280
5106.4 0.9000 0.8280
5106.5 0.9000 0.8280
5106.6 0.9000 0.8280
5106.7 0.9000 0.8280
5106.8 0.9000 0.8280
5106.9 0.9000 0.8280
5107.0 0.9000 0.8280
5107.1 0.9000 0.8280
5107.2 0.9000 0.8280
5107.3 0.9000 0.8280
5107.4 0.9000 0.8280
5107.5 0.9000 0.8280
5107.6 0.9000 0.8280
5107.7 0.9000 0.8280
5107.8 0.9000 0.8280
5107.9 0.9000 0.8280
5108.0 0.9000 0.8280
5108.1 0.9000 0.8280
5108.2 0.9000 0.8280
5108.3 0.9000 0.8280
5108.4 0.9000 0.8280
5108.5 0.9000 0.8280
5108.6 0.9000 0.8280
5108.7 0.9000 0.8280
5108.8 0.9000 0.8280
5108.9 0.9000 0.8280
5109.0 0.9000 0.8280
5109.1 0.9000 0.8280
5109.2 0.9000 0.8280
5109.3 0.9000 0.8280
5109.4 0.9000 0.8280
5109.5 0.9000 0.8280
5109.6 0.9000 0.8280
5109.7 0.9000 0.8280
5109.8 0.9000 0.8280
5109.9 0.9000 0.8280
5110.0 0.9000 0.8280
5110.1 0.9000 0.8280
5110.2 0.9000 0.8280
5110.3 0.9000 0.8280
5110.4 0.9000 0.8280
5110.5 0.9000 0.8280
5110.6 0.9000 0.8280
5110.7 0.9000 0.8280
5110.8 0.9000 0.8280
5110.9 0.9000 0.8280
5111.0 0.9000 0.8280
5111.1 0.9000 0.8280
5111.2 0.9000 0.8280
5111.3 0.9000 0.8280
5111.4 0.9000 0.8280
5111.5 0.9000 0.8280
5111.6 0.9000 0.8280
5111.7 0.9000 0.8280
5111.8 0.9000 0.8280
5111.9 0.9000 0.8280
5112.0 0.9000 0.8280
5112.1 0.9000 0.8280
5112.2 0.9000 0.8280
5112.3 0.9000 0.8280
5112.4 0.9000 0.8280
5112.5 0.9000 0.8280
5112.6 0.9000 0.8280
5112.7 0.9000 0.8280
5112.8 0.9000 0.8280
5112.9 0.9000 0.8280
5113.0 0.9000 0.8280
5113.1 0.9000 0.8280
5113.2 0.9000 0.8280
5113.3 0.9000 0.8280
5113.4 0.9000 0.8280
5113.5 0.9000 0.8280
5113.6 0.9000 0.8280
5113.7 0.9000 0.8280
5113.8 0.9000 0.8280
5113.9 0.9000 0.8280
5114.0 0.9000 0.8280
5114.1 0.9000 0.8280
5114.2 0.9000 0.8280
5114.3 0.9000 0.8280
5114.4 0.9000 0.8280
5114.5 0.9000 0.8280
5114.6 0.9000 0.8280
5114.7 0.9000 0.8280
5114.8 0.9000 0.8280
5114.9 0.9000 0.8280
5115.0 0.9000 0.8280
5115.1 0.9000 0.8280
5115.2 0.9000 0.8280
5115.3 0.9000 0.8280
5115.4 0.9000 0.8280
5115.5 0.9000 0.8280
5115.6 0.9000 0.8280
5115.7 0.9000 0.8280
5115.8 0.9000 0.8280
5115.9 0.9000 0.8280
5116.0 0.9000 0.8280
5116.1 0.9000 0.8280
5116.2 0.9000 0.8280
5116.3 0.9000 0.8280
5116.4 0.9000 0.8280
5116.5 0.9000 0.8280
5116.6 0.9000 0.8280
5116.7 0.9000 0.8280
5116.8 0.9000 0.8280
5116.9 0.9000 0.8280
5117.0 0.9000 0.8280
5117.1 0.9000 0.8280
5117.2 0.9000 0.8280
5117.3 0.9000 0.8280
5117.4 0.9000 0.8280
5117.5 0.9000 0.8280
5117.6 0.9000 0.8280
5117.7 0.9000 0.8280
5117.8 0.9000 0.8280
5117.9 0.9000 0.8280
5118.0 0.9000 0.8280
5118.1 0.9000 0.8280
5118.2 0.9000 0.8280
5118.3 0.9000 0.8280
5118.4 0.9000 0.8280
5118.5 0.9000 0.8280
5118.6 0.9000 0.8280
5118.7 0.9000 0.8280
5118.8 0.9000 0.8280
5118.9 0.9000 0.8280
5119.0 0.9000 0.8280
5119.1 0.9000 0.8280
5119.2 0.9000 0.8280
5119.3 0.9000 0.8280
5119.4 0.9000 0.8280
5119.5 0.9000 0.8280
5119.6 0.9000 0.8280
5119.7 0.9000 0.8280
5119.8 0.9000 0.8280
5119.9 0.9000 0.8280
5120.0 0.9000 0.8280
5120.1 0.9000 0.8280
5120.2 0.9000 0.8280
5120.3 0.9000 0.8280
5120.4 0.9000 0.8280
5120.5 0.9000 0.8280
5120.6 0.9000 0.8280
5120.7 0.9000 0.8280
5120.8 0.9000 0.8280
5120.9 0.9000 0.8280
5121.0 0.9000 0.8280
5121.1 0.9000 0.8280
5121.2 0.9000 0.8280
5121.3 0.9000 0.8280
5121.4 0.9000 0.8280
5121.5 0.9000 0.8280
5121.6 0.9000 0.8280
5121.7 0.9000 0.8280
5121.8 0.9000 0.8280
5121.9 0.9000 0.8280
5122.0 0.9000 0.8280
5122.1 0.9000 0.8280
5122.2 0.9000 0.8280
5122.3 0.9000 0.8280
5122.4 0.9000 0.8280
5122.5 0.9000 0.8280
5122.6 0.9000 0.8280
5122.7 0.9000 0.8280
5122.8 0.9000 0.8280
5122.9 0.9000 0.8280
5123.0 0.9000 0.8280
5123.1 0.9000 0.8280
5123.2 0.9000 0.8280
5123.3 0.9000 0.8280
5123.4 0.9000 0.8280
5123.5 0.9000 0.8280
5123.6 0.9000 0.8280
5123.7 0.9000 0.8280
5123.8 0.9000 0.8280
5123.9 0.9000 0.8280
5124.0 0.9000 0.8280
5124.1 0.9000 0.8280
5124.2 0.9000 0.8280
5124.3 0.9000 0.8280
5124.4 0.9000 0.8280
5124.5 0.9000 0.8280
5124.6 0.9000 0.8280
5124.7 0.9000 0.8280
5124.8 0.9000 0.8280
5124.9 0.9000 0.8280
5125.0 0.9000 0.8280
5125.1 0.9000 0.8280
5125.2 0.9000 0.8280
5125.3 0.9000 0.8280
5125.4 0.9000 0.8280
5125.5 0.9000 0.8280
5125.6 0.9000 0.8280
5125.7 0.9000 0.8280
5125.8 0.9000 0.8280
5125.9 0.9000 0.8280
5126.0 0.9000 0.8280
5126.1 0.9000 0.8280
5126.2 0.9000 0.8280
5126.3 0.9000 0.8280
5126.4 0.9000 0.8280
5126.5 0.9000 0.8280
5126.6 0.9000 0.8280
5126.7 0.9000 0.8280
5126.8 0.9000 0.8280
5126.9 0.9000 0.8280
5127.0 0.9000 0.8280
5127.1 0.9000 0.8280
5127.2 0.9000 0.8280
5127.3 0.9000 0.8280
5127.4 0.9000 0.8280
5127.5 0.9000 0.8280
5127.6 0.9000 0.8280
5127.7 0.9000 0.8280
5127.8 0.9000 0.8280
5127.9 0.9000 0.8280
5128.0 0.9000 0.8280
5128.1 0.9000 0.8280
5128.2 0.9000 0.8280
5128.3 0.9000 0.8280
5128.4 0.9000 0.8280
5128.5 0.9000 0.8280
5128.6 0.9000 0.8280
5128.7 0.9000 0.8280
5128.8 0.9000 0.8280
5128.9 0.9000 0.8280
5129.0 0.9000 0.8280
5129.1 0.9000 0.8280
5129.2 0.9000 0.8280
5129.3 0.9000 0.8280
5129.4 0.9000 0.8280
5129.5 0.9000 0.8280
5129.6 0.9000 0.8280
5129.7 0.9000 0.8280
5129.8 0.9000 0.8280
5129.9 0.9000 0.8280
5130.0 0.9000 0.8280
5130.1 0.9000 0.8280
5130.2 0.9000 0.8280
5130.3 0.9000 0.8280
5130.4 0.9000 0.8280
5130.5 0.9000 0.8280
5130.6 0.9000 0.8280
5130.7 0.9000 0.8280
5130.8 0.9000 0.8280
5130.9 0.9000 0.8280
5131.0 0.9000 0.8280
5131.1 0.9000 0.8280
5131.2 0.9000 0.8280
5131.3 0.9000 0.8280
5131.4 0.9000 0.8280
5131.5 0.9000 0.8280
5131.6 0.9000 0.8280
5131.7 0.9000 0.8280
5131.8 0.9000 0.8280
5131.9 0.9000 0.8280
5132.0 0.9000 0.8280
5132.1 0.9000 0.8280
5132.2 0.9000 0.8280
5132.3 0.9000 0.8280
5132.4 0.9000 0.8280
5132.5 0.9000 0.8280
5132.6 0.9000 0.8280
5132.7 0.9000 0.8280
5132.8 0.9000 0.8280
5132.9 0.9000 0.8280
5133.0 0.9000 0.8280
5133.1 0.9000 0.8280
5133.2 0.9000 0.8280
5133.3 0.9000 0.8280
5133.4 0.9000 0.8280
5133.5 0.9000 0.8280
5133.6 0.9000 0.8280
5133.7 0.9000 0.8280
5133.8 0.9000 0.8280
5133.9 0.9000 0.8280
5134.0 0.9000 0.8280
5134.1 0.9000 0.8280
5134.2 0.9000 0.8280
5134.3 0.9000 0.8280
5134.4 0.9000 0.8280
5134.5 0.9000 0.8280
5134.6 0.9000 0.8280
5134.7 0.9000 0.8280
5134.8 0.9000 0.8280
5134.9 0.9000 0.8280
5135.0 0.9000 0.8280
5135.1 0.9000 0.8280
5135.2 0.9000 0.8280
5135.3 0.9000 0.8280
5135.4 0.9000 0.8280
5135.5 0.9000 0.8280
5135.6 0.9000 0.8280
5135.7 0.9000 0.8280
5135.8 0.9000 0.8280
5135.9 0.9000 0.8280
5136.0 0.9000 0.8280
5136.1 0.9000 0.8280
5136.2 0.9000 0.8280
5136.3 0.9000 0.8280
5136.4 0.9000 0.8280
5136.5 0.9000 0.8280
5136.6 0.9000 0.8280
5136.7 0.9000 0.8280
5136.8 0.9000 0.8280
5136.9 0.9000 0.8280
5137.0 0.9000 0.8280
5137.1 0.9000 0.8280
5137.2 0.9000 0.8280
5137.3 0.9000 0.8280
5137.4 0.9000 0.8280
5137.5 0.9000 0.8280
5137.6 0.9000 0.8280
5137.7 0.9000 0.8280
5137.8 0.9000 0.8280
5137.9 0.9000 0.8280
5138.0 0.9000 0.8280
5138.1 0.9000 0.8280
5138.2 0.9000 0.8280
5138.3 0.9000 0.8280
5138.4 0.9000 0.8280
5138.5 0.9000 0.8280
5138.6 0.9000 0.8280
5138.7 0.9000 0.8280
5138.8 0.9000 0.8280
5138.9 0.9000 0.8280
5139.0 0.9000 0.8280
5139.1 0.9000 0.8280
5139.2 0.9000 0.8280
5139.3 0.9000 0.8280
5139.4 0.9000 0.8280
5139.5 0.9000 0.8280
5139.6 0.9000 0.8280
5139.7 0.9000 0.8280
5139.8 0.9000 0.8280
5139.9 0.9000 0.8280
5140.0 0.9000 0.8280
5140.1 0.9000 0.8280
5140.2 0.9000 0.8280
5140.3 0.9000 0.8280
5140.4 0.9000 0.8280
5140.5 0.9000 0.8280
5140.6 0.9000 0.8280
5140.7 0.9000 0.8280
5140.8 0.9000 0.8280
5140.9 0.9000 0.8280
5141.0 0.9000 0.8280
5141.1 0.9000 0.8280
5141.2 0.9000 0.8280
5141.3 0.9000 0.8280
5141.4 0.9000 0.8280
5141.5 0.9000 0.8280
5141.6 0.9000 0.8280
5141.7 0.9000 0.8280
5141.8 0.9000 0.8280
5141.9 0.9000 0.8280
5142.0 0.9000 0.8280
5142.1 0.9000 0.8280
5142.2 0.9000 0.8280
5142.3 0.9000 0.8280
5142.4 0.9000 0.8280
5142.5 0.9000 0.8280
5142.6 0.9000 0.8280
5142.7 0.9000 0.8280
5142.8 0.9000 0.8280
5142.9 0.9000 0.8280
5143.0 0.9000 0.8280
5143.1 0.9000 0.8280
5143.2 0.9000 0.8280
5143.3 0.9000 0.8280
5143.4 0.9000 0.8280
5143.5 0.9000 0.8280
5143.6 0.9000 0.8280
5143.7 0.9000 0.8280
5143.8 0.9000 0.8280
5143.9 0.9000 0.8280
5144.0 0.9000 0.8280
5144.1 0.9000 0.8280
5144.2 0.9000 0.8280
5144.3 0.9000 0.8280
5144.4 0.9000 0.8280
5144.5 0.9000 0.8280
5144.6 0.9000 0.8280
5144.7 0.9000 0.8280
5144.8 0.9000 0.8280
5144.9 0.9000 0.8280
5145.0 0.9000 0.8280
5145.1 0.9000 0.8280
5145.2 0.9000 0.8280
5145.3 0.9000 0.8280
5145.4 0.9000 0.8280
5145.5 0.9000 0.8280
5145.6 0.9000 0.8280
5145.7 0.9000 0.8280
5145.8 0.9000 0.8280
5145.9 0.9000 0.8280
5146.0 0.9000 0.8280
5146.1 0.9000 0.8280
5146.2 0.9000 0.8280
5146.3 0.9000 0.8280
5146.4 0.9000 0.8280
5146.5 0.9000 0.8280
5146.6 0.9000 0.8280
5146.7 0.9000 0.8280
5146.8 0.9000 0.8280
5146.9 0.9000 0.8280
5147.0 0.9000 0.8280
5147.1 0.9000 0.8280
5147.2 0.9000 0.8280
5147.3 0.9000 0.8280
5147.4 0.9000 0.8280
5147.5 0.9000 0.8280
5147.6 0.9000 0.8280
5147.7 0.9000 0.8280
5147.8 0.9000 0.8280
5147.9 0.9000 0.8280
5148.0 0.9000 0.8280
5148.1 0.9000 0.8280
5148.2 0.9000 0.8280
5148.3 0.9000 0.8280
5148.4 0.9000 0.8280
5148.5 0.9000 0.8280
5148.6 0.9000 0.8280
5148.7 0.9000 0.8280
5148.8 0.9000 0.8280
5148.9 0.9000 0.8280
5149.0 0.9000 0.8280
5149.1 0.9000 0.8280
5149.2 0.9000 0.8280
5149.3 0.9000 0.8280
5149.4 0.9000 0.8280
5149.5 0.9000 0.8280
5149.6 0.9000 0.8280
5149.7 0.9000 0.8280
5149.8 0.9000 0.8280
5149.9 0.9000 0.8280
5150.0 0.9000 0.8280
5150.1 0.9000 0.8280
5150.2 0.9000 0.8280
5150.3 0.9000 0.8280
5150.4 0.9000 0.8280
5150.5 0.9000 0.8280
5150.6 0.9000 0.8280
5150.7 0.9000 0.8280
5150.8 0.9000 0.8280
5150.9 0.9000 0.8280
5151.0 0.9000 0.8280
5151.1 0.9000 0.8280
5151.2 0.9000 0.8280
5151.3 0.9000 0.8280
5151.4 0.9000 0.8280
5151.5 0.9000 0.8280
5151.6 0.9000 0.8280
5151.7 0.9000 0.8280
5151.8 0.9000 0.8280
5151.9 0.9000 0.8280
5152.0 0.9000 0.8280
5152.1 0.9000 0.8280
5152.2 0.9000 0.8280
5152.3 0.9000 0.8280
5152.4 0.9000 0.8280
5152.5 0.9000 0.8280
5152.6 0.9000 0.8280
5152.7 0.9000 0.8280
5152.8 0.9000 0.8280
5152.9 0.9000 0.8280
5153.0 0.9000 0.8280
5153.1 0.9000 0.8280
5153.2 0.9000 0.8280
5153.3 0.9000 0.8280
5153.4 0.9000 0.8280
5153.5 0.9000 0.8280
5153.6 0.9000 0.8280
5153.7 0.9000 0.8280
5153.8 0.9000 0.8280
5153.9 0.9000 0.8280
5154.0 0.9000 0.8280
5154.1 0.9000 0.8280
5154.2 0.9000 0.8280
5154.3 0.9000 0.8280
5154.4 0.9000 0.8280
5154.5 0.9000 0.8280
5154.6 0.9000 0.8280
5154.7 0.9000 0.8280
5154.8 0.9000 0.8280
5154.9 0.9000 0.8280
5155.0 0.9000 0.8280
5155.1 0.9000 0.8280
5155.2 0.9000 0.8280
5155.3 0.9000 0.8280
5155.4 0.9000 0.8280
5155.5 0.9000 0.8280
5155.6 0.9000 0.8280
5155.7 0.9000 0.8280
5155.8 0.9000 0.8280
5155.9 0.9000 0.8280
5156.0 0.9000 0.8280
5156.1 0.9000 0.8280
5156.2 0.9000 0.8280
5156.3 0.9000 0.8280
5156.4 0.9000 0.8280
5156.5 0.9000 0.8280
5156.6 0.9000 0.8280
5156.7 0.9000 0.8280
5156.8 0.9000 0.8280
5156.9 0.9000 0.8280
5157.0 0.9000 0.8280
5157.1 0.9000 0.8280
5157.2 0.9000 0.8280
5157.3 0.9000 0.8280
5157.4 0.9000 0.8280
5157.5 0.9000 0.8280
5157.6 0.9000 0.8280
5157.7 0.9000 0.8280
5157.8 0.9000 0.8280
5157.9 0.9000 0.8280
5158.0 0.9000 0.8280
5158.1 0.9000 0.8280
5158.2 0.9000 0.8280
5158.3 0.9000 0.8280
5158.4 0.9000 0.8280
5158.5 0.9000 0.8280
5158.6 0.9000 0.8280
5158.7 0.9000 0.8280
5158.8 0.9000 0.8280
5158.9 0.9000 0.8280
5159.0 0.9000 0.8280
5159.1 0.9000 0.8280
5159.2 0.9000 0.8280
5159.3 0.9000 0.8280
5159.4 0.9000 0.8280
5159.5 0.9000 0.8280
5159.6 0.9000 0.8280
5159.7 0.9000 0.8280
5159.8 0.9000 0.8280
5159.9 0.9000 0.8280
5160.0 0.9000 0.8280
5160.1 0.9000 0.8280
5160.2 0.9000 0.8280
5160.3 0.9000 0.8280
5160.4 0.9000 0.8280
5160.5 0.9000 0.8280
5160.6 0.9000 0.8280
5160.7 0.9000 0.8280
5160.8 0.9000 0.8280
5160.9 0.9000 0.8280
5161.0 0.9000 0.8280
5161.1 0.9000 0.8280
5161.2 0.9000 0.8280
5161.3 0.9000 0.8280
5161.4 0.9000 0.8280
5161.5 0.9000 0.8280
5161.6 0.9000 0.8280
5161.7 0.9000 0.8280
5161.8 0.9000 0.8280
5161.9 0.9000 0.8280
5162.0 0.9000 0.8280
5162.1 0.9000 0.8280
5162.2 0.9000 0.8280
5162.3 0.9000 0.8280
5162.4 0.9000 0.8280
5162.5 0.9000 0.8280
5162.6 0.9000 0.8280
5162.7 0.9000 0.8280
5162.8 0.9000 0.8280
5162.9 0.9000 0.8280
5163.0 0.9000 0.8280
5163.1 0.9000 0.8280
5163.2 0.9000 0.8280
5163.3 0.9000 0.8280
5163.4 0.9000 0.8280
5163.5 0.9000 0.8280
5163.6 0.9000 0.8280
5163.7 0.9000 0.8280
5163.8 0.9000 0.8280
5163.9 0.9000 0.8280
5164.0 0.9000 0.8280
5164.1 0.9000 0.8280
5164.2 0.9000 0.8280
5164.3 0.9000 0.8280
5164.4 0.9000 0.8280
5164.5 0.9000 0.8280
5164.6 0.9000 0.8280
5164.7 0.9000 0.8280
5164.8 0.9000 0.8280
5164.9 0.9000 0.8280
5165.0 0.9000 0.8280
5165.1 0.9000 0.8280
5165.2 0.9000 0.8280
5165.3 0.9000 0.8280
5165.4 0.9000 0.8280
5165.5 0.9000 0.8280
5165.6 0.9000 0.8280
5165.7 0.9000 0.8280
5165.8 0.9000 0.8280
5165.9 0.9000 0.8280
5166.0 0.9000 0.8280
5166.1 0.9000 0.8280
5166.2 0.9000 0.8280
5166.3 0.9000 0.8280
5166.4 0.9000 0.8280
5166.5 0.9000 0.8280
5166.6 0.9000 0.8280
5166.7 0.9000 0.8280
5166.8 0.9000 0.8280
5166.9 0.9000 0.8280
5167.0 0.9000 0.8280
5167.1 0.9000 0.8280
5167.2 0.9000 0.8280
5167.3 0.9000 0.8280
5167.4 0.9000 0.8280
5167.5 0.9000 0.8280
5167.6 0.9000 0.8280
5167.7 0.9000 0.8280
5167.8 0.9000 0.8280
5167.9 0.9000 0.8280
5168.0 0.9000 0.8280
5168.1 0.9000 0.8280
5168.2 0.9000 0.8280
5168.3 0.9000 0.8280
5168.4 0.9000 0.8280
5168.5 0.9000 0.8280
5168.6 0.9000 0.8280
5168.7 0.9000 0.8280
5168.8 0.9000 0.8280
5168.9 0.9000 0.8280
5169.0 0.9000 0.8280
5169.1 0.9000 0.8280
5169.2 0.9000 0.8280
5169.3 0.9000 0.8280
5169.4 0.9000 0.8280
5169.5 0.9000 0.8280
5169.6 0.9000 0.8280
5169.7 0.9000 0.8280
5169.8 0.9000 0.8280
5169.9 0.9000 0.8280
5170.0 0.9000 0.8280
5170.1 0.9000 0.8280
5170.2 0.9000 0.8280
5170.3 0.9000 0.8280
5170.4 0.9000 0.8280
5170.5 0.9000 0.8280
5170.6 0.9000 0.8280
5170.7 0.9000 0.8280
5170.8 0.9000 0.8280
5170.9 0.9000 0.8280
5171.0 0.9000 0.8280
5171.1 0.9000 0.8280
5171.2 0.9000 0.8280
5171.3 0.9000 0.8280
5171.4 0.9000 0.8280
5171.5 0.9000 0.8280
5171.6 0.9000 0.8280
5171.7 0.9000 0.8280
5171.8 0.9000 0.8280
5171.9 0.9000 0.8280
5172.0 0.9000 0.8280
5172.1 0.9000 0.8280
5172.2 0.9000 0.8280
5172.3 0.9000 0.8280
5172.4 0.9000 0.8280
5172.5 0.9000 0.8280
5172.6 0.9000 0.8280
5172.7 0.9000 0.8280
5172.8 0.9000 0.8280
5172.9 0.9000 0.8280
5173.0 0.9000 0.8280
5173.1 0.9000 0.8280
5173.2 0.9000 0.8280
5173.3 0.9000 0.8280
5173.4 0.9000 0.8280
5173.5 0.9000 0.8280
5173.6 0.9000 0.8280
5173.7 0.9000 0.8280
5173.8 0.9000 0.8280
5173.9 0.9000 0.8280
5174.0 0.9000 0.8280
5174.1 0.9000 0.8280
5174.2 0.9000 0.8280
5174.3 0.9000 0.8280
5174.4 0.9000 0.8280
5174.5 0.9000 0.8280
5174.6 0.9000 0.8280
5174.7 0.9000 0.8280
5174.8 0.9000 0.8280
5174.9 0.9000 0.8280
5175.0 0.9000 0.8280
5175.1 0.9000 0.8280
5175.2 0.9000 0.8280
5175.3 0.9000 0.8280
5175.4 0.9000 0.8280
5175.5 0.9000 0.8280
5175.6 0.9000 0.8280
5175.7 0.9000 0.8280
5175.8 0.9000 0.8280
5175.9 0.9000 0.8280
5176.0 0.9000 0.8280
5176.1 0.9000 0.8280
5176.2 0.9000 0.8280
5176.3 0.9000 0.8280
5176.4 0.9000 0.8280
5176.5 0.9000 0.8280
5176.6 0.9000 0.8280
5176.7 0.9000 0.8280
5176.8 0.9000 0.8280
5176.9 0.9000 0.8280
5177.0 0.9000 0.8280
5177.1 0.9000 0.8280
5177.2 0.9000 0.8280
5177.3 0.9000 0.8280
5177.4 0.9000 0.8280
5177.5 0.9000 0.8280
5177.6 0.9000 0.8280
5177.7 0.9000 0.8280
5177.8 0.9000 0.8280
5177.9 0.9000 0.8280
5178.0 0.9000 0.8280
5178.1 0.9000 0.8280
5178.2 0.9000 0.8280
5178.3 0.9000 0.8280
5178.4 0.9000 0.8280
5178.5 0.9000 0.8280
5178.6 0.9000 0.8280
5178.7 0.9000 0.8280
5178.8 0.9000 0.8280
5178.9 0.9000 0.8280
5179.0 0.9000 0.8280
5179.1 0.9000 0.8280
5179.2 0.9000 0.8280
5179.3 0.9000 0.8280
5179.4 0.9000 0.8280
5179.5 0.9000 0.8280
5179.6 0.9000 0.8280
5179.7 0.9000 0.8280
5179.8 0.9000 0.8280
5179.9 0.9000 0.8280
5180.0 0.9000 0.8280
5180.1 0.9000 0.8280
5180.2 0.9000 0.8280
5180.3 0.9000 0.8280
5180.4 0.9000 0.8280
5180.5 0.9000 0.8280
5180.6 0.9000 0.8280
5180.7 0.9000 0.8280
5180.8 0.9000 0.8280
5180.9 0.9000 0.8280
5181.0 0.9000 0.8280
5181.1 0.9000 0.8280
5181.2 0.9000 0.8280
5181.3 0.9000 0.8280
5181.4 0.9000 0.8280
5181.5 0.9000 0.8280
5181.6 0.9000 0.8280
5181.7 0.9000 0.8280
5181.8 0.9000 0.8280
5181.9 0.9000 0.8280
5182.0 0.9000 0.8280
5182.1 0.9000 0.8280
5182.2 0.9000 0.8280
5182.3 0.9000 0.8280
5182.4 0.9000 0.8280
5182.5 0.9000 0.8280
5182.6 0.9000 0.8280
5182.7 0.9000 0.8280
5182.8 0.9000 0.8280
5182.9 0.9000 0.8280
5183.0 0.9000 0.8280
5183.1 0.9000 0.8280
5183.2 0.9000 0.8280
5183.3 0.9000 0.8280
5183.4 0.9000 0.8280
5183.5 0.9000 0.8280
5183.6 0.9000 0.8280
5183.7 0.9000 0.8280
5183.8 0.9000 0.8280
5183.9 0.9000 0.8280
5184.0 0.9000 0.8280
5184.1 0.9000 0.8280
5184.2 0.9000 0.8280
5184.3 0.9000 0.8280
5184.4 0.9000 0.8280
5184.5 0.9000 0.8280
5184.6 0.9000 0.8280
5184.7 0.9000 0.8280
5184.8 0.9000 0.8280
5184.9 0.9000 0.8280
5185.0 0.9000 0.8280
5185.1 0.9000 0.8280
5185.2 0.9000 0.8280
5185.3 0.9000 0.8280
5185.4 0.9000 0.8280
5185.5 0.9000 0.8280
5185.6 0.9000 0.8280
5185.7 0.9000 0.8280
5185.8 0.9000 0.8280
5185.9 0.9000 0.8280
5186.0 0.9000 0.8280
5186.1 0.9000 0.8280
5186.2 0.9000 0.8280
5186.3 0.9000 0.8280
5186.4 0.9000 0.8280
5186.5 0.9000 0.8280
5186.6 0.9000 0.8280
5186.7 0.9000 0.8280
5186.8 0.9000 0.8280
5186.9 0.9000 0.8280
5187.0 0.9000 0.8280
5187.1 0.9000 0.8280
5187.2 0.9000 0.8280
5187.3 0.9000 0.8280
5187.4 0.9000 0.8280
5187.5 0.9000 0.8280
5187.6 0.9000 0.8280
5187.7 0.9000 0.8280
5187.8 0.9000 0.8280
5187.9 0.9000 0.8280
5188.0 0.9000 0.8280
5188.1 0.9000 0.8280
5188.2 0.9000 0.8280
5188.3 0.9000 0.8280
5188.4 0.9000 0.8280
5188.5 0.9000 0.8280
5188.6 0.9000 0.8280
5188.7 0.9000 0.8280
5188.8 0.9000 0.8280
5188.9 0.9000 0.8280
5189.0 0.9000 0.8280
5189.1 0.9000 0.8280
5189.2 0.9000 0.8280
5189.3 0.9000 0.8280
5189.4 0.9000 0.8280
5189.5 0.9000 0.8280
5189.6 0.9000 0.8280
5189.7 0.9000 0.8280
5189.8 0.9000 0.8280
5189.9 0.9000 0.8280
5190.0 0.9000 0.8280
5190.1 0.9000 0.8280
5190.2 0.9000 0.8280
5190.3 0.9000 0.8280
5190.4 0.9000 0.8280
5190.5 0.9000 0.8280
5190.6 0.9000 0.8280
5190.7 0.9000 0.8280
5190.8 0.9000 0.8280
5190.9 0.9000 0.8280
5191.0 0.9000 0.8280
5191.1 0.9000 0.8280
5191.2 0.9000 0.8280
5191.3 0.9000 0.8280
5191.4 0.9000 0.8280
5191.5 0.9000 0.8280
5191.6 0.9000 0.8280
5191.7 0.9000 0.8280
5191.8 0.9000 0.8280
5191.9 0.9000 0.8280
5192.0 0.9000 0.8280
5192.1 0.9000 0.8280
5192.2 0.9000 0.8280
5192.3 0.9000 0.8280
5192.4 0.9000 0.8280
5192.5 0.9000 0.8280
5192.6 0.9000 0.8280
5192.7 0.9000 0.8280
5192.8 0.9000 0.8280
5192.9 0.9000 0.8280
5193.0 0.9000 0.8280
5193.1 0.9000 0.8280
5193.2 0.9000 0.8280
5193.3 0.9000 0.8280
5193.4 0.9000 0.8280
5193.5 0.9000 0.8280
5193.6 0.9000 0.8280
5193.7 0.9000 0.8280
5193.8 0.9000 0.8280
5193.9 0.9000 0.8280
5194.0 0.9000 0.8280
5194.1 0.9000 0.8280
5194.2 0.9000 0.8280
5194.3 0.9000 0.8280
5194.4 0.9000 0.8280
5194.5 0.9000 0.8280
5194.6 0.9000 0.8280
5194.7 0.9000 0.8280
5194.8 0.9000 0.8280
5194.9 0.9000 0.8280
5195.0 0.9000 0.8280
5195.1 0.9000 0.8280
5195.2 0.9000 0.8280
5195.3 0.9000 0.8280
5195.4 0.9000 0.8280
5195.5 0.9000 0.8280
5195.6 0.9000 0.8280
5195.7 0.9000 0.8280
5195.8 0.9000 0.8280
5195.9 0.9000 0.8280
5196.0 0.9000 0.8280
5196.1 0.9000 0.8280
5196.2 0.9000 0.8280
5196.3 0.9000 0.8280
5196.4 0.9000 0.8280
5196.5 0.9000 0.8280
5196.6 0.9000 0.8280
5196.7 0.9000 0.8280
5196.8 0.9000 0.8280
5196.9 0.9000 0.8280
5197.0 0.9000 0.8280
5197.1 0.9000 0.8280
5197.2 0.9000 0.8280
5197.3 0.9000 0.8280
5197.4 0.9000 0.8280
5197.5 0.9000 0.8280
5197.6 0.9000 0.8280
5197.7 0.9000 0.8280
5197.8 0.9000 0.8280
5197.9 0.9000 0.8280
5198.0 0.9000 0.8280
5198.1 0.9000 0.8280
5198.2 0.9000 0.8280
5198.3 0.9000 0.8280
5198.4 0.9000 0.8280
5198.5 0.9000 0.8280
5198.6 0.9000 0.8280
5198.7 0.9000 0.8280
5198.8 0.9000 0.8280
5198.9 0.9000 0.8280
5199.0 0.9000 0.8280
5199.1 0.9000 0.8280
5199.2 0.9000 0.8280
5199.3 0.9000 0.8280
5199.4 0.9000 0.8280
5199.5 0.9000 0.8280
5199.6 0.9000 0.8280
5199.7 0.9000 0.8280
5199.8 0.9000 0.8280
5199.9 0.9000 0.8280
5200.0 0.9000 0.8280
5200.1 0.9000 0.8280
5200.2 0.9000 0.8280
5200.3 0.9000 0.8280
5200.4 0.9000 0.8280
5200.5 0.9000 0.8280
5200.6 0.9000 0.8280
5200.7 0.9000 0.8280
5200.8 0.9000 0.8280
5200.9 0.9000 0.8280
5201.0 0.9000 0.8280
5201.1 0.9000 0.8280
5201.2 0.9000 0.8280
5201.3 0.9000 0.8280
5201.4 0.9000 0.8280
5201.5 0.9000 0.8280
5201.6 0.9000 0.8280
5201.7 0.9000 0.8280
5201.8 0.9000 0.8280
5201.9 0.9000 0.8280
5202.0 0.9000 0.8280
5202.1 0.9000 0.8280
5202.2 0.9000 0.8280
5202.3 0.9000 0.8280
5202.4 0.9000 0.8280
5202.5 0.9000 0.8280
5202.6 0.9000 0.8280
5202.7 0.9000 0.8280
5202.8 0.9000 0.8280
5202.9 0.9000 0.8280
5203.0 0.9000 0.8280
5203.1 0.9000 0.8280
5203.2 0.9000 0.8280
5203.3 0.9000 0.8280
5203.4 0.9000 0.8280
5203.5 0.9000 0.8280
5203.6 0.9000 0.8280
5203.7 0.9000 0.8280
5203.8 0.9000 0.8280
5203.9 0.9000 0.8280
5204.0 0.9000 0.8280
5204.1 0.9000 0.8280
5204.2 0.9000 0.8280
5204.3 0.9000 0.8280
5204.4 0.9000 0.8280
5204.5 0.9000 0.8280
5204.6 0.9000 0.8280
5204.7 0.9000 0.8280
5204.8 0.9000 0.8280
5204.9 0.9000 0.8280
5205.0 0.9000 0.8280
5205.1 0.9000 0.8280
5205.2 0.9000 0.8280
5205.3 0.9000 0.8280
5205.4 0.9000 0.8280
5205.5 0.9000 0.8280
5205.6 0.9000 0.8280
5205.7 0.9000 0.8280
5205.8 0.9000 0.8280
5205.9 0.9000 0.8280
5206.0 0.9000 0.8280
5206.1 0.9000 0.8280
5206.2 0.9000 0.8280
5206.3 0.9000 0.8280
5206.4 0.9000 0.8280
5206.5 0.9000 0.8280
5206.6 0.9000 0.8280
5206.7 0.9000 0.8280
5206.8 0.9000 0.8280
5206.9 0.9000 0.8280
5207.0 0.9000 0.8280
5207.1 0.9000 0.8280
5207.2 0.9000 0.8280
5207.3 0.9000 0.8280
5207.4 0.9000 0.8280
5207.5 0.9000 0.8280
5207.6 0.9000 0.8280
5207.7 0.9000 0.8280
5207.8 0.9000 0.8280
5207.9 0.9000 0.8280
5208.0 0.9000 0.8280
5208.1 0.9000 0.8280
5208.2 0.9000 0.8280
5208.3 0.9000 0.8280
5208.4 0.9000 0.8280
5208.5 0.9000 0.8280
5208.6 0.9000 0.8280
5208.7 0.9000 0.8280
5208.8 0.9000 0.8280
5208.9 0.9000 0.8280
5209.0 0.9000 0.8280
5209.1 0.9000 0.8280
5209.2 0.9000 0.8280
5209.3 0.9000 0.8280
5209.4 0.9000 0.8280
5209.5 0.9000 0.8280
5209.6 0.9000 0.8280
5209.7 0.9000 0.8280
5209.8 0.9000 0.8280
5209.9 0.9000 0.8280
5210.0 0.9000 0.8280
5210.1 0.9000 0.8280
5210.2 0.9000 0.8280
5210.3 0.9000 0.8280
5210.4 0.9000 0.8280
5210.5 0.9000 0.8280
5210.6 0.9000 0.8280
5210.7 0.9000 0.8280
5210.8 0.9000 0.8280
5210.9 0.9000 0.8280
5211.0 0.9000 0.8280
5211.1 0.9000 0.8280
5211.2 0.9000 0.8280
5211.3 0.9000 0.8280
5211.4 0.9000 0.8280
5211.5 0.9000 0.8280
5211.6 0.9000 0.8280
5211.7 0.9000 0.8280
5211.8 0.9000 0.8280
5211.9 0.9000 0.8280
5212.0 0.9000 0.8280
5212.1 0.9000 0.8280
5212.2 0.9000 0.8280
5212.3 0.9000 0.8280
5212.4 0.9000 0.8280
5212.5 0.9000 0.8280
5212.6 0.9000 0.8280
5212.7 0.9000 0.8280
5212.8 0.9000 0.8280
5212.9 0.9000 0.8280
5213.0 0.9000 0.8280
5213.1 0.9000 0.8280
5213.2 0.9000 0.8280
5213.3 0.9000 0.8280
5213.4 0.9000 0.8280
5213.5 0.9000 0.8280
5213.6 0.9000 0.8280
5213.7 0.9000 0.8280
5213.8 0.9000 0.8280
5213.9 0.9000 0.8280
5214.0 0.9000 0.8280
5214.1 0.9000 0.8280
5214.2 0.9000 0.8280
5214.3 0.9000 0.8280
5214.4 0.9000 0.8280
5214.5 0.9000 0.8280
5214.6 0.9000 0.8280
5214.7 0.9000 0.8280
5214.8 0.9000 0.8280
5214.9 0.9000 0.8280
5215.0 0.9000 0.8280
5215.1 0.9000 0.8280
5215.2 0.9000 0.8280
5215.3 0.9000 0.8280
5215.4 0.9000 0.8280
5215.5 0.9000 0.8280
5215.6 0.9000 0.8280
5215.7 0.9000 0.8280
5215.8 0.9000 0.8280
5215.9 0.9000 0.8280
5216.0 0.9000 0.8280
5216.1 0.9000 0.8280
5216.2 0.9000 0.8280
5216.3 0.9000 0.8280
5216.4 0.9000 0.8280
5216.5 0.9000 0.8280
5216.6 0.9000 0.8280
5216.7 0.9000 0.8280
5216.8 0.9000 0.8280
5216.9 0.9000 0.8280
5217.0 0.9000 0.8280
5217.1 0.9000 0.8280
5217.2 0.9000 0.8280
5217.3 0.9000 0.8280
5217.4 0.9000 0.8280
5217.5 0.9000 0.8280
5217.6 0.9000 0.8280
5217.7 0.9000 0.8280
5217.8 0.9000 0.8280
5217.9 0.9000 0.8280
5218.0 0.9000 0.8280
5218.1 0.9000 0.8280
5218.2 0.9000 0.8280
5218.3 0.9000 0.8280
5218.4 0.9000 0.8280
5218.5 0.9000 0.8280
5218.6 0.9000 0.8280
5218.7 0.9000 0.8280
5218.8 0.9000 0.8280
5218.9 0.9000 0.8280
5219.0 0.9000 0.8280
5219.1 0.9000 0.8280
5219.2 0.9000 0.8280
5219.3 0.9000 0.8280
5219.4 0.9000 0.8280
5219.5 0.9000 0.8280
5219.6 0.9000 0.8280
5219.7 0.9000 0.8280
5219.8 0.9000 0.8280
5219.9 0.9000 0.8280
5220.0 0.9000 0.8280
5220.1 0.9000 0.8280
5220.2 0.9000 0.8280
5220.3 0.9000 0.8280
5220.4 0.9000 0.8280
5220.5 0.9000 0.8280
5220.6 0.9000 0.8280
5220.7 0.9000 0.8280
5220.8 0.9000 0.8280
5220.9 0.9000 0.8280
5221.0 0.9000 0.8280
5221.1 0.9000 0.8280
5221.2 0.9000 0.8280
5221.3 0.9000 0.8280
5221.4 0.9000 0.8280
5221.5 0.9000 0.8280
5221.6 0.9000 0.8280
5221.7 0.9000 0.8280
5221.8 0.9000 0.8280
5221.9 0.9000 0.8280
5222.0 0.9000 0.8280
5222.1 0.9000 0.8280
5222.2 0.9000 0.8280
5222.3 0.9000 0.8280
5222.4 0.9000 0.8280
5222.5 0.9000 0.8280
5222.6 0.9000 0.8280
5222.7 0.9000 0.8280
5222.8 0.9000 0.8280
5222.9 0.9000 0.8280
5223.0 0.9000 0.8280
5223.1 0.9000 0.8280
5223.2 0.9000 0.8280
5223.3 0.9000 0.8280
5223.4 0.9000 0.8280
5223.5 0.9000 0.8280
5223.6 0.9000 0.8280
5223.7 0.9000 0.8280
5223.8 0.9000 0.8280
5223.9 0.9000 0.8280
5224.0 0.9000 0.8280
5224.1 0.9000 0.8280
5224.2 0.9000 0.8280
5224.3 0.9000 0.8280
5224.4 0.9000 0.8280
5224.5 0.9000 0.8280
5224.6 0.9000 0.8280
5224.7 0.9000 0.8280
5224.8 0.9000 0.8280
5224.9 0.9000 0.8280
5225.0 0.9000 0.8280
5225.1 0.9000 0.8280
5225.2 0.9000 0.8280
5225.3 0.9000 0.8280
5225.4 0.9000 0.8280
5225.5 0.9000 0.8280
5225.6 0.9000 0.8280
5225.7 0.9000 0.8280
5225.8 0.9000 0.8280
5225.9 0.9000 0.8280
5226.0 0.9000 0.8280
5226.1 0.9000 0.8280
5226.2 0.9000 0.8280
5226.3 0.9000 0.8280
5226.4 0.9000 0.8280
5226.5 0.9000 0.8280
5226.6 0.9000 0.8280
5226.7 0.9000 0.8280
5226.8 0.9000 0.8280
5226.9 0.9000 0.8280
5227.0 0.9000 0.8280
5227.1 0.9000 0.8280
5227.2 0.9000 0.8280
5227.3 0.9000 0.8280
5227.4 0.9000 0.8280
5227.5 0.9000 0.8280
5227.6 0.9000 0.8280
5227.7 0.9000 0.8280
5227.8 0.9000 0.8280
5227.9 0.9000 0.8280
5228.0 0.9000 0.8280
5228.1 0.9000 0.8280
5228.2 0.9000 0.8280
5228.3 0.9000 0.8280
5228.4 0.9000 0.8280
5228.5 0.9000 0.8280
5228.6 0.9000 0.8280
5228.7 0.9000 0.8280
5228.8 0.9000 0.8280
5228.9 0.9000 0.8280
5229.0 0.9000 0.8280
5229.1 0.9000 0.8280
5229.2 0.9000 0.8280
5229.3 0.9000 0.8280
5229.4 0.9000 0.8280
5229.5 0.9000 0.8280
5229.6 0.9000 0.8280
5229.7 0.9000 0.8280
5229.8 0.9000 0.8280
5229.9 0.9000 0.8280
5230.0 0.9000 0.8280
5230.1 0.9000 0.8280
5230.2 0.9000 0.8280
5230.3 0.9000 0.8280
5230.4 0.9000 0.8280
5230.5 0.9000 0.8280
5230.6 0.9000 0.8280
5230.7 0.9000 0.8280
5230.8 0.9000 0.8280
5230.9 0.9000 0.8280
5231.0 0.9000 0.8280
5231.1 0.9000 0.8280
5231.2 0.9000 0.8280
5231.3 0.9000 0.8280
5231.4 0.9000 0.8280
5231.5 0.9000 0.8280
5231.6 0.9000 0.8280
5231.7 0.9000 0.8280
5231.8 0.9000 0.8280
5231.9 0.9000 0.8280
5232.0 0.9000 0.8280
5232.1 0.9000 0.8280
5232.2 0.9000 0.8280
5232.3 0.9000 0.8280
5232.4 0.9000 0.8280
5232.5 0.9000 0.8280
5232.6 0.9000 0.8280
5232.7 0.9000 0.8280
5232.8 0.9000 0.8280
5232.9 0.9000 0.8280
5233.0 0.9000 0.8280
5233.1 0.9000 0.8280
5233.2 0.9000 0.8280
5233.3 0.9000 0.8280
5233.4 0.9000 0.8280
5233.5 0.9000 0.8280
5233.6 0.9000 0.8280
5233.7 0.9000 0.8280
5233.8 0.9000 0.8280
5233.9 0.9000 0.8280
5234.0 0.9000 0.8280
5234.1 0.9000 0.8280
5234.2 0.9000 0.8280
5234.3 0.9000 0.8280
5234.4 0.9000 0.8280
5234.5 0.9000 0.8280
5234.6 0.9000 0.8280
5234.7 0.9000 0.8280
5234.8 0.9000 0.8280
5234.9 0.9000 0.8280
5235.0 0.9000 0.8280
5235.1 0.8970 0.8252
5235.2 0.8940 0.8225
5235.3 0.8910 0.8197
5235.4 0.8880 0.8170
5235.5 0.8850 0.8142
5235.6 0.8820 0.8114
5235.7 0.8790 0.8087
5235.8 0.8760 0.8059
5235.9 0.8730 0.8032
5236.0 0.8700 0.8004
5236.1 0.8670 0.7976
5236.2 0.8640 0.7949
5236.3 0.8610 0.7921
5236.4 0.8580 0.7894
5236.5 0.8550 0.7866
5236.6 0.8520 0.7838
5236.7 0.8490 0.7811
5236.8 0.8460 0.7783
5236.9 0.8430 0.7756
5237.0 0.8400 0.7728
5237.1 0.8370 0.7700
5237.2 0.8340 0.7673
5237.3 0.8310 0.7645
5237.4 0.8280 0.7618
5237.5 0.8250 0.7590
5237.6 0.8220 0.7562
5237.7 0.8190 0.7535
5237.8 0.8160 0.7507
5237.9 0.8130 0.7480
5238.0 0.8100 0.7452
5238.1 0.8070 0.7424
5238.2 0.8040 0.7397
5238.3 0.8010 0.7369
5238.4 0.7980 0.7342
5238.5 0.7950 0.7314
5238.6 0.7920 0.7286
5238.7 0.7890 0.7259
5238.8 0.7860 0.7231
5238.9 0.7830 0.7204
5239.0 0.7800 0.7176
5239.1 0.7770 0.7148
5239.2 0.7740 0.7121
5239.3 0.7710 0.7093
5239.4 0.7680 0.7066
5239.5 0.7650 0.7038
5239.6 0.7620 0.7010
5239.7 0.7590 0.6983
5239.8 0.7560 0.6955
5239.9 0.7530 0.6928
5240.0 0.7500 0.6900
5240.1 0.7470 0.6872
5240.2 0.7440 0.6845
5240.3 0.7410 0.6817
5240.4 0.7380 0.6790
5240.5 0.7350 0.6762
5240.6 0.7320 0.6734
5240.7 0.7290 0.6707
5240.8 0.7260 0.6679
5240.9 0.7230 0.6652
5241.0 0.7200 0.6624
5241.1 0.7170 0.6596
5241.2 0.7140 0.6569
5241.3 0.7110 0.6541
5241.4 0.7080 0.6514
5241.5 0.7050 0.6486
5241.6 0.7020 0.6458
5241.7 0.6990 0.6431
5241.8 0.6960 0.6403
5241.9 0.6930 0.6376
5242.0 0.6900 0.6348
5242.1 0.6870 0.6320
5242.2 0.6840 0.6293
5242.3 0.6810 0.6265
5242.4 0.6780 0.6238
5242.5 0.6750 0.6210
5242.6 0.6720 0.6182
5242.7 0.6690 0.6155
5242.8 0.6660 0.6127
5242.9 0.6630 0.6100
5243.0 0.6600 0.6072
5243.1 0.6570 0.6044
5243.2 0.6540 0.6017
5243.3 0.6510 0.5989
5243.4 0.6480 0.5962
5243.5 0.6450 0.5934
5243.6 0.6420 0.5906
5243.7 0.6390 0.5879
5243.8 0.6360 0.5851
5243.9 0.6330 0.5824
5244.0 0.6300 0.5796
5244.1 0.6270 0.5768
5244.2 0.6240 0.5741
5244.3 0.6210 0.5713
5244.4 0.6180 0.5686
5244.5 0.6150 0.5658
5244.6 0.6120 0.5630
5244.7 0.6090 0.5603
5244.8 0.6060 0.5575
5244.9 0.6030 0.5548
5245.0 0.6000 0.5520
5245.1 0.5970 0.5492
5245.2 0.5940 0.5465
5245.3 0.5910 0.5437
5245.4 0.5880 0.5410
5245.5 0.5850 0.5382
5245.6 0.5820 0.5354
5245.7 0.5790 0.5327
5245.8 0.5760 0.5299
5245.9 0.5730 0.5272
5246.0 0.5700 0.5244
5246.1 0.5670 0.5216
5246.2 0.5640 0.5189
5246.3 0.5610 0.5161
5246.4 0.5580 0.5134
5246.5 0.5550 0.5106
5246.6 0.5520 0.5078
5246.7 0.5490 0.5051
5246.8 0.5460 0.5023
5246.9 0.5430 0.4996
5247.0 0.5400 0.4968
5247.1 0.5370 0.4940
5247.2 0.5340 0.4913
5247.3 0.5310 0.4885
5247.4 0.5280 0.4858
5247.5 0.5250 0.4830
5247.6 0.5220 0.4802
5247.7 0.5190 0.4775
5247.8 0.5160 0.4747
5247.9 0.5130 0.4720
5248.0 0.5100 0.4692
5248.1 0.5070 0.4664
5248.2 0.5040 0.4637
5248.3 0.5010 0.4609
5248.4 0.4980 0.4582
5248.5 0.4950 0.4554
5248.6 0.4920 0.4526
5248.7 0.4890 0.4499
5248.8 0.4860 0.4471
5248.9 0.4830 0.4444
5249.0 0.4800 0.4416
5249.1 0.4770 0.4388
5249.2 0.4740 0.4361
5249.3 0.4710 0.4333
5249.4 0.4680 0.4306
5249.5 0.4650 0.4278
5249.6 0.4620 0.4250
5249.7 0.4590 0.4223
5249.8 0.4560 0.4195
5249.9 0.4530 0.4168
5250.0 0.4500 0.4140
5250.1 0.4470 0.4112
5250.2 0.4440 0.4085
5250.3 0.4410 0.4057
5250.4 0.4380 0.4030
5250.5 0.4350 0.4002
5250.6 0.4320 0.3974
5250.7 0.4290 0.3947
5250.8 0.4260 0.3919
5250.9 0.4230 0.3892
5251.0 0.4200 0.3864
5251.1 0.4170 0.3836
5251.2 0.4140 0.3809
5251.3 0.4110 0.3781
5251.4 0.4080 0.3754
5251.5 0.4050 0.3726
5251.6 0.4020 0.3698
5251.7 0.3990 0.3671
5251.8 0.3960 0.3643
5251.9 0.3930 0.3616
5252.0 0.3900 0.3588
5252.1 0.3870 0.3560
5252.2 0.3840 0.3533
5252.3 0.3810 0.3505
5252.4 0.3780 0.3478
5252.5 0.3750 0.3450
5252.6 0.3720 0.3422
5252.7 0.3690 0.3395
5252.8 0.3660 0.3367
5252.9 0.3630 0.3340
5253.0 0.3600 0.3312
5253.1 0.3570 0.3284
5253.2 0.3540 0.3257
5253.3 0.3510 0.3229
5253.4 0.3480 0.3202
5253.5 0.3450 0.3174
5253.6 0.3420 0.3146
5253.7 0.3390 0.3119
5253.8 0.3360 0.3091
5253.9 0.3330 0.3064
5254.0 0.3300 0.3036
5254.1 0.3270 0.3008
5254.2 0.3240 0.2981
5254.3 0.3210 0.2953
5254.4 0.3180 0.2926
5254.5 0.3150 0.2898
5254.6 0.3120 0.2870
5254.7 0.3090 0.2843
5254.8 0.3060 0.2815
5254.9 0.3030 0.2788
5255.0 0.3000 0.2760
5255.1 0.2970 0.2732
5255.2 0.2940 0.2705
5255.3 0.2910 0.2677
5255.4 0.2880 0.2650
5255.5 0.2850 0.2622
5255.6 0.2820 0.2594
5255.7 0.2790 0.2567
5255.8 0.2760 0.2539
5255.9 0.2730 0.2512
5256.0 0.2700 0.2484
5256.1 0.2670 0.2456
5256.2 0.2640 0.2429
5256.3 0.2610 0.2401
5256.4 0.2580 0.2374
5256.5 0.2550 0.2346
5256.6 0.2520 0.2318
5256.7 0.2490 0.2291
5256.8 0.2460 0.2263
5256.9 0.2430 0.2236
5257.0 0.2400 0.2208
5257.1 0.2370 0.2180
5257.2 0.2340 0.2153
5257.3 0.2310 0.2125
5257.4 0.2280 0.2098
5257.5 0.2250 0.2070
5257.6 0.2220 0.2042
5257.7 0.2190 0.2015
5257.8 0.2160 0.1987
5257.9 0.2130 0.1960
5258.0 0.2100 0.1932
5258.1 0.2070 0.1904
5258.2 0.2040 0.1877
5258.3 0.2010 0.1849
5258.4 0.1980 0.1822
5258.5 0.1950 0.1794
5258.6 0.1920 0.1766
5258.7 0.1890 0.1739
5258.8 0.1860 0.1711
5258.9 0.1830 0.1684
5259.0 0.1800 0.1656
5259.1 0.1770 0.1628
5259.2 0.1740 0.1601
5259.3 0.1710 0.1573
5259.4 0.1680 0.1546
5259.5 0.1650 0.1518
5259.6 0.1620 0.1490
5259.7 0.1590 0.1463
5259.8 0.1560 0.1435
5259.9 0.1530 0.1408
5260.0 0.1500 0.1380
5260.1 0.1470 0.1352
5260.2 0.1440 0.1325
5260.3 0.1410 0.1297
5260.4 0.1380 0.1270
5260.5 0.1350 0.1242
5260.6 0.1320 0.1214
5260.7 0.1290 0.1187
5260.8 0.1260 0.1159
5260.9 0.1230 0.1132
5261.0 0.1200 0.1104
5261.1 0.1170 0.1076
5261.2 0.1140 0.1049
5261.3 0.1110 0.1021
5261.4 0.1080 0.0994
5261.5 0.1050 0.0966
5261.6 0.1020 0.0938
5261.7 0.0990 0.0911
5261.8 0.0960 0.0883
5261.9 0.0930 0.0856
5262.0 0.0900 0.0828
5262.1 0.0870 0.0800
5262.2 0.0840 0.0773
5262.3 0.0810 0.0745
5262.4 0.0780 0.0718
5262.5 0.0750 0.0690
5262.6 0.0720 0.0662
5262.7 0.0690 0.0635
5262.8 0.0660 0.0607
5262.9 0.0630 0.0580
5263.0 0.0600 0.0552
5263.1 0.0570 0.0524
5263.2 0.0540 0.0497
5263.3 0.0510 0.0469
5263.4 0.0480 0.0442
5263.5 0.0450 0.0414
5263.6 0.0420 0.0386
5263.7 0.0390 0.0359
5263.8 0.0360 0.0331
5263.9 0.0330 0.0304
5264.0 0.0300 0.0276
5264.1 0.0270 0.0248
5264.2 0.0240 0.0221
5264.3 0.0210 0.0193
5264.4 0.0180 0.0166
5264.5 0.0150 0.0138
5264.6 0.0120 0.0110
5264.7 0.0090 0.0083
5264.8 0.0060 0.0055
5264.9 0.0030 0.0028
5265.0 0.0000 0.0000
5265.1 0.0000 0.0000
5265.2 0.0000 0.0000
5265.3 0.0000 0.0000
5265.4 0.0000 0.0000
5265.5 0.0000 0.0000
5265.6 0.0000 0.0000
5265.7 0.0000 0.0000
5265.8 0.0000 0.0000
