# Theoretical transmission filter for J-PLUS filter F660
# Date of creation: 2013-01-17
# Author: J. Varela
# 
# Requirements:
#    Central wavelength (Angstroms): 6600
#    W1 (Angstroms): 100
#    FWHM (Angstroms): 125
#    Transmission peak: 0.90
#
# Columns description:
#    wl: Wavelength in Angstroms
#    T: Transmission
#    T+CCD: Transmission Filter+CCD
#
# wl   T  T+CCD
6524.0 0.0000 0.0000
6524.1 0.0000 0.0000
6524.2 0.0000 0.0000
6524.3 0.0000 0.0000
6524.4 0.0000 0.0000
6524.5 0.0000 0.0000
6524.6 0.0000 0.0000
6524.7 0.0000 0.0000
6524.8 0.0000 0.0000
6524.9 0.0000 0.0000
6525.0 0.0000 0.0000
6525.1 0.0036 0.0031
6525.2 0.0072 0.0062
6525.3 0.0108 0.0093
6525.4 0.0144 0.0124
6525.5 0.0180 0.0155
6525.6 0.0216 0.0186
6525.7 0.0252 0.0216
6525.8 0.0288 0.0247
6525.9 0.0324 0.0278
6526.0 0.0360 0.0309
6526.1 0.0396 0.0340
6526.2 0.0432 0.0371
6526.3 0.0468 0.0402
6526.4 0.0504 0.0433
6526.5 0.0540 0.0464
6526.6 0.0576 0.0495
6526.7 0.0612 0.0526
6526.8 0.0648 0.0557
6526.9 0.0684 0.0588
6527.0 0.0720 0.0618
6527.1 0.0756 0.0649
6527.2 0.0792 0.0680
6527.3 0.0828 0.0711
6527.4 0.0864 0.0742
6527.5 0.0900 0.0773
6527.6 0.0936 0.0804
6527.7 0.0972 0.0835
6527.8 0.1008 0.0866
6527.9 0.1044 0.0897
6528.0 0.1080 0.0928
6528.1 0.1116 0.0959
6528.2 0.1152 0.0989
6528.3 0.1188 0.1020
6528.4 0.1224 0.1051
6528.5 0.1260 0.1082
6528.6 0.1296 0.1113
6528.7 0.1332 0.1144
6528.8 0.1368 0.1175
6528.9 0.1404 0.1206
6529.0 0.1440 0.1237
6529.1 0.1476 0.1268
6529.2 0.1512 0.1299
6529.3 0.1548 0.1329
6529.4 0.1584 0.1360
6529.5 0.1620 0.1391
6529.6 0.1656 0.1422
6529.7 0.1692 0.1453
6529.8 0.1728 0.1484
6529.9 0.1764 0.1515
6530.0 0.1800 0.1546
6530.1 0.1836 0.1577
6530.2 0.1872 0.1608
6530.3 0.1908 0.1639
6530.4 0.1944 0.1669
6530.5 0.1980 0.1700
6530.6 0.2016 0.1731
6530.7 0.2052 0.1762
6530.8 0.2088 0.1793
6530.9 0.2124 0.1824
6531.0 0.2160 0.1855
6531.1 0.2196 0.1886
6531.2 0.2232 0.1917
6531.3 0.2268 0.1948
6531.4 0.2304 0.1979
6531.5 0.2340 0.2009
6531.6 0.2376 0.2040
6531.7 0.2412 0.2071
6531.8 0.2448 0.2102
6531.9 0.2484 0.2133
6532.0 0.2520 0.2164
6532.1 0.2556 0.2195
6532.2 0.2592 0.2226
6532.3 0.2628 0.2257
6532.4 0.2664 0.2288
6532.5 0.2700 0.2318
6532.6 0.2736 0.2349
6532.7 0.2772 0.2380
6532.8 0.2808 0.2411
6532.9 0.2844 0.2442
6533.0 0.2880 0.2473
6533.1 0.2916 0.2504
6533.2 0.2952 0.2535
6533.3 0.2988 0.2566
6533.4 0.3024 0.2597
6533.5 0.3060 0.2627
6533.6 0.3096 0.2658
6533.7 0.3132 0.2689
6533.8 0.3168 0.2720
6533.9 0.3204 0.2751
6534.0 0.3240 0.2782
6534.1 0.3276 0.2813
6534.2 0.3312 0.2844
6534.3 0.3348 0.2875
6534.4 0.3384 0.2906
6534.5 0.3420 0.2936
6534.6 0.3456 0.2967
6534.7 0.3492 0.2998
6534.8 0.3528 0.3029
6534.9 0.3564 0.3060
6535.0 0.3600 0.3091
6535.1 0.3636 0.3122
6535.2 0.3672 0.3153
6535.3 0.3708 0.3184
6535.4 0.3744 0.3215
6535.5 0.3780 0.3245
6535.6 0.3816 0.3276
6535.7 0.3852 0.3307
6535.8 0.3888 0.3338
6535.9 0.3924 0.3369
6536.0 0.3960 0.3400
6536.1 0.3996 0.3431
6536.2 0.4032 0.3462
6536.3 0.4068 0.3493
6536.4 0.4104 0.3523
6536.5 0.4140 0.3554
6536.6 0.4176 0.3585
6536.7 0.4212 0.3616
6536.8 0.4248 0.3647
6536.9 0.4284 0.3678
6537.0 0.4320 0.3709
6537.1 0.4356 0.3740
6537.2 0.4392 0.3771
6537.3 0.4428 0.3801
6537.4 0.4464 0.3832
6537.5 0.4500 0.3863
6537.6 0.4536 0.3894
6537.7 0.4572 0.3925
6537.8 0.4608 0.3956
6537.9 0.4644 0.3987
6538.0 0.4680 0.4018
6538.1 0.4716 0.4049
6538.2 0.4752 0.4079
6538.3 0.4788 0.4110
6538.4 0.4824 0.4141
6538.5 0.4860 0.4172
6538.6 0.4896 0.4203
6538.7 0.4932 0.4234
6538.8 0.4968 0.4265
6538.9 0.5004 0.4296
6539.0 0.5040 0.4327
6539.1 0.5076 0.4357
6539.2 0.5112 0.4388
6539.3 0.5148 0.4419
6539.4 0.5184 0.4450
6539.5 0.5220 0.4481
6539.6 0.5256 0.4512
6539.7 0.5292 0.4543
6539.8 0.5328 0.4574
6539.9 0.5364 0.4604
6540.0 0.5400 0.4635
6540.1 0.5436 0.4666
6540.2 0.5472 0.4697
6540.3 0.5508 0.4728
6540.4 0.5544 0.4759
6540.5 0.5580 0.4790
6540.6 0.5616 0.4821
6540.7 0.5652 0.4852
6540.8 0.5688 0.4882
6540.9 0.5724 0.4913
6541.0 0.5760 0.4944
6541.1 0.5796 0.4975
6541.2 0.5832 0.5006
6541.3 0.5868 0.5037
6541.4 0.5904 0.5068
6541.5 0.5940 0.5099
6541.6 0.5976 0.5129
6541.7 0.6012 0.5160
6541.8 0.6048 0.5191
6541.9 0.6084 0.5222
6542.0 0.6120 0.5253
6542.1 0.6156 0.5284
6542.2 0.6192 0.5315
6542.3 0.6228 0.5346
6542.4 0.6264 0.5376
6542.5 0.6300 0.5407
6542.6 0.6336 0.5438
6542.7 0.6372 0.5469
6542.8 0.6408 0.5500
6542.9 0.6444 0.5531
6543.0 0.6480 0.5562
6543.1 0.6516 0.5593
6543.2 0.6552 0.5623
6543.3 0.6588 0.5654
6543.4 0.6624 0.5685
6543.5 0.6660 0.5716
6543.6 0.6696 0.5747
6543.7 0.6732 0.5778
6543.8 0.6768 0.5809
6543.9 0.6804 0.5839
6544.0 0.6840 0.5870
6544.1 0.6876 0.5901
6544.2 0.6912 0.5932
6544.3 0.6948 0.5963
6544.4 0.6984 0.5994
6544.5 0.7020 0.6025
6544.6 0.7056 0.6056
6544.7 0.7092 0.6086
6544.8 0.7128 0.6117
6544.9 0.7164 0.6148
6545.0 0.7200 0.6179
6545.1 0.7236 0.6210
6545.2 0.7272 0.6241
6545.3 0.7308 0.6272
6545.4 0.7344 0.6303
6545.5 0.7380 0.6333
6545.6 0.7416 0.6364
6545.7 0.7452 0.6395
6545.8 0.7488 0.6426
6545.9 0.7524 0.6457
6546.0 0.7560 0.6488
6546.1 0.7596 0.6519
6546.2 0.7632 0.6549
6546.3 0.7668 0.6580
6546.4 0.7704 0.6611
6546.5 0.7740 0.6642
6546.6 0.7776 0.6673
6546.7 0.7812 0.6704
6546.8 0.7848 0.6735
6546.9 0.7884 0.6765
6547.0 0.7920 0.6796
6547.1 0.7956 0.6827
6547.2 0.7992 0.6858
6547.3 0.8028 0.6889
6547.4 0.8064 0.6920
6547.5 0.8100 0.6951
6547.6 0.8136 0.6981
6547.7 0.8172 0.7012
6547.8 0.8208 0.7043
6547.9 0.8244 0.7074
6548.0 0.8280 0.7105
6548.1 0.8316 0.7136
6548.2 0.8352 0.7167
6548.3 0.8388 0.7197
6548.4 0.8424 0.7228
6548.5 0.8460 0.7259
6548.6 0.8496 0.7290
6548.7 0.8532 0.7321
6548.8 0.8568 0.7352
6548.9 0.8604 0.7383
6549.0 0.8640 0.7413
6549.1 0.8676 0.7444
6549.2 0.8712 0.7475
6549.3 0.8748 0.7506
6549.4 0.8784 0.7537
6549.5 0.8820 0.7568
6549.6 0.8856 0.7599
6549.7 0.8892 0.7629
6549.8 0.8928 0.7660
6549.9 0.8964 0.7691
6550.0 0.9000 0.7722
6550.1 0.9000 0.7722
6550.2 0.9000 0.7722
6550.3 0.9000 0.7722
6550.4 0.9000 0.7722
6550.5 0.9000 0.7722
6550.6 0.9000 0.7722
6550.7 0.9000 0.7722
6550.8 0.9000 0.7722
6550.9 0.9000 0.7722
6551.0 0.9000 0.7722
6551.1 0.9000 0.7722
6551.2 0.9000 0.7722
6551.3 0.9000 0.7722
6551.4 0.9000 0.7721
6551.5 0.9000 0.7721
6551.6 0.9000 0.7721
6551.7 0.9000 0.7721
6551.8 0.9000 0.7721
6551.9 0.9000 0.7721
6552.0 0.9000 0.7721
6552.1 0.9000 0.7721
6552.2 0.9000 0.7721
6552.3 0.9000 0.7721
6552.4 0.9000 0.7721
6552.5 0.9000 0.7721
6552.6 0.9000 0.7721
6552.7 0.9000 0.7721
6552.8 0.9000 0.7721
6552.9 0.9000 0.7721
6553.0 0.9000 0.7721
6553.1 0.9000 0.7721
6553.2 0.9000 0.7721
6553.3 0.9000 0.7721
6553.4 0.9000 0.7721
6553.5 0.9000 0.7721
6553.6 0.9000 0.7721
6553.7 0.9000 0.7721
6553.8 0.9000 0.7721
6553.9 0.9000 0.7721
6554.0 0.9000 0.7721
6554.1 0.9000 0.7721
6554.2 0.9000 0.7720
6554.3 0.9000 0.7720
6554.4 0.9000 0.7720
6554.5 0.9000 0.7720
6554.6 0.9000 0.7720
6554.7 0.9000 0.7720
6554.8 0.9000 0.7720
6554.9 0.9000 0.7720
6555.0 0.9000 0.7720
6555.1 0.9000 0.7720
6555.2 0.9000 0.7720
6555.3 0.9000 0.7720
6555.4 0.9000 0.7720
6555.5 0.9000 0.7720
6555.6 0.9000 0.7720
6555.7 0.9000 0.7720
6555.8 0.9000 0.7720
6555.9 0.9000 0.7720
6556.0 0.9000 0.7720
6556.1 0.9000 0.7720
6556.2 0.9000 0.7720
6556.3 0.9000 0.7720
6556.4 0.9000 0.7720
6556.5 0.9000 0.7720
6556.6 0.9000 0.7720
6556.7 0.9000 0.7720
6556.8 0.9000 0.7720
6556.9 0.9000 0.7720
6557.0 0.9000 0.7719
6557.1 0.9000 0.7719
6557.2 0.9000 0.7719
6557.3 0.9000 0.7719
6557.4 0.9000 0.7719
6557.5 0.9000 0.7719
6557.6 0.9000 0.7719
6557.7 0.9000 0.7719
6557.8 0.9000 0.7719
6557.9 0.9000 0.7719
6558.0 0.9000 0.7719
6558.1 0.9000 0.7719
6558.2 0.9000 0.7719
6558.3 0.9000 0.7719
6558.4 0.9000 0.7719
6558.5 0.9000 0.7719
6558.6 0.9000 0.7719
6558.7 0.9000 0.7719
6558.8 0.9000 0.7719
6558.9 0.9000 0.7719
6559.0 0.9000 0.7719
6559.1 0.9000 0.7719
6559.2 0.9000 0.7719
6559.3 0.9000 0.7719
6559.4 0.9000 0.7719
6559.5 0.9000 0.7719
6559.6 0.9000 0.7719
6559.7 0.9000 0.7719
6559.8 0.9000 0.7718
6559.9 0.9000 0.7718
6560.0 0.9000 0.7718
6560.1 0.9000 0.7718
6560.2 0.9000 0.7718
6560.3 0.9000 0.7718
6560.4 0.9000 0.7718
6560.5 0.9000 0.7718
6560.6 0.9000 0.7718
6560.7 0.9000 0.7718
6560.8 0.9000 0.7718
6560.9 0.9000 0.7718
6561.0 0.9000 0.7718
6561.1 0.9000 0.7718
6561.2 0.9000 0.7718
6561.3 0.9000 0.7718
6561.4 0.9000 0.7718
6561.5 0.9000 0.7718
6561.6 0.9000 0.7718
6561.7 0.9000 0.7718
6561.8 0.9000 0.7718
6561.9 0.9000 0.7718
6562.0 0.9000 0.7718
6562.1 0.9000 0.7718
6562.2 0.9000 0.7718
6562.3 0.9000 0.7718
6562.4 0.9000 0.7718
6562.5 0.9000 0.7717
6562.6 0.9000 0.7717
6562.7 0.9000 0.7717
6562.8 0.9000 0.7717
6562.9 0.9000 0.7717
6563.0 0.9000 0.7717
6563.1 0.9000 0.7717
6563.2 0.9000 0.7717
6563.3 0.9000 0.7717
6563.4 0.9000 0.7717
6563.5 0.9000 0.7717
6563.6 0.9000 0.7717
6563.7 0.9000 0.7717
6563.8 0.9000 0.7717
6563.9 0.9000 0.7717
6564.0 0.9000 0.7717
6564.1 0.9000 0.7717
6564.2 0.9000 0.7717
6564.3 0.9000 0.7717
6564.4 0.9000 0.7717
6564.5 0.9000 0.7717
6564.6 0.9000 0.7717
6564.7 0.9000 0.7717
6564.8 0.9000 0.7717
6564.9 0.9000 0.7717
6565.0 0.9000 0.7717
6565.1 0.9000 0.7717
6565.2 0.9000 0.7717
6565.3 0.9000 0.7716
6565.4 0.9000 0.7716
6565.5 0.9000 0.7716
6565.6 0.9000 0.7716
6565.7 0.9000 0.7716
6565.8 0.9000 0.7716
6565.9 0.9000 0.7716
6566.0 0.9000 0.7716
6566.1 0.9000 0.7716
6566.2 0.9000 0.7716
6566.3 0.9000 0.7716
6566.4 0.9000 0.7716
6566.5 0.9000 0.7716
6566.6 0.9000 0.7716
6566.7 0.9000 0.7716
6566.8 0.9000 0.7716
6566.9 0.9000 0.7716
6567.0 0.9000 0.7716
6567.1 0.9000 0.7716
6567.2 0.9000 0.7716
6567.3 0.9000 0.7716
6567.4 0.9000 0.7716
6567.5 0.9000 0.7716
6567.6 0.9000 0.7716
6567.7 0.9000 0.7716
6567.8 0.9000 0.7716
6567.9 0.9000 0.7716
6568.0 0.9000 0.7716
6568.1 0.9000 0.7715
6568.2 0.9000 0.7715
6568.3 0.9000 0.7715
6568.4 0.9000 0.7715
6568.5 0.9000 0.7715
6568.6 0.9000 0.7715
6568.7 0.9000 0.7715
6568.8 0.9000 0.7715
6568.9 0.9000 0.7715
6569.0 0.9000 0.7715
6569.1 0.9000 0.7715
6569.2 0.9000 0.7715
6569.3 0.9000 0.7715
6569.4 0.9000 0.7715
6569.5 0.9000 0.7715
6569.6 0.9000 0.7715
6569.7 0.9000 0.7715
6569.8 0.9000 0.7715
6569.9 0.9000 0.7715
6570.0 0.9000 0.7715
6570.1 0.9000 0.7715
6570.2 0.9000 0.7715
6570.3 0.9000 0.7715
6570.4 0.9000 0.7715
6570.5 0.9000 0.7715
6570.6 0.9000 0.7715
6570.7 0.9000 0.7715
6570.8 0.9000 0.7715
6570.9 0.9000 0.7714
6571.0 0.9000 0.7714
6571.1 0.9000 0.7714
6571.2 0.9000 0.7714
6571.3 0.9000 0.7714
6571.4 0.9000 0.7714
6571.5 0.9000 0.7714
6571.6 0.9000 0.7714
6571.7 0.9000 0.7714
6571.8 0.9000 0.7714
6571.9 0.9000 0.7714
6572.0 0.9000 0.7714
6572.1 0.9000 0.7714
6572.2 0.9000 0.7714
6572.3 0.9000 0.7714
6572.4 0.9000 0.7714
6572.5 0.9000 0.7714
6572.6 0.9000 0.7714
6572.7 0.9000 0.7714
6572.8 0.9000 0.7714
6572.9 0.9000 0.7714
6573.0 0.9000 0.7714
6573.1 0.9000 0.7714
6573.2 0.9000 0.7714
6573.3 0.9000 0.7714
6573.4 0.9000 0.7714
6573.5 0.9000 0.7714
6573.6 0.9000 0.7714
6573.7 0.9000 0.7713
6573.8 0.9000 0.7713
6573.9 0.9000 0.7713
6574.0 0.9000 0.7713
6574.1 0.9000 0.7713
6574.2 0.9000 0.7713
6574.3 0.9000 0.7713
6574.4 0.9000 0.7713
6574.5 0.9000 0.7713
6574.6 0.9000 0.7713
6574.7 0.9000 0.7713
6574.8 0.9000 0.7713
6574.9 0.9000 0.7713
6575.0 0.9000 0.7713
6575.1 0.9000 0.7713
6575.2 0.9000 0.7713
6575.3 0.9000 0.7713
6575.4 0.9000 0.7713
6575.5 0.9000 0.7713
6575.6 0.9000 0.7713
6575.7 0.9000 0.7713
6575.8 0.9000 0.7713
6575.9 0.9000 0.7713
6576.0 0.9000 0.7713
6576.1 0.9000 0.7713
6576.2 0.9000 0.7713
6576.3 0.9000 0.7713
6576.4 0.9000 0.7712
6576.5 0.9000 0.7712
6576.6 0.9000 0.7712
6576.7 0.9000 0.7712
6576.8 0.9000 0.7712
6576.9 0.9000 0.7712
6577.0 0.9000 0.7712
6577.1 0.9000 0.7712
6577.2 0.9000 0.7712
6577.3 0.9000 0.7712
6577.4 0.9000 0.7712
6577.5 0.9000 0.7712
6577.6 0.9000 0.7712
6577.7 0.9000 0.7712
6577.8 0.9000 0.7712
6577.9 0.9000 0.7712
6578.0 0.9000 0.7712
6578.1 0.9000 0.7712
6578.2 0.9000 0.7712
6578.3 0.9000 0.7712
6578.4 0.9000 0.7712
6578.5 0.9000 0.7712
6578.6 0.9000 0.7712
6578.7 0.9000 0.7712
6578.8 0.9000 0.7712
6578.9 0.9000 0.7712
6579.0 0.9000 0.7712
6579.1 0.9000 0.7712
6579.2 0.9000 0.7711
6579.3 0.9000 0.7711
6579.4 0.9000 0.7711
6579.5 0.9000 0.7711
6579.6 0.9000 0.7711
6579.7 0.9000 0.7711
6579.8 0.9000 0.7711
6579.9 0.9000 0.7711
6580.0 0.9000 0.7711
6580.1 0.9000 0.7711
6580.2 0.9000 0.7711
6580.3 0.9000 0.7711
6580.4 0.9000 0.7711
6580.5 0.9000 0.7711
6580.6 0.9000 0.7711
6580.7 0.9000 0.7711
6580.8 0.9000 0.7711
6580.9 0.9000 0.7711
6581.0 0.9000 0.7711
6581.1 0.9000 0.7711
6581.2 0.9000 0.7711
6581.3 0.9000 0.7711
6581.4 0.9000 0.7711
6581.5 0.9000 0.7711
6581.6 0.9000 0.7711
6581.7 0.9000 0.7711
6581.8 0.9000 0.7711
6581.9 0.9000 0.7711
6582.0 0.9000 0.7710
6582.1 0.9000 0.7710
6582.2 0.9000 0.7710
6582.3 0.9000 0.7710
6582.4 0.9000 0.7710
6582.5 0.9000 0.7710
6582.6 0.9000 0.7710
6582.7 0.9000 0.7710
6582.8 0.9000 0.7710
6582.9 0.9000 0.7710
6583.0 0.9000 0.7710
6583.1 0.9000 0.7710
6583.2 0.9000 0.7710
6583.3 0.9000 0.7710
6583.4 0.9000 0.7710
6583.5 0.9000 0.7710
6583.6 0.9000 0.7710
6583.7 0.9000 0.7710
6583.8 0.9000 0.7710
6583.9 0.9000 0.7710
6584.0 0.9000 0.7710
6584.1 0.9000 0.7710
6584.2 0.9000 0.7710
6584.3 0.9000 0.7710
6584.4 0.9000 0.7710
6584.5 0.9000 0.7710
6584.6 0.9000 0.7710
6584.7 0.9000 0.7710
6584.8 0.9000 0.7709
6584.9 0.9000 0.7709
6585.0 0.9000 0.7709
6585.1 0.9000 0.7709
6585.2 0.9000 0.7709
6585.3 0.9000 0.7709
6585.4 0.9000 0.7709
6585.5 0.9000 0.7709
6585.6 0.9000 0.7709
6585.7 0.9000 0.7709
6585.8 0.9000 0.7709
6585.9 0.9000 0.7709
6586.0 0.9000 0.7709
6586.1 0.9000 0.7709
6586.2 0.9000 0.7709
6586.3 0.9000 0.7709
6586.4 0.9000 0.7709
6586.5 0.9000 0.7709
6586.6 0.9000 0.7709
6586.7 0.9000 0.7709
6586.8 0.9000 0.7709
6586.9 0.9000 0.7709
6587.0 0.9000 0.7709
6587.1 0.9000 0.7709
6587.2 0.9000 0.7709
6587.3 0.9000 0.7709
6587.4 0.9000 0.7709
6587.5 0.9000 0.7708
6587.6 0.9000 0.7708
6587.7 0.9000 0.7708
6587.8 0.9000 0.7708
6587.9 0.9000 0.7708
6588.0 0.9000 0.7708
6588.1 0.9000 0.7708
6588.2 0.9000 0.7708
6588.3 0.9000 0.7708
6588.4 0.9000 0.7708
6588.5 0.9000 0.7708
6588.6 0.9000 0.7708
6588.7 0.9000 0.7708
6588.8 0.9000 0.7708
6588.9 0.9000 0.7708
6589.0 0.9000 0.7708
6589.1 0.9000 0.7708
6589.2 0.9000 0.7708
6589.3 0.9000 0.7708
6589.4 0.9000 0.7708
6589.5 0.9000 0.7708
6589.6 0.9000 0.7708
6589.7 0.9000 0.7708
6589.8 0.9000 0.7708
6589.9 0.9000 0.7708
6590.0 0.9000 0.7708
6590.1 0.9000 0.7708
6590.2 0.9000 0.7708
6590.3 0.9000 0.7707
6590.4 0.9000 0.7707
6590.5 0.9000 0.7707
6590.6 0.9000 0.7707
6590.7 0.9000 0.7707
6590.8 0.9000 0.7707
6590.9 0.9000 0.7707
6591.0 0.9000 0.7707
6591.1 0.9000 0.7707
6591.2 0.9000 0.7707
6591.3 0.9000 0.7707
6591.4 0.9000 0.7707
6591.5 0.9000 0.7707
6591.6 0.9000 0.7707
6591.7 0.9000 0.7707
6591.8 0.9000 0.7707
6591.9 0.9000 0.7707
6592.0 0.9000 0.7707
6592.1 0.9000 0.7707
6592.2 0.9000 0.7707
6592.3 0.9000 0.7707
6592.4 0.9000 0.7707
6592.5 0.9000 0.7707
6592.6 0.9000 0.7707
6592.7 0.9000 0.7707
6592.8 0.9000 0.7707
6592.9 0.9000 0.7707
6593.0 0.9000 0.7707
6593.1 0.9000 0.7706
6593.2 0.9000 0.7706
6593.3 0.9000 0.7706
6593.4 0.9000 0.7706
6593.5 0.9000 0.7706
6593.6 0.9000 0.7706
6593.7 0.9000 0.7706
6593.8 0.9000 0.7706
6593.9 0.9000 0.7706
6594.0 0.9000 0.7706
6594.1 0.9000 0.7706
6594.2 0.9000 0.7706
6594.3 0.9000 0.7706
6594.4 0.9000 0.7706
6594.5 0.9000 0.7706
6594.6 0.9000 0.7706
6594.7 0.9000 0.7706
6594.8 0.9000 0.7706
6594.9 0.9000 0.7706
6595.0 0.9000 0.7706
6595.1 0.9000 0.7706
6595.2 0.9000 0.7706
6595.3 0.9000 0.7706
6595.4 0.9000 0.7706
6595.5 0.9000 0.7706
6595.6 0.9000 0.7706
6595.7 0.9000 0.7706
6595.8 0.9000 0.7706
6595.9 0.9000 0.7705
6596.0 0.9000 0.7705
6596.1 0.9000 0.7705
6596.2 0.9000 0.7705
6596.3 0.9000 0.7705
6596.4 0.9000 0.7705
6596.5 0.9000 0.7705
6596.6 0.9000 0.7705
6596.7 0.9000 0.7705
6596.8 0.9000 0.7705
6596.9 0.9000 0.7705
6597.0 0.9000 0.7705
6597.1 0.9000 0.7705
6597.2 0.9000 0.7705
6597.3 0.9000 0.7705
6597.4 0.9000 0.7705
6597.5 0.9000 0.7705
6597.6 0.9000 0.7705
6597.7 0.9000 0.7705
6597.8 0.9000 0.7705
6597.9 0.9000 0.7705
6598.0 0.9000 0.7705
6598.1 0.9000 0.7705
6598.2 0.9000 0.7705
6598.3 0.9000 0.7705
6598.4 0.9000 0.7705
6598.5 0.9000 0.7705
6598.6 0.9000 0.7705
6598.7 0.9000 0.7704
6598.8 0.9000 0.7704
6598.9 0.9000 0.7704
6599.0 0.9000 0.7704
6599.1 0.9000 0.7704
6599.2 0.9000 0.7704
6599.3 0.9000 0.7704
6599.4 0.9000 0.7704
6599.5 0.9000 0.7704
6599.6 0.9000 0.7704
6599.7 0.9000 0.7704
6599.8 0.9000 0.7704
6599.9 0.9000 0.7704
6600.0 0.9000 0.7704
6600.1 0.9000 0.7704
6600.2 0.9000 0.7704
6600.3 0.9000 0.7704
6600.4 0.9000 0.7704
6600.5 0.9000 0.7704
6600.6 0.9000 0.7704
6600.7 0.9000 0.7704
6600.8 0.9000 0.7704
6600.9 0.9000 0.7704
6601.0 0.9000 0.7704
6601.1 0.9000 0.7704
6601.2 0.9000 0.7704
6601.3 0.9000 0.7704
6601.4 0.9000 0.7703
6601.5 0.9000 0.7703
6601.6 0.9000 0.7703
6601.7 0.9000 0.7703
6601.8 0.9000 0.7703
6601.9 0.9000 0.7703
6602.0 0.9000 0.7703
6602.1 0.9000 0.7703
6602.2 0.9000 0.7703
6602.3 0.9000 0.7703
6602.4 0.9000 0.7703
6602.5 0.9000 0.7703
6602.6 0.9000 0.7703
6602.7 0.9000 0.7703
6602.8 0.9000 0.7703
6602.9 0.9000 0.7703
6603.0 0.9000 0.7703
6603.1 0.9000 0.7703
6603.2 0.9000 0.7703
6603.3 0.9000 0.7703
6603.4 0.9000 0.7703
6603.5 0.9000 0.7703
6603.6 0.9000 0.7703
6603.7 0.9000 0.7703
6603.8 0.9000 0.7703
6603.9 0.9000 0.7703
6604.0 0.9000 0.7703
6604.1 0.9000 0.7703
6604.2 0.9000 0.7702
6604.3 0.9000 0.7702
6604.4 0.9000 0.7702
6604.5 0.9000 0.7702
6604.6 0.9000 0.7702
6604.7 0.9000 0.7702
6604.8 0.9000 0.7702
6604.9 0.9000 0.7702
6605.0 0.9000 0.7702
6605.1 0.9000 0.7702
6605.2 0.9000 0.7702
6605.3 0.9000 0.7702
6605.4 0.9000 0.7702
6605.5 0.9000 0.7702
6605.6 0.9000 0.7702
6605.7 0.9000 0.7702
6605.8 0.9000 0.7702
6605.9 0.9000 0.7702
6606.0 0.9000 0.7702
6606.1 0.9000 0.7702
6606.2 0.9000 0.7702
6606.3 0.9000 0.7702
6606.4 0.9000 0.7702
6606.5 0.9000 0.7702
6606.6 0.9000 0.7702
6606.7 0.9000 0.7702
6606.8 0.9000 0.7702
6606.9 0.9000 0.7702
6607.0 0.9000 0.7701
6607.1 0.9000 0.7701
6607.2 0.9000 0.7701
6607.3 0.9000 0.7701
6607.4 0.9000 0.7701
6607.5 0.9000 0.7701
6607.6 0.9000 0.7701
6607.7 0.9000 0.7701
6607.8 0.9000 0.7701
6607.9 0.9000 0.7701
6608.0 0.9000 0.7701
6608.1 0.9000 0.7701
6608.2 0.9000 0.7701
6608.3 0.9000 0.7701
6608.4 0.9000 0.7701
6608.5 0.9000 0.7701
6608.6 0.9000 0.7701
6608.7 0.9000 0.7701
6608.8 0.9000 0.7701
6608.9 0.9000 0.7701
6609.0 0.9000 0.7701
6609.1 0.9000 0.7701
6609.2 0.9000 0.7701
6609.3 0.9000 0.7701
6609.4 0.9000 0.7701
6609.5 0.9000 0.7701
6609.6 0.9000 0.7701
6609.7 0.9000 0.7701
6609.8 0.9000 0.7700
6609.9 0.9000 0.7700
6610.0 0.9000 0.7700
6610.1 0.9000 0.7700
6610.2 0.9000 0.7700
6610.3 0.9000 0.7700
6610.4 0.9000 0.7700
6610.5 0.9000 0.7700
6610.6 0.9000 0.7700
6610.7 0.9000 0.7700
6610.8 0.9000 0.7700
6610.9 0.9000 0.7700
6611.0 0.9000 0.7700
6611.1 0.9000 0.7700
6611.2 0.9000 0.7700
6611.3 0.9000 0.7700
6611.4 0.9000 0.7700
6611.5 0.9000 0.7700
6611.6 0.9000 0.7700
6611.7 0.9000 0.7700
6611.8 0.9000 0.7700
6611.9 0.9000 0.7700
6612.0 0.9000 0.7700
6612.1 0.9000 0.7700
6612.2 0.9000 0.7700
6612.3 0.9000 0.7700
6612.4 0.9000 0.7700
6612.5 0.9000 0.7699
6612.6 0.9000 0.7699
6612.7 0.9000 0.7699
6612.8 0.9000 0.7699
6612.9 0.9000 0.7699
6613.0 0.9000 0.7699
6613.1 0.9000 0.7699
6613.2 0.9000 0.7699
6613.3 0.9000 0.7699
6613.4 0.9000 0.7699
6613.5 0.9000 0.7699
6613.6 0.9000 0.7699
6613.7 0.9000 0.7699
6613.8 0.9000 0.7699
6613.9 0.9000 0.7699
6614.0 0.9000 0.7699
6614.1 0.9000 0.7699
6614.2 0.9000 0.7699
6614.3 0.9000 0.7699
6614.4 0.9000 0.7699
6614.5 0.9000 0.7699
6614.6 0.9000 0.7699
6614.7 0.9000 0.7699
6614.8 0.9000 0.7699
6614.9 0.9000 0.7699
6615.0 0.9000 0.7699
6615.1 0.9000 0.7699
6615.2 0.9000 0.7699
6615.3 0.9000 0.7698
6615.4 0.9000 0.7698
6615.5 0.9000 0.7698
6615.6 0.9000 0.7698
6615.7 0.9000 0.7698
6615.8 0.9000 0.7698
6615.9 0.9000 0.7698
6616.0 0.9000 0.7698
6616.1 0.9000 0.7698
6616.2 0.9000 0.7698
6616.3 0.9000 0.7698
6616.4 0.9000 0.7698
6616.5 0.9000 0.7698
6616.6 0.9000 0.7698
6616.7 0.9000 0.7698
6616.8 0.9000 0.7698
6616.9 0.9000 0.7698
6617.0 0.9000 0.7698
6617.1 0.9000 0.7698
6617.2 0.9000 0.7698
6617.3 0.9000 0.7698
6617.4 0.9000 0.7698
6617.5 0.9000 0.7698
6617.6 0.9000 0.7698
6617.7 0.9000 0.7698
6617.8 0.9000 0.7698
6617.9 0.9000 0.7698
6618.0 0.9000 0.7698
6618.1 0.9000 0.7697
6618.2 0.9000 0.7697
6618.3 0.9000 0.7697
6618.4 0.9000 0.7697
6618.5 0.9000 0.7697
6618.6 0.9000 0.7697
6618.7 0.9000 0.7697
6618.8 0.9000 0.7697
6618.9 0.9000 0.7697
6619.0 0.9000 0.7697
6619.1 0.9000 0.7697
6619.2 0.9000 0.7697
6619.3 0.9000 0.7697
6619.4 0.9000 0.7697
6619.5 0.9000 0.7697
6619.6 0.9000 0.7697
6619.7 0.9000 0.7697
6619.8 0.9000 0.7697
6619.9 0.9000 0.7697
6620.0 0.9000 0.7697
6620.1 0.9000 0.7697
6620.2 0.9000 0.7697
6620.3 0.9000 0.7697
6620.4 0.9000 0.7697
6620.5 0.9000 0.7697
6620.6 0.9000 0.7697
6620.7 0.9000 0.7697
6620.8 0.9000 0.7697
6620.9 0.9000 0.7696
6621.0 0.9000 0.7696
6621.1 0.9000 0.7696
6621.2 0.9000 0.7696
6621.3 0.9000 0.7696
6621.4 0.9000 0.7696
6621.5 0.9000 0.7696
6621.6 0.9000 0.7696
6621.7 0.9000 0.7696
6621.8 0.9000 0.7696
6621.9 0.9000 0.7696
6622.0 0.9000 0.7696
6622.1 0.9000 0.7696
6622.2 0.9000 0.7696
6622.3 0.9000 0.7696
6622.4 0.9000 0.7696
6622.5 0.9000 0.7696
6622.6 0.9000 0.7696
6622.7 0.9000 0.7696
6622.8 0.9000 0.7696
6622.9 0.9000 0.7696
6623.0 0.9000 0.7696
6623.1 0.9000 0.7696
6623.2 0.9000 0.7696
6623.3 0.9000 0.7696
6623.4 0.9000 0.7696
6623.5 0.9000 0.7696
6623.6 0.9000 0.7696
6623.7 0.9000 0.7695
6623.8 0.9000 0.7695
6623.9 0.9000 0.7695
6624.0 0.9000 0.7695
6624.1 0.9000 0.7695
6624.2 0.9000 0.7695
6624.3 0.9000 0.7695
6624.4 0.9000 0.7695
6624.5 0.9000 0.7695
6624.6 0.9000 0.7695
6624.7 0.9000 0.7695
6624.8 0.9000 0.7695
6624.9 0.9000 0.7695
6625.0 0.9000 0.7695
6625.1 0.9000 0.7695
6625.2 0.9000 0.7695
6625.3 0.9000 0.7695
6625.4 0.9000 0.7695
6625.5 0.9000 0.7695
6625.6 0.9000 0.7695
6625.7 0.9000 0.7695
6625.8 0.9000 0.7695
6625.9 0.9000 0.7695
6626.0 0.9000 0.7695
6626.1 0.9000 0.7695
6626.2 0.9000 0.7695
6626.3 0.9000 0.7695
6626.4 0.9000 0.7694
6626.5 0.9000 0.7694
6626.6 0.9000 0.7694
6626.7 0.9000 0.7694
6626.8 0.9000 0.7694
6626.9 0.9000 0.7694
6627.0 0.9000 0.7694
6627.1 0.9000 0.7694
6627.2 0.9000 0.7694
6627.3 0.9000 0.7694
6627.4 0.9000 0.7694
6627.5 0.9000 0.7694
6627.6 0.9000 0.7694
6627.7 0.9000 0.7694
6627.8 0.9000 0.7694
6627.9 0.9000 0.7694
6628.0 0.9000 0.7694
6628.1 0.9000 0.7694
6628.2 0.9000 0.7694
6628.3 0.9000 0.7694
6628.4 0.9000 0.7694
6628.5 0.9000 0.7694
6628.6 0.9000 0.7694
6628.7 0.9000 0.7694
6628.8 0.9000 0.7694
6628.9 0.9000 0.7694
6629.0 0.9000 0.7694
6629.1 0.9000 0.7694
6629.2 0.9000 0.7693
6629.3 0.9000 0.7693
6629.4 0.9000 0.7693
6629.5 0.9000 0.7693
6629.6 0.9000 0.7693
6629.7 0.9000 0.7693
6629.8 0.9000 0.7693
6629.9 0.9000 0.7693
6630.0 0.9000 0.7693
6630.1 0.9000 0.7693
6630.2 0.9000 0.7693
6630.3 0.9000 0.7693
6630.4 0.9000 0.7693
6630.5 0.9000 0.7693
6630.6 0.9000 0.7693
6630.7 0.9000 0.7693
6630.8 0.9000 0.7693
6630.9 0.9000 0.7693
6631.0 0.9000 0.7693
6631.1 0.9000 0.7693
6631.2 0.9000 0.7693
6631.3 0.9000 0.7693
6631.4 0.9000 0.7693
6631.5 0.9000 0.7693
6631.6 0.9000 0.7693
6631.7 0.9000 0.7693
6631.8 0.9000 0.7693
6631.9 0.9000 0.7693
6632.0 0.9000 0.7692
6632.1 0.9000 0.7692
6632.2 0.9000 0.7692
6632.3 0.9000 0.7692
6632.4 0.9000 0.7692
6632.5 0.9000 0.7692
6632.6 0.9000 0.7692
6632.7 0.9000 0.7692
6632.8 0.9000 0.7692
6632.9 0.9000 0.7692
6633.0 0.9000 0.7692
6633.1 0.9000 0.7692
6633.2 0.9000 0.7692
6633.3 0.9000 0.7692
6633.4 0.9000 0.7692
6633.5 0.9000 0.7692
6633.6 0.9000 0.7692
6633.7 0.9000 0.7692
6633.8 0.9000 0.7692
6633.9 0.9000 0.7692
6634.0 0.9000 0.7692
6634.1 0.9000 0.7692
6634.2 0.9000 0.7692
6634.3 0.9000 0.7692
6634.4 0.9000 0.7692
6634.5 0.9000 0.7692
6634.6 0.9000 0.7692
6634.7 0.9000 0.7692
6634.8 0.9000 0.7691
6634.9 0.9000 0.7691
6635.0 0.9000 0.7691
6635.1 0.9000 0.7691
6635.2 0.9000 0.7691
6635.3 0.9000 0.7691
6635.4 0.9000 0.7691
6635.5 0.9000 0.7691
6635.6 0.9000 0.7691
6635.7 0.9000 0.7691
6635.8 0.9000 0.7691
6635.9 0.9000 0.7691
6636.0 0.9000 0.7691
6636.1 0.9000 0.7691
6636.2 0.9000 0.7691
6636.3 0.9000 0.7691
6636.4 0.9000 0.7691
6636.5 0.9000 0.7691
6636.6 0.9000 0.7691
6636.7 0.9000 0.7691
6636.8 0.9000 0.7691
6636.9 0.9000 0.7691
6637.0 0.9000 0.7691
6637.1 0.9000 0.7691
6637.2 0.9000 0.7691
6637.3 0.9000 0.7691
6637.4 0.9000 0.7691
6637.5 0.9000 0.7690
6637.6 0.9000 0.7690
6637.7 0.9000 0.7690
6637.8 0.9000 0.7690
6637.9 0.9000 0.7690
6638.0 0.9000 0.7690
6638.1 0.9000 0.7690
6638.2 0.9000 0.7690
6638.3 0.9000 0.7690
6638.4 0.9000 0.7690
6638.5 0.9000 0.7690
6638.6 0.9000 0.7690
6638.7 0.9000 0.7690
6638.8 0.9000 0.7690
6638.9 0.9000 0.7690
6639.0 0.9000 0.7690
6639.1 0.9000 0.7690
6639.2 0.9000 0.7690
6639.3 0.9000 0.7690
6639.4 0.9000 0.7690
6639.5 0.9000 0.7690
6639.6 0.9000 0.7690
6639.7 0.9000 0.7690
6639.8 0.9000 0.7690
6639.9 0.9000 0.7690
6640.0 0.9000 0.7690
6640.1 0.9000 0.7690
6640.2 0.9000 0.7690
6640.3 0.9000 0.7689
6640.4 0.9000 0.7689
6640.5 0.9000 0.7689
6640.6 0.9000 0.7689
6640.7 0.9000 0.7689
6640.8 0.9000 0.7689
6640.9 0.9000 0.7689
6641.0 0.9000 0.7689
6641.1 0.9000 0.7689
6641.2 0.9000 0.7689
6641.3 0.9000 0.7689
6641.4 0.9000 0.7689
6641.5 0.9000 0.7689
6641.6 0.9000 0.7689
6641.7 0.9000 0.7689
6641.8 0.9000 0.7689
6641.9 0.9000 0.7689
6642.0 0.9000 0.7689
6642.1 0.9000 0.7689
6642.2 0.9000 0.7689
6642.3 0.9000 0.7689
6642.4 0.9000 0.7689
6642.5 0.9000 0.7689
6642.6 0.9000 0.7689
6642.7 0.9000 0.7689
6642.8 0.9000 0.7689
6642.9 0.9000 0.7689
6643.0 0.9000 0.7689
6643.1 0.9000 0.7688
6643.2 0.9000 0.7688
6643.3 0.9000 0.7688
6643.4 0.9000 0.7688
6643.5 0.9000 0.7688
6643.6 0.9000 0.7688
6643.7 0.9000 0.7688
6643.8 0.9000 0.7688
6643.9 0.9000 0.7688
6644.0 0.9000 0.7688
6644.1 0.9000 0.7688
6644.2 0.9000 0.7688
6644.3 0.9000 0.7688
6644.4 0.9000 0.7688
6644.5 0.9000 0.7688
6644.6 0.9000 0.7688
6644.7 0.9000 0.7688
6644.8 0.9000 0.7688
6644.9 0.9000 0.7688
6645.0 0.9000 0.7688
6645.1 0.9000 0.7688
6645.2 0.9000 0.7688
6645.3 0.9000 0.7688
6645.4 0.9000 0.7688
6645.5 0.9000 0.7688
6645.6 0.9000 0.7688
6645.7 0.9000 0.7688
6645.8 0.9000 0.7688
6645.9 0.9000 0.7687
6646.0 0.9000 0.7687
6646.1 0.9000 0.7687
6646.2 0.9000 0.7687
6646.3 0.9000 0.7687
6646.4 0.9000 0.7687
6646.5 0.9000 0.7687
6646.6 0.9000 0.7687
6646.7 0.9000 0.7687
6646.8 0.9000 0.7687
6646.9 0.9000 0.7687
6647.0 0.9000 0.7687
6647.1 0.9000 0.7687
6647.2 0.9000 0.7687
6647.3 0.9000 0.7687
6647.4 0.9000 0.7687
6647.5 0.9000 0.7687
6647.6 0.9000 0.7687
6647.7 0.9000 0.7687
6647.8 0.9000 0.7687
6647.9 0.9000 0.7687
6648.0 0.9000 0.7687
6648.1 0.9000 0.7687
6648.2 0.9000 0.7687
6648.3 0.9000 0.7687
6648.4 0.9000 0.7687
6648.5 0.9000 0.7687
6648.6 0.9000 0.7687
6648.7 0.9000 0.7686
6648.8 0.9000 0.7686
6648.9 0.9000 0.7686
6649.0 0.9000 0.7686
6649.1 0.9000 0.7686
6649.2 0.9000 0.7686
6649.3 0.9000 0.7686
6649.4 0.9000 0.7686
6649.5 0.9000 0.7686
6649.6 0.9000 0.7686
6649.7 0.9000 0.7686
6649.8 0.9000 0.7686
6649.9 0.9000 0.7686
6650.0 0.9000 0.7686
6650.1 0.8964 0.7655
6650.2 0.8928 0.7624
6650.3 0.8892 0.7594
6650.4 0.8856 0.7563
6650.5 0.8820 0.7532
6650.6 0.8784 0.7501
6650.7 0.8748 0.7471
6650.8 0.8712 0.7440
6650.9 0.8676 0.7409
6651.0 0.8640 0.7378
6651.1 0.8604 0.7347
6651.2 0.8568 0.7317
6651.3 0.8532 0.7286
6651.4 0.8496 0.7255
6651.5 0.8460 0.7224
6651.6 0.8424 0.7194
6651.7 0.8388 0.7163
6651.8 0.8352 0.7132
6651.9 0.8316 0.7101
6652.0 0.8280 0.7070
6652.1 0.8244 0.7040
6652.2 0.8208 0.7009
6652.3 0.8172 0.6978
6652.4 0.8136 0.6947
6652.5 0.8100 0.6917
6652.6 0.8064 0.6886
6652.7 0.8028 0.6855
6652.8 0.7992 0.6824
6652.9 0.7956 0.6794
6653.0 0.7920 0.6763
6653.1 0.7884 0.6732
6653.2 0.7848 0.6701
6653.3 0.7812 0.6670
6653.4 0.7776 0.6640
6653.5 0.7740 0.6609
6653.6 0.7704 0.6578
6653.7 0.7668 0.6547
6653.8 0.7632 0.6517
6653.9 0.7596 0.6486
6654.0 0.7560 0.6455
6654.1 0.7524 0.6424
6654.2 0.7488 0.6393
6654.3 0.7452 0.6363
6654.4 0.7416 0.6332
6654.5 0.7380 0.6301
6654.6 0.7344 0.6270
6654.7 0.7308 0.6240
6654.8 0.7272 0.6209
6654.9 0.7236 0.6178
6655.0 0.7200 0.6147
6655.1 0.7164 0.6117
6655.2 0.7128 0.6086
6655.3 0.7092 0.6055
6655.4 0.7056 0.6024
6655.5 0.7020 0.5994
6655.6 0.6984 0.5963
6655.7 0.6948 0.5932
6655.8 0.6912 0.5901
6655.9 0.6876 0.5870
6656.0 0.6840 0.5840
6656.1 0.6804 0.5809
6656.2 0.6768 0.5778
6656.3 0.6732 0.5747
6656.4 0.6696 0.5717
6656.5 0.6660 0.5686
6656.6 0.6624 0.5655
6656.7 0.6588 0.5624
6656.8 0.6552 0.5594
6656.9 0.6516 0.5563
6657.0 0.6480 0.5532
6657.1 0.6444 0.5501
6657.2 0.6408 0.5471
6657.3 0.6372 0.5440
6657.4 0.6336 0.5409
6657.5 0.6300 0.5378
6657.6 0.6264 0.5348
6657.7 0.6228 0.5317
6657.8 0.6192 0.5286
6657.9 0.6156 0.5255
6658.0 0.6120 0.5225
6658.1 0.6084 0.5194
6658.2 0.6048 0.5163
6658.3 0.6012 0.5132
6658.4 0.5976 0.5101
6658.5 0.5940 0.5071
6658.6 0.5904 0.5040
6658.7 0.5868 0.5009
6658.8 0.5832 0.4978
6658.9 0.5796 0.4948
6659.0 0.5760 0.4917
6659.1 0.5724 0.4886
6659.2 0.5688 0.4855
6659.3 0.5652 0.4825
6659.4 0.5616 0.4794
6659.5 0.5580 0.4763
6659.6 0.5544 0.4732
6659.7 0.5508 0.4702
6659.8 0.5472 0.4671
6659.9 0.5436 0.4640
6660.0 0.5400 0.4609
6660.1 0.5364 0.4579
6660.2 0.5328 0.4548
6660.3 0.5292 0.4517
6660.4 0.5256 0.4486
6660.5 0.5220 0.4456
6660.6 0.5184 0.4425
6660.7 0.5148 0.4394
6660.8 0.5112 0.4363
6660.9 0.5076 0.4333
6661.0 0.5040 0.4302
6661.1 0.5004 0.4271
6661.2 0.4968 0.4240
6661.3 0.4932 0.4210
6661.4 0.4896 0.4179
6661.5 0.4860 0.4148
6661.6 0.4824 0.4117
6661.7 0.4788 0.4087
6661.8 0.4752 0.4056
6661.9 0.4716 0.4025
6662.0 0.4680 0.3994
6662.1 0.4644 0.3964
6662.2 0.4608 0.3933
6662.3 0.4572 0.3902
6662.4 0.4536 0.3871
6662.5 0.4500 0.3841
6662.6 0.4464 0.3810
6662.7 0.4428 0.3779
6662.8 0.4392 0.3749
6662.9 0.4356 0.3718
6663.0 0.4320 0.3687
6663.1 0.4284 0.3656
6663.2 0.4248 0.3626
6663.3 0.4212 0.3595
6663.4 0.4176 0.3564
6663.5 0.4140 0.3533
6663.6 0.4104 0.3503
6663.7 0.4068 0.3472
6663.8 0.4032 0.3441
6663.9 0.3996 0.3410
6664.0 0.3960 0.3380
6664.1 0.3924 0.3349
6664.2 0.3888 0.3318
6664.3 0.3852 0.3287
6664.4 0.3816 0.3257
6664.5 0.3780 0.3226
6664.6 0.3744 0.3195
6664.7 0.3708 0.3164
6664.8 0.3672 0.3134
6664.9 0.3636 0.3103
6665.0 0.3600 0.3072
6665.1 0.3564 0.3042
6665.2 0.3528 0.3011
6665.3 0.3492 0.2980
6665.4 0.3456 0.2949
6665.5 0.3420 0.2919
6665.6 0.3384 0.2888
6665.7 0.3348 0.2857
6665.8 0.3312 0.2826
6665.9 0.3276 0.2796
6666.0 0.3240 0.2765
6666.1 0.3204 0.2734
6666.2 0.3168 0.2703
6666.3 0.3132 0.2673
6666.4 0.3096 0.2642
6666.5 0.3060 0.2611
6666.6 0.3024 0.2580
6666.7 0.2988 0.2550
6666.8 0.2952 0.2519
6666.9 0.2916 0.2488
6667.0 0.2880 0.2458
6667.1 0.2844 0.2427
6667.2 0.2808 0.2396
6667.3 0.2772 0.2365
6667.4 0.2736 0.2335
6667.5 0.2700 0.2304
6667.6 0.2664 0.2273
6667.7 0.2628 0.2242
6667.8 0.2592 0.2212
6667.9 0.2556 0.2181
6668.0 0.2520 0.2150
6668.1 0.2484 0.2120
6668.2 0.2448 0.2089
6668.3 0.2412 0.2058
6668.4 0.2376 0.2027
6668.5 0.2340 0.1997
6668.6 0.2304 0.1966
6668.7 0.2268 0.1935
6668.8 0.2232 0.1904
6668.9 0.2196 0.1874
6669.0 0.2160 0.1843
6669.1 0.2124 0.1812
6669.2 0.2088 0.1782
6669.3 0.2052 0.1751
6669.4 0.2016 0.1720
6669.5 0.1980 0.1689
6669.6 0.1944 0.1659
6669.7 0.1908 0.1628
6669.8 0.1872 0.1597
6669.9 0.1836 0.1566
6670.0 0.1800 0.1536
6670.1 0.1764 0.1505
6670.2 0.1728 0.1474
6670.3 0.1692 0.1444
6670.4 0.1656 0.1413
6670.5 0.1620 0.1382
6670.6 0.1584 0.1351
6670.7 0.1548 0.1321
6670.8 0.1512 0.1290
6670.9 0.1476 0.1259
6671.0 0.1440 0.1229
6671.1 0.1404 0.1198
6671.2 0.1368 0.1167
6671.3 0.1332 0.1136
6671.4 0.1296 0.1106
6671.5 0.1260 0.1075
6671.6 0.1224 0.1044
6671.7 0.1188 0.1014
6671.8 0.1152 0.0983
6671.9 0.1116 0.0952
6672.0 0.1080 0.0921
6672.1 0.1044 0.0891
6672.2 0.1008 0.0860
6672.3 0.0972 0.0829
6672.4 0.0936 0.0799
6672.5 0.0900 0.0768
6672.6 0.0864 0.0737
6672.7 0.0828 0.0706
6672.8 0.0792 0.0676
6672.9 0.0756 0.0645
6673.0 0.0720 0.0614
6673.1 0.0684 0.0584
6673.2 0.0648 0.0553
6673.3 0.0612 0.0522
6673.4 0.0576 0.0491
6673.5 0.0540 0.0461
6673.6 0.0504 0.0430
6673.7 0.0468 0.0399
6673.8 0.0432 0.0369
6673.9 0.0396 0.0338
6674.0 0.0360 0.0307
6674.1 0.0324 0.0276
6674.2 0.0288 0.0246
6674.3 0.0252 0.0215
6674.4 0.0216 0.0184
6674.5 0.0180 0.0154
6674.6 0.0144 0.0123
6674.7 0.0108 0.0092
6674.8 0.0072 0.0061
6674.9 0.0036 0.0031
6675.0 0.0000 0.0000
6675.1 0.0000 0.0000
6675.2 0.0000 0.0000
6675.3 0.0000 0.0000
6675.4 0.0000 0.0000
6675.5 0.0000 0.0000
6675.6 0.0000 0.0000
6675.7 0.0000 0.0000
6675.8 0.0000 0.0000
