# Theoretical transmission filter for J-PLUS filter F861
# Date of creation: 2013-01-17
# Author: J. Varela
# 
# Requirements:
#    Central wavelength (Angstroms): 8610
#    W1 (Angstroms): 360
#    FWHM (Angstroms): 400
#    Transmission peak: 0.90
#
# Columns description:
#    wl: Wavelength in Angstroms
#    T: Transmission
#    T+CCD: Transmission Filter+CCD
#
# wl   T  T+CCD
8389.0 0.0000 0.0000
8389.1 0.0000 0.0000
8389.2 0.0000 0.0000
8389.3 0.0000 0.0000
8389.4 0.0000 0.0000
8389.5 0.0000 0.0000
8389.6 0.0000 0.0000
8389.7 0.0000 0.0000
8389.8 0.0000 0.0000
8389.9 0.0000 0.0000
8390.0 0.0000 0.0000
8390.1 0.0023 0.0014
8390.2 0.0045 0.0029
8390.3 0.0068 0.0043
8390.4 0.0090 0.0057
8390.5 0.0113 0.0072
8390.6 0.0135 0.0086
8390.7 0.0158 0.0100
8390.8 0.0180 0.0115
8390.9 0.0203 0.0129
8391.0 0.0225 0.0143
8391.1 0.0248 0.0157
8391.2 0.0270 0.0172
8391.3 0.0293 0.0186
8391.4 0.0315 0.0200
8391.5 0.0338 0.0215
8391.6 0.0360 0.0229
8391.7 0.0383 0.0243
8391.8 0.0405 0.0258
8391.9 0.0428 0.0272
8392.0 0.0450 0.0286
8392.1 0.0473 0.0300
8392.2 0.0495 0.0315
8392.3 0.0518 0.0329
8392.4 0.0540 0.0343
8392.5 0.0563 0.0358
8392.6 0.0585 0.0372
8392.7 0.0608 0.0386
8392.8 0.0630 0.0401
8392.9 0.0653 0.0415
8393.0 0.0675 0.0429
8393.1 0.0698 0.0443
8393.2 0.0720 0.0458
8393.3 0.0743 0.0472
8393.4 0.0765 0.0486
8393.5 0.0788 0.0501
8393.6 0.0810 0.0515
8393.7 0.0833 0.0529
8393.8 0.0855 0.0543
8393.9 0.0878 0.0558
8394.0 0.0900 0.0572
8394.1 0.0923 0.0586
8394.2 0.0945 0.0600
8394.3 0.0968 0.0615
8394.4 0.0990 0.0629
8394.5 0.1013 0.0643
8394.6 0.1035 0.0658
8394.7 0.1058 0.0672
8394.8 0.1080 0.0686
8394.9 0.1103 0.0700
8395.0 0.1125 0.0715
8395.1 0.1148 0.0729
8395.2 0.1170 0.0743
8395.3 0.1193 0.0757
8395.4 0.1215 0.0772
8395.5 0.1238 0.0786
8395.6 0.1260 0.0800
8395.7 0.1283 0.0814
8395.8 0.1305 0.0829
8395.9 0.1328 0.0843
8396.0 0.1350 0.0857
8396.1 0.1373 0.0871
8396.2 0.1395 0.0886
8396.3 0.1418 0.0900
8396.4 0.1440 0.0914
8396.5 0.1463 0.0928
8396.6 0.1485 0.0943
8396.7 0.1508 0.0957
8396.8 0.1530 0.0971
8396.9 0.1553 0.0985
8397.0 0.1575 0.1000
8397.1 0.1598 0.1014
8397.2 0.1620 0.1028
8397.3 0.1643 0.1042
8397.4 0.1665 0.1057
8397.5 0.1688 0.1071
8397.6 0.1710 0.1085
8397.7 0.1733 0.1099
8397.8 0.1755 0.1114
8397.9 0.1778 0.1128
8398.0 0.1800 0.1142
8398.1 0.1823 0.1156
8398.2 0.1845 0.1171
8398.3 0.1868 0.1185
8398.4 0.1890 0.1199
8398.5 0.1913 0.1213
8398.6 0.1935 0.1227
8398.7 0.1958 0.1242
8398.8 0.1980 0.1256
8398.9 0.2003 0.1270
8399.0 0.2025 0.1284
8399.1 0.2048 0.1299
8399.2 0.2070 0.1313
8399.3 0.2093 0.1327
8399.4 0.2115 0.1341
8399.5 0.2138 0.1355
8399.6 0.2160 0.1370
8399.7 0.2183 0.1384
8399.8 0.2205 0.1398
8399.9 0.2228 0.1412
8400.0 0.2250 0.1427
8400.1 0.2273 0.1441
8400.2 0.2295 0.1455
8400.3 0.2318 0.1469
8400.4 0.2340 0.1483
8400.5 0.2363 0.1498
8400.6 0.2385 0.1512
8400.7 0.2408 0.1526
8400.8 0.2430 0.1540
8400.9 0.2453 0.1554
8401.0 0.2475 0.1569
8401.1 0.2498 0.1583
8401.2 0.2520 0.1597
8401.3 0.2543 0.1611
8401.4 0.2565 0.1625
8401.5 0.2588 0.1640
8401.6 0.2610 0.1654
8401.7 0.2633 0.1668
8401.8 0.2655 0.1682
8401.9 0.2678 0.1696
8402.0 0.2700 0.1711
8402.1 0.2723 0.1725
8402.2 0.2745 0.1739
8402.3 0.2768 0.1753
8402.4 0.2790 0.1767
8402.5 0.2813 0.1781
8402.6 0.2835 0.1796
8402.7 0.2858 0.1810
8402.8 0.2880 0.1824
8402.9 0.2903 0.1838
8403.0 0.2925 0.1852
8403.1 0.2948 0.1867
8403.2 0.2970 0.1881
8403.3 0.2993 0.1895
8403.4 0.3015 0.1909
8403.5 0.3038 0.1923
8403.6 0.3060 0.1937
8403.7 0.3083 0.1952
8403.8 0.3105 0.1966
8403.9 0.3128 0.1980
8404.0 0.3150 0.1994
8404.1 0.3173 0.2008
8404.2 0.3195 0.2022
8404.3 0.3218 0.2037
8404.4 0.3240 0.2051
8404.5 0.3263 0.2065
8404.6 0.3285 0.2079
8404.7 0.3308 0.2093
8404.8 0.3330 0.2107
8404.9 0.3353 0.2122
8405.0 0.3375 0.2136
8405.1 0.3398 0.2150
8405.2 0.3420 0.2164
8405.3 0.3443 0.2178
8405.4 0.3465 0.2192
8405.5 0.3488 0.2206
8405.6 0.3510 0.2221
8405.7 0.3533 0.2235
8405.8 0.3555 0.2249
8405.9 0.3578 0.2263
8406.0 0.3600 0.2277
8406.1 0.3623 0.2291
8406.2 0.3645 0.2306
8406.3 0.3668 0.2320
8406.4 0.3690 0.2334
8406.5 0.3713 0.2348
8406.6 0.3735 0.2362
8406.7 0.3758 0.2376
8406.8 0.3780 0.2390
8406.9 0.3803 0.2404
8407.0 0.3825 0.2419
8407.1 0.3848 0.2433
8407.2 0.3870 0.2447
8407.3 0.3893 0.2461
8407.4 0.3915 0.2475
8407.5 0.3938 0.2489
8407.6 0.3960 0.2503
8407.7 0.3983 0.2518
8407.8 0.4005 0.2532
8407.9 0.4028 0.2546
8408.0 0.4050 0.2560
8408.1 0.4073 0.2574
8408.2 0.4095 0.2588
8408.3 0.4118 0.2602
8408.4 0.4140 0.2616
8408.5 0.4163 0.2631
8408.6 0.4185 0.2645
8408.7 0.4208 0.2659
8408.8 0.4230 0.2673
8408.9 0.4253 0.2687
8409.0 0.4275 0.2701
8409.1 0.4298 0.2715
8409.2 0.4320 0.2729
8409.3 0.4343 0.2743
8409.4 0.4365 0.2758
8409.5 0.4388 0.2772
8409.6 0.4410 0.2786
8409.7 0.4433 0.2800
8409.8 0.4455 0.2814
8409.9 0.4478 0.2828
8410.0 0.4500 0.2842
8410.1 0.4523 0.2856
8410.2 0.4545 0.2870
8410.3 0.4568 0.2885
8410.4 0.4590 0.2899
8410.5 0.4613 0.2913
8410.6 0.4635 0.2927
8410.7 0.4658 0.2941
8410.8 0.4680 0.2955
8410.9 0.4703 0.2969
8411.0 0.4725 0.2983
8411.1 0.4748 0.2997
8411.2 0.4770 0.3011
8411.3 0.4793 0.3025
8411.4 0.4815 0.3040
8411.5 0.4838 0.3054
8411.6 0.4860 0.3068
8411.7 0.4883 0.3082
8411.8 0.4905 0.3096
8411.9 0.4928 0.3110
8412.0 0.4950 0.3124
8412.1 0.4973 0.3138
8412.2 0.4995 0.3152
8412.3 0.5018 0.3166
8412.4 0.5040 0.3180
8412.5 0.5063 0.3194
8412.6 0.5085 0.3209
8412.7 0.5108 0.3223
8412.8 0.5130 0.3237
8412.9 0.5153 0.3251
8413.0 0.5175 0.3265
8413.1 0.5198 0.3279
8413.2 0.5220 0.3293
8413.3 0.5243 0.3307
8413.4 0.5265 0.3321
8413.5 0.5288 0.3335
8413.6 0.5310 0.3349
8413.7 0.5333 0.3363
8413.8 0.5355 0.3377
8413.9 0.5378 0.3391
8414.0 0.5400 0.3405
8414.1 0.5423 0.3420
8414.2 0.5445 0.3434
8414.3 0.5468 0.3448
8414.4 0.5490 0.3462
8414.5 0.5513 0.3476
8414.6 0.5535 0.3490
8414.7 0.5558 0.3504
8414.8 0.5580 0.3518
8414.9 0.5603 0.3532
8415.0 0.5625 0.3546
8415.1 0.5648 0.3560
8415.2 0.5670 0.3574
8415.3 0.5693 0.3588
8415.4 0.5715 0.3602
8415.5 0.5738 0.3616
8415.6 0.5760 0.3630
8415.7 0.5783 0.3644
8415.8 0.5805 0.3658
8415.9 0.5828 0.3672
8416.0 0.5850 0.3686
8416.1 0.5873 0.3700
8416.2 0.5895 0.3715
8416.3 0.5918 0.3729
8416.4 0.5940 0.3743
8416.5 0.5963 0.3757
8416.6 0.5985 0.3771
8416.7 0.6008 0.3785
8416.8 0.6030 0.3799
8416.9 0.6053 0.3813
8417.0 0.6075 0.3827
8417.1 0.6098 0.3841
8417.2 0.6120 0.3855
8417.3 0.6143 0.3869
8417.4 0.6165 0.3883
8417.5 0.6188 0.3897
8417.6 0.6210 0.3911
8417.7 0.6233 0.3925
8417.8 0.6255 0.3939
8417.9 0.6278 0.3953
8418.0 0.6300 0.3967
8418.1 0.6323 0.3981
8418.2 0.6345 0.3995
8418.3 0.6368 0.4009
8418.4 0.6390 0.4023
8418.5 0.6413 0.4037
8418.6 0.6435 0.4051
8418.7 0.6458 0.4065
8418.8 0.6480 0.4079
8418.9 0.6503 0.4093
8419.0 0.6525 0.4107
8419.1 0.6548 0.4121
8419.2 0.6570 0.4135
8419.3 0.6593 0.4149
8419.4 0.6615 0.4163
8419.5 0.6638 0.4177
8419.6 0.6660 0.4191
8419.7 0.6683 0.4205
8419.8 0.6705 0.4219
8419.9 0.6728 0.4233
8420.0 0.6750 0.4247
8420.1 0.6773 0.4261
8420.2 0.6795 0.4275
8420.3 0.6818 0.4289
8420.4 0.6840 0.4303
8420.5 0.6863 0.4317
8420.6 0.6885 0.4331
8420.7 0.6908 0.4345
8420.8 0.6930 0.4359
8420.9 0.6953 0.4373
8421.0 0.6975 0.4387
8421.1 0.6998 0.4401
8421.2 0.7020 0.4415
8421.3 0.7043 0.4429
8421.4 0.7065 0.4443
8421.5 0.7088 0.4457
8421.6 0.7110 0.4471
8421.7 0.7133 0.4485
8421.8 0.7155 0.4499
8421.9 0.7178 0.4513
8422.0 0.7200 0.4527
8422.1 0.7223 0.4541
8422.2 0.7245 0.4555
8422.3 0.7268 0.4569
8422.4 0.7290 0.4583
8422.5 0.7313 0.4597
8422.6 0.7335 0.4611
8422.7 0.7358 0.4625
8422.8 0.7380 0.4639
8422.9 0.7403 0.4653
8423.0 0.7425 0.4666
8423.1 0.7448 0.4680
8423.2 0.7470 0.4694
8423.3 0.7493 0.4708
8423.4 0.7515 0.4722
8423.5 0.7538 0.4736
8423.6 0.7560 0.4750
8423.7 0.7583 0.4764
8423.8 0.7605 0.4778
8423.9 0.7628 0.4792
8424.0 0.7650 0.4806
8424.1 0.7673 0.4820
8424.2 0.7695 0.4834
8424.3 0.7718 0.4848
8424.4 0.7740 0.4862
8424.5 0.7763 0.4876
8424.6 0.7785 0.4890
8424.7 0.7808 0.4904
8424.8 0.7830 0.4918
8424.9 0.7853 0.4932
8425.0 0.7875 0.4946
8425.1 0.7898 0.4959
8425.2 0.7920 0.4973
8425.3 0.7943 0.4987
8425.4 0.7965 0.5001
8425.5 0.7988 0.5015
8425.6 0.8010 0.5029
8425.7 0.8033 0.5043
8425.8 0.8055 0.5057
8425.9 0.8078 0.5071
8426.0 0.8100 0.5085
8426.1 0.8123 0.5099
8426.2 0.8145 0.5113
8426.3 0.8168 0.5127
8426.4 0.8190 0.5141
8426.5 0.8213 0.5154
8426.6 0.8235 0.5168
8426.7 0.8258 0.5182
8426.8 0.8280 0.5196
8426.9 0.8303 0.5210
8427.0 0.8325 0.5224
8427.1 0.8348 0.5238
8427.2 0.8370 0.5252
8427.3 0.8393 0.5266
8427.4 0.8415 0.5280
8427.5 0.8438 0.5294
8427.6 0.8460 0.5308
8427.7 0.8483 0.5322
8427.8 0.8505 0.5335
8427.9 0.8528 0.5349
8428.0 0.8550 0.5363
8428.1 0.8573 0.5377
8428.2 0.8595 0.5391
8428.3 0.8618 0.5405
8428.4 0.8640 0.5419
8428.5 0.8663 0.5433
8428.6 0.8685 0.5447
8428.7 0.8708 0.5461
8428.8 0.8730 0.5474
8428.9 0.8753 0.5488
8429.0 0.8775 0.5502
8429.1 0.8798 0.5516
8429.2 0.8820 0.5530
8429.3 0.8843 0.5544
8429.4 0.8865 0.5558
8429.5 0.8888 0.5572
8429.6 0.8910 0.5586
8429.7 0.8933 0.5600
8429.8 0.8955 0.5613
8429.9 0.8978 0.5627
8430.0 0.9000 0.5641
8430.1 0.9000 0.5641
8430.2 0.9000 0.5641
8430.3 0.9000 0.5641
8430.4 0.9000 0.5640
8430.5 0.9000 0.5640
8430.6 0.9000 0.5640
8430.7 0.9000 0.5640
8430.8 0.9000 0.5639
8430.9 0.9000 0.5639
8431.0 0.9000 0.5639
8431.1 0.9000 0.5639
8431.2 0.9000 0.5639
8431.3 0.9000 0.5638
8431.4 0.9000 0.5638
8431.5 0.9000 0.5638
8431.6 0.9000 0.5638
8431.7 0.9000 0.5638
8431.8 0.9000 0.5637
8431.9 0.9000 0.5637
8432.0 0.9000 0.5637
8432.1 0.9000 0.5637
8432.2 0.9000 0.5636
8432.3 0.9000 0.5636
8432.4 0.9000 0.5636
8432.5 0.9000 0.5636
8432.6 0.9000 0.5636
8432.7 0.9000 0.5635
8432.8 0.9000 0.5635
8432.9 0.9000 0.5635
8433.0 0.9000 0.5635
8433.1 0.9000 0.5635
8433.2 0.9000 0.5634
8433.3 0.9000 0.5634
8433.4 0.9000 0.5634
8433.5 0.9000 0.5634
8433.6 0.9000 0.5633
8433.7 0.9000 0.5633
8433.8 0.9000 0.5633
8433.9 0.9000 0.5633
8434.0 0.9000 0.5633
8434.1 0.9000 0.5632
8434.2 0.9000 0.5632
8434.3 0.9000 0.5632
8434.4 0.9000 0.5632
8434.5 0.9000 0.5631
8434.6 0.9000 0.5631
8434.7 0.9000 0.5631
8434.8 0.9000 0.5631
8434.9 0.9000 0.5631
8435.0 0.9000 0.5630
8435.1 0.9000 0.5630
8435.2 0.9000 0.5630
8435.3 0.9000 0.5630
8435.4 0.9000 0.5630
8435.5 0.9000 0.5629
8435.6 0.9000 0.5629
8435.7 0.9000 0.5629
8435.8 0.9000 0.5629
8435.9 0.9000 0.5628
8436.0 0.9000 0.5628
8436.1 0.9000 0.5628
8436.2 0.9000 0.5628
8436.3 0.9000 0.5628
8436.4 0.9000 0.5627
8436.5 0.9000 0.5627
8436.6 0.9000 0.5627
8436.7 0.9000 0.5627
8436.8 0.9000 0.5627
8436.9 0.9000 0.5626
8437.0 0.9000 0.5626
8437.1 0.9000 0.5626
8437.2 0.9000 0.5626
8437.3 0.9000 0.5625
8437.4 0.9000 0.5625
8437.5 0.9000 0.5625
8437.6 0.9000 0.5625
8437.7 0.9000 0.5625
8437.8 0.9000 0.5624
8437.9 0.9000 0.5624
8438.0 0.9000 0.5624
8438.1 0.9000 0.5624
8438.2 0.9000 0.5623
8438.3 0.9000 0.5623
8438.4 0.9000 0.5623
8438.5 0.9000 0.5623
8438.6 0.9000 0.5623
8438.7 0.9000 0.5622
8438.8 0.9000 0.5622
8438.9 0.9000 0.5622
8439.0 0.9000 0.5622
8439.1 0.9000 0.5622
8439.2 0.9000 0.5621
8439.3 0.9000 0.5621
8439.4 0.9000 0.5621
8439.5 0.9000 0.5621
8439.6 0.9000 0.5620
8439.7 0.9000 0.5620
8439.8 0.9000 0.5620
8439.9 0.9000 0.5620
8440.0 0.9000 0.5620
8440.1 0.9000 0.5619
8440.2 0.9000 0.5619
8440.3 0.9000 0.5619
8440.4 0.9000 0.5619
8440.5 0.9000 0.5619
8440.6 0.9000 0.5618
8440.7 0.9000 0.5618
8440.8 0.9000 0.5618
8440.9 0.9000 0.5618
8441.0 0.9000 0.5617
8441.1 0.9000 0.5617
8441.2 0.9000 0.5617
8441.3 0.9000 0.5617
8441.4 0.9000 0.5617
8441.5 0.9000 0.5616
8441.6 0.9000 0.5616
8441.7 0.9000 0.5616
8441.8 0.9000 0.5616
8441.9 0.9000 0.5615
8442.0 0.9000 0.5615
8442.1 0.9000 0.5615
8442.2 0.9000 0.5615
8442.3 0.9000 0.5615
8442.4 0.9000 0.5614
8442.5 0.9000 0.5614
8442.6 0.9000 0.5614
8442.7 0.9000 0.5614
8442.8 0.9000 0.5614
8442.9 0.9000 0.5613
8443.0 0.9000 0.5613
8443.1 0.9000 0.5613
8443.2 0.9000 0.5613
8443.3 0.9000 0.5612
8443.4 0.9000 0.5612
8443.5 0.9000 0.5612
8443.6 0.9000 0.5612
8443.7 0.9000 0.5612
8443.8 0.9000 0.5611
8443.9 0.9000 0.5611
8444.0 0.9000 0.5611
8444.1 0.9000 0.5611
8444.2 0.9000 0.5611
8444.3 0.9000 0.5610
8444.4 0.9000 0.5610
8444.5 0.9000 0.5610
8444.6 0.9000 0.5610
8444.7 0.9000 0.5609
8444.8 0.9000 0.5609
8444.9 0.9000 0.5609
8445.0 0.9000 0.5609
8445.1 0.9000 0.5609
8445.2 0.9000 0.5608
8445.3 0.9000 0.5608
8445.4 0.9000 0.5608
8445.5 0.9000 0.5608
8445.6 0.9000 0.5608
8445.7 0.9000 0.5607
8445.8 0.9000 0.5607
8445.9 0.9000 0.5607
8446.0 0.9000 0.5607
8446.1 0.9000 0.5606
8446.2 0.9000 0.5606
8446.3 0.9000 0.5606
8446.4 0.9000 0.5606
8446.5 0.9000 0.5606
8446.6 0.9000 0.5605
8446.7 0.9000 0.5605
8446.8 0.9000 0.5605
8446.9 0.9000 0.5605
8447.0 0.9000 0.5604
8447.1 0.9000 0.5604
8447.2 0.9000 0.5604
8447.3 0.9000 0.5604
8447.4 0.9000 0.5604
8447.5 0.9000 0.5603
8447.6 0.9000 0.5603
8447.7 0.9000 0.5603
8447.8 0.9000 0.5603
8447.9 0.9000 0.5603
8448.0 0.9000 0.5602
8448.1 0.9000 0.5602
8448.2 0.9000 0.5602
8448.3 0.9000 0.5602
8448.4 0.9000 0.5601
8448.5 0.9000 0.5601
8448.6 0.9000 0.5601
8448.7 0.9000 0.5601
8448.8 0.9000 0.5601
8448.9 0.9000 0.5600
8449.0 0.9000 0.5600
8449.1 0.9000 0.5600
8449.2 0.9000 0.5600
8449.3 0.9000 0.5600
8449.4 0.9000 0.5599
8449.5 0.9000 0.5599
8449.6 0.9000 0.5599
8449.7 0.9000 0.5599
8449.8 0.9000 0.5598
8449.9 0.9000 0.5598
8450.0 0.9000 0.5598
8450.1 0.9000 0.5598
8450.2 0.9000 0.5598
8450.3 0.9000 0.5597
8450.4 0.9000 0.5597
8450.5 0.9000 0.5597
8450.6 0.9000 0.5597
8450.7 0.9000 0.5596
8450.8 0.9000 0.5596
8450.9 0.9000 0.5596
8451.0 0.9000 0.5596
8451.1 0.9000 0.5596
8451.2 0.9000 0.5595
8451.3 0.9000 0.5595
8451.4 0.9000 0.5595
8451.5 0.9000 0.5595
8451.6 0.9000 0.5595
8451.7 0.9000 0.5594
8451.8 0.9000 0.5594
8451.9 0.9000 0.5594
8452.0 0.9000 0.5594
8452.1 0.9000 0.5593
8452.2 0.9000 0.5593
8452.3 0.9000 0.5593
8452.4 0.9000 0.5593
8452.5 0.9000 0.5593
8452.6 0.9000 0.5592
8452.7 0.9000 0.5592
8452.8 0.9000 0.5592
8452.9 0.9000 0.5592
8453.0 0.9000 0.5592
8453.1 0.9000 0.5591
8453.2 0.9000 0.5591
8453.3 0.9000 0.5591
8453.4 0.9000 0.5591
8453.5 0.9000 0.5590
8453.6 0.9000 0.5590
8453.7 0.9000 0.5590
8453.8 0.9000 0.5590
8453.9 0.9000 0.5590
8454.0 0.9000 0.5589
8454.1 0.9000 0.5589
8454.2 0.9000 0.5589
8454.3 0.9000 0.5589
8454.4 0.9000 0.5588
8454.5 0.9000 0.5588
8454.6 0.9000 0.5588
8454.7 0.9000 0.5588
8454.8 0.9000 0.5588
8454.9 0.9000 0.5587
8455.0 0.9000 0.5587
8455.1 0.9000 0.5587
8455.2 0.9000 0.5587
8455.3 0.9000 0.5587
8455.4 0.9000 0.5586
8455.5 0.9000 0.5586
8455.6 0.9000 0.5586
8455.7 0.9000 0.5586
8455.8 0.9000 0.5585
8455.9 0.9000 0.5585
8456.0 0.9000 0.5585
8456.1 0.9000 0.5585
8456.2 0.9000 0.5585
8456.3 0.9000 0.5584
8456.4 0.9000 0.5584
8456.5 0.9000 0.5584
8456.6 0.9000 0.5584
8456.7 0.9000 0.5584
8456.8 0.9000 0.5583
8456.9 0.9000 0.5583
8457.0 0.9000 0.5583
8457.1 0.9000 0.5583
8457.2 0.9000 0.5582
8457.3 0.9000 0.5582
8457.4 0.9000 0.5582
8457.5 0.9000 0.5582
8457.6 0.9000 0.5582
8457.7 0.9000 0.5581
8457.8 0.9000 0.5581
8457.9 0.9000 0.5581
8458.0 0.9000 0.5581
8458.1 0.9000 0.5581
8458.2 0.9000 0.5580
8458.3 0.9000 0.5580
8458.4 0.9000 0.5580
8458.5 0.9000 0.5580
8458.6 0.9000 0.5579
8458.7 0.9000 0.5579
8458.8 0.9000 0.5579
8458.9 0.9000 0.5579
8459.0 0.9000 0.5579
8459.1 0.9000 0.5578
8459.2 0.9000 0.5578
8459.3 0.9000 0.5578
8459.4 0.9000 0.5578
8459.5 0.9000 0.5577
8459.6 0.9000 0.5577
8459.7 0.9000 0.5577
8459.8 0.9000 0.5577
8459.9 0.9000 0.5577
8460.0 0.9000 0.5576
8460.1 0.9000 0.5576
8460.2 0.9000 0.5576
8460.3 0.9000 0.5576
8460.4 0.9000 0.5576
8460.5 0.9000 0.5575
8460.6 0.9000 0.5575
8460.7 0.9000 0.5575
8460.8 0.9000 0.5575
8460.9 0.9000 0.5574
8461.0 0.9000 0.5574
8461.1 0.9000 0.5574
8461.2 0.9000 0.5574
8461.3 0.9000 0.5574
8461.4 0.9000 0.5573
8461.5 0.9000 0.5573
8461.6 0.9000 0.5573
8461.7 0.9000 0.5573
8461.8 0.9000 0.5573
8461.9 0.9000 0.5572
8462.0 0.9000 0.5572
8462.1 0.9000 0.5572
8462.2 0.9000 0.5572
8462.3 0.9000 0.5571
8462.4 0.9000 0.5571
8462.5 0.9000 0.5571
8462.6 0.9000 0.5571
8462.7 0.9000 0.5571
8462.8 0.9000 0.5570
8462.9 0.9000 0.5570
8463.0 0.9000 0.5570
8463.1 0.9000 0.5570
8463.2 0.9000 0.5569
8463.3 0.9000 0.5569
8463.4 0.9000 0.5569
8463.5 0.9000 0.5569
8463.6 0.9000 0.5569
8463.7 0.9000 0.5568
8463.8 0.9000 0.5568
8463.9 0.9000 0.5568
8464.0 0.9000 0.5568
8464.1 0.9000 0.5568
8464.2 0.9000 0.5567
8464.3 0.9000 0.5567
8464.4 0.9000 0.5567
8464.5 0.9000 0.5567
8464.6 0.9000 0.5566
8464.7 0.9000 0.5566
8464.8 0.9000 0.5566
8464.9 0.9000 0.5566
8465.0 0.9000 0.5566
8465.1 0.9000 0.5565
8465.2 0.9000 0.5565
8465.3 0.9000 0.5565
8465.4 0.9000 0.5565
8465.5 0.9000 0.5565
8465.6 0.9000 0.5564
8465.7 0.9000 0.5564
8465.8 0.9000 0.5564
8465.9 0.9000 0.5564
8466.0 0.9000 0.5563
8466.1 0.9000 0.5563
8466.2 0.9000 0.5563
8466.3 0.9000 0.5563
8466.4 0.9000 0.5563
8466.5 0.9000 0.5562
8466.6 0.9000 0.5562
8466.7 0.9000 0.5562
8466.8 0.9000 0.5562
8466.9 0.9000 0.5561
8467.0 0.9000 0.5561
8467.1 0.9000 0.5561
8467.2 0.9000 0.5561
8467.3 0.9000 0.5561
8467.4 0.9000 0.5560
8467.5 0.9000 0.5560
8467.6 0.9000 0.5560
8467.7 0.9000 0.5560
8467.8 0.9000 0.5560
8467.9 0.9000 0.5559
8468.0 0.9000 0.5559
8468.1 0.9000 0.5559
8468.2 0.9000 0.5559
8468.3 0.9000 0.5558
8468.4 0.9000 0.5558
8468.5 0.9000 0.5558
8468.6 0.9000 0.5558
8468.7 0.9000 0.5558
8468.8 0.9000 0.5557
8468.9 0.9000 0.5557
8469.0 0.9000 0.5557
8469.1 0.9000 0.5557
8469.2 0.9000 0.5557
8469.3 0.9000 0.5556
8469.4 0.9000 0.5556
8469.5 0.9000 0.5556
8469.6 0.9000 0.5556
8469.7 0.9000 0.5555
8469.8 0.9000 0.5555
8469.9 0.9000 0.5555
8470.0 0.9000 0.5555
8470.1 0.9000 0.5555
8470.2 0.9000 0.5554
8470.3 0.9000 0.5554
8470.4 0.9000 0.5554
8470.5 0.9000 0.5554
8470.6 0.9000 0.5554
8470.7 0.9000 0.5553
8470.8 0.9000 0.5553
8470.9 0.9000 0.5553
8471.0 0.9000 0.5553
8471.1 0.9000 0.5552
8471.2 0.9000 0.5552
8471.3 0.9000 0.5552
8471.4 0.9000 0.5552
8471.5 0.9000 0.5552
8471.6 0.9000 0.5551
8471.7 0.9000 0.5551
8471.8 0.9000 0.5551
8471.9 0.9000 0.5551
8472.0 0.9000 0.5550
8472.1 0.9000 0.5550
8472.2 0.9000 0.5550
8472.3 0.9000 0.5550
8472.4 0.9000 0.5550
8472.5 0.9000 0.5549
8472.6 0.9000 0.5549
8472.7 0.9000 0.5549
8472.8 0.9000 0.5549
8472.9 0.9000 0.5549
8473.0 0.9000 0.5548
8473.1 0.9000 0.5548
8473.2 0.9000 0.5548
8473.3 0.9000 0.5548
8473.4 0.9000 0.5547
8473.5 0.9000 0.5547
8473.6 0.9000 0.5547
8473.7 0.9000 0.5547
8473.8 0.9000 0.5547
8473.9 0.9000 0.5546
8474.0 0.9000 0.5546
8474.1 0.9000 0.5546
8474.2 0.9000 0.5546
8474.3 0.9000 0.5546
8474.4 0.9000 0.5545
8474.5 0.9000 0.5545
8474.6 0.9000 0.5545
8474.7 0.9000 0.5545
8474.8 0.9000 0.5544
8474.9 0.9000 0.5544
8475.0 0.9000 0.5544
8475.1 0.9000 0.5544
8475.2 0.9000 0.5544
8475.3 0.9000 0.5543
8475.4 0.9000 0.5543
8475.5 0.9000 0.5543
8475.6 0.9000 0.5543
8475.7 0.9000 0.5542
8475.8 0.9000 0.5542
8475.9 0.9000 0.5542
8476.0 0.9000 0.5542
8476.1 0.9000 0.5542
8476.2 0.9000 0.5541
8476.3 0.9000 0.5541
8476.4 0.9000 0.5541
8476.5 0.9000 0.5541
8476.6 0.9000 0.5541
8476.7 0.9000 0.5540
8476.8 0.9000 0.5540
8476.9 0.9000 0.5540
8477.0 0.9000 0.5540
8477.1 0.9000 0.5539
8477.2 0.9000 0.5539
8477.3 0.9000 0.5539
8477.4 0.9000 0.5539
8477.5 0.9000 0.5539
8477.6 0.9000 0.5538
8477.7 0.9000 0.5538
8477.8 0.9000 0.5538
8477.9 0.9000 0.5538
8478.0 0.9000 0.5538
8478.1 0.9000 0.5537
8478.2 0.9000 0.5537
8478.3 0.9000 0.5537
8478.4 0.9000 0.5537
8478.5 0.9000 0.5536
8478.6 0.9000 0.5536
8478.7 0.9000 0.5536
8478.8 0.9000 0.5536
8478.9 0.9000 0.5536
8479.0 0.9000 0.5535
8479.1 0.9000 0.5535
8479.2 0.9000 0.5535
8479.3 0.9000 0.5535
8479.4 0.9000 0.5534
8479.5 0.9000 0.5534
8479.6 0.9000 0.5534
8479.7 0.9000 0.5534
8479.8 0.9000 0.5534
8479.9 0.9000 0.5533
8480.0 0.9000 0.5533
8480.1 0.9000 0.5533
8480.2 0.9000 0.5533
8480.3 0.9000 0.5533
8480.4 0.9000 0.5532
8480.5 0.9000 0.5532
8480.6 0.9000 0.5532
8480.7 0.9000 0.5532
8480.8 0.9000 0.5531
8480.9 0.9000 0.5531
8481.0 0.9000 0.5531
8481.1 0.9000 0.5531
8481.2 0.9000 0.5531
8481.3 0.9000 0.5530
8481.4 0.9000 0.5530
8481.5 0.9000 0.5530
8481.6 0.9000 0.5530
8481.7 0.9000 0.5530
8481.8 0.9000 0.5529
8481.9 0.9000 0.5529
8482.0 0.9000 0.5529
8482.1 0.9000 0.5529
8482.2 0.9000 0.5528
8482.3 0.9000 0.5528
8482.4 0.9000 0.5528
8482.5 0.9000 0.5528
8482.6 0.9000 0.5528
8482.7 0.9000 0.5527
8482.8 0.9000 0.5527
8482.9 0.9000 0.5527
8483.0 0.9000 0.5527
8483.1 0.9000 0.5527
8483.2 0.9000 0.5526
8483.3 0.9000 0.5526
8483.4 0.9000 0.5526
8483.5 0.9000 0.5526
8483.6 0.9000 0.5525
8483.7 0.9000 0.5525
8483.8 0.9000 0.5525
8483.9 0.9000 0.5525
8484.0 0.9000 0.5525
8484.1 0.9000 0.5524
8484.2 0.9000 0.5524
8484.3 0.9000 0.5524
8484.4 0.9000 0.5524
8484.5 0.9000 0.5523
8484.6 0.9000 0.5523
8484.7 0.9000 0.5523
8484.8 0.9000 0.5523
8484.9 0.9000 0.5523
8485.0 0.9000 0.5522
8485.1 0.9000 0.5522
8485.2 0.9000 0.5522
8485.3 0.9000 0.5522
8485.4 0.9000 0.5522
8485.5 0.9000 0.5521
8485.6 0.9000 0.5521
8485.7 0.9000 0.5521
8485.8 0.9000 0.5521
8485.9 0.9000 0.5520
8486.0 0.9000 0.5520
8486.1 0.9000 0.5520
8486.2 0.9000 0.5520
8486.3 0.9000 0.5520
8486.4 0.9000 0.5519
8486.5 0.9000 0.5519
8486.6 0.9000 0.5519
8486.7 0.9000 0.5519
8486.8 0.9000 0.5519
8486.9 0.9000 0.5518
8487.0 0.9000 0.5518
8487.1 0.9000 0.5518
8487.2 0.9000 0.5518
8487.3 0.9000 0.5517
8487.4 0.9000 0.5517
8487.5 0.9000 0.5517
8487.6 0.9000 0.5517
8487.7 0.9000 0.5517
8487.8 0.9000 0.5516
8487.9 0.9000 0.5516
8488.0 0.9000 0.5516
8488.1 0.9000 0.5516
8488.2 0.9000 0.5515
8488.3 0.9000 0.5515
8488.4 0.9000 0.5515
8488.5 0.9000 0.5515
8488.6 0.9000 0.5515
8488.7 0.9000 0.5514
8488.8 0.9000 0.5514
8488.9 0.9000 0.5514
8489.0 0.9000 0.5514
8489.1 0.9000 0.5514
8489.2 0.9000 0.5513
8489.3 0.9000 0.5513
8489.4 0.9000 0.5513
8489.5 0.9000 0.5513
8489.6 0.9000 0.5512
8489.7 0.9000 0.5512
8489.8 0.9000 0.5512
8489.9 0.9000 0.5512
8490.0 0.9000 0.5512
8490.1 0.9000 0.5511
8490.2 0.9000 0.5511
8490.3 0.9000 0.5511
8490.4 0.9000 0.5511
8490.5 0.9000 0.5511
8490.6 0.9000 0.5510
8490.7 0.9000 0.5510
8490.8 0.9000 0.5510
8490.9 0.9000 0.5510
8491.0 0.9000 0.5509
8491.1 0.9000 0.5509
8491.2 0.9000 0.5509
8491.3 0.9000 0.5509
8491.4 0.9000 0.5509
8491.5 0.9000 0.5508
8491.6 0.9000 0.5508
8491.7 0.9000 0.5508
8491.8 0.9000 0.5508
8491.9 0.9000 0.5507
8492.0 0.9000 0.5507
8492.1 0.9000 0.5507
8492.2 0.9000 0.5507
8492.3 0.9000 0.5507
8492.4 0.9000 0.5506
8492.5 0.9000 0.5506
8492.6 0.9000 0.5506
8492.7 0.9000 0.5506
8492.8 0.9000 0.5506
8492.9 0.9000 0.5505
8493.0 0.9000 0.5505
8493.1 0.9000 0.5505
8493.2 0.9000 0.5505
8493.3 0.9000 0.5504
8493.4 0.9000 0.5504
8493.5 0.9000 0.5504
8493.6 0.9000 0.5504
8493.7 0.9000 0.5504
8493.8 0.9000 0.5503
8493.9 0.9000 0.5503
8494.0 0.9000 0.5503
8494.1 0.9000 0.5503
8494.2 0.9000 0.5503
8494.3 0.9000 0.5502
8494.4 0.9000 0.5502
8494.5 0.9000 0.5502
8494.6 0.9000 0.5502
8494.7 0.9000 0.5501
8494.8 0.9000 0.5501
8494.9 0.9000 0.5501
8495.0 0.9000 0.5501
8495.1 0.9000 0.5501
8495.2 0.9000 0.5500
8495.3 0.9000 0.5500
8495.4 0.9000 0.5500
8495.5 0.9000 0.5500
8495.6 0.9000 0.5500
8495.7 0.9000 0.5499
8495.8 0.9000 0.5499
8495.9 0.9000 0.5499
8496.0 0.9000 0.5499
8496.1 0.9000 0.5498
8496.2 0.9000 0.5498
8496.3 0.9000 0.5498
8496.4 0.9000 0.5498
8496.5 0.9000 0.5498
8496.6 0.9000 0.5497
8496.7 0.9000 0.5497
8496.8 0.9000 0.5497
8496.9 0.9000 0.5497
8497.0 0.9000 0.5496
8497.1 0.9000 0.5496
8497.2 0.9000 0.5496
8497.3 0.9000 0.5496
8497.4 0.9000 0.5496
8497.5 0.9000 0.5495
8497.6 0.9000 0.5495
8497.7 0.9000 0.5495
8497.8 0.9000 0.5495
8497.9 0.9000 0.5495
8498.0 0.9000 0.5494
8498.1 0.9000 0.5494
8498.2 0.9000 0.5494
8498.3 0.9000 0.5494
8498.4 0.9000 0.5493
8498.5 0.9000 0.5493
8498.6 0.9000 0.5493
8498.7 0.9000 0.5493
8498.8 0.9000 0.5493
8498.9 0.9000 0.5492
8499.0 0.9000 0.5492
8499.1 0.9000 0.5492
8499.2 0.9000 0.5492
8499.3 0.9000 0.5492
8499.4 0.9000 0.5491
8499.5 0.9000 0.5491
8499.6 0.9000 0.5491
8499.7 0.9000 0.5491
8499.8 0.9000 0.5490
8499.9 0.9000 0.5490
8500.0 0.9000 0.5490
8500.1 0.9000 0.5490
8500.2 0.9000 0.5489
8500.3 0.9000 0.5489
8500.4 0.9000 0.5489
8500.5 0.9000 0.5489
8500.6 0.9000 0.5488
8500.7 0.9000 0.5488
8500.8 0.9000 0.5488
8500.9 0.9000 0.5488
8501.0 0.9000 0.5487
8501.1 0.9000 0.5487
8501.2 0.9000 0.5487
8501.3 0.9000 0.5486
8501.4 0.9000 0.5486
8501.5 0.9000 0.5486
8501.6 0.9000 0.5486
8501.7 0.9000 0.5485
8501.8 0.9000 0.5485
8501.9 0.9000 0.5485
8502.0 0.9000 0.5485
8502.1 0.9000 0.5484
8502.2 0.9000 0.5484
8502.3 0.9000 0.5484
8502.4 0.9000 0.5484
8502.5 0.9000 0.5483
8502.6 0.9000 0.5483
8502.7 0.9000 0.5483
8502.8 0.9000 0.5482
8502.9 0.9000 0.5482
8503.0 0.9000 0.5482
8503.1 0.9000 0.5482
8503.2 0.9000 0.5481
8503.3 0.9000 0.5481
8503.4 0.9000 0.5481
8503.5 0.9000 0.5481
8503.6 0.9000 0.5480
8503.7 0.9000 0.5480
8503.8 0.9000 0.5480
8503.9 0.9000 0.5479
8504.0 0.9000 0.5479
8504.1 0.9000 0.5479
8504.2 0.9000 0.5479
8504.3 0.9000 0.5478
8504.4 0.9000 0.5478
8504.5 0.9000 0.5478
8504.6 0.9000 0.5478
8504.7 0.9000 0.5477
8504.8 0.9000 0.5477
8504.9 0.9000 0.5477
8505.0 0.9000 0.5476
8505.1 0.9000 0.5476
8505.2 0.9000 0.5476
8505.3 0.9000 0.5476
8505.4 0.9000 0.5475
8505.5 0.9000 0.5475
8505.6 0.9000 0.5475
8505.7 0.9000 0.5475
8505.8 0.9000 0.5474
8505.9 0.9000 0.5474
8506.0 0.9000 0.5474
8506.1 0.9000 0.5474
8506.2 0.9000 0.5473
8506.3 0.9000 0.5473
8506.4 0.9000 0.5473
8506.5 0.9000 0.5472
8506.6 0.9000 0.5472
8506.7 0.9000 0.5472
8506.8 0.9000 0.5472
8506.9 0.9000 0.5471
8507.0 0.9000 0.5471
8507.1 0.9000 0.5471
8507.2 0.9000 0.5471
8507.3 0.9000 0.5470
8507.4 0.9000 0.5470
8507.5 0.9000 0.5470
8507.6 0.9000 0.5469
8507.7 0.9000 0.5469
8507.8 0.9000 0.5469
8507.9 0.9000 0.5469
8508.0 0.9000 0.5468
8508.1 0.9000 0.5468
8508.2 0.9000 0.5468
8508.3 0.9000 0.5468
8508.4 0.9000 0.5467
8508.5 0.9000 0.5467
8508.6 0.9000 0.5467
8508.7 0.9000 0.5467
8508.8 0.9000 0.5466
8508.9 0.9000 0.5466
8509.0 0.9000 0.5466
8509.1 0.9000 0.5465
8509.2 0.9000 0.5465
8509.3 0.9000 0.5465
8509.4 0.9000 0.5465
8509.5 0.9000 0.5464
8509.6 0.9000 0.5464
8509.7 0.9000 0.5464
8509.8 0.9000 0.5464
8509.9 0.9000 0.5463
8510.0 0.9000 0.5463
8510.1 0.9000 0.5463
8510.2 0.9000 0.5462
8510.3 0.9000 0.5462
8510.4 0.9000 0.5462
8510.5 0.9000 0.5462
8510.6 0.9000 0.5461
8510.7 0.9000 0.5461
8510.8 0.9000 0.5461
8510.9 0.9000 0.5461
8511.0 0.9000 0.5460
8511.1 0.9000 0.5460
8511.2 0.9000 0.5460
8511.3 0.9000 0.5459
8511.4 0.9000 0.5459
8511.5 0.9000 0.5459
8511.6 0.9000 0.5459
8511.7 0.9000 0.5458
8511.8 0.9000 0.5458
8511.9 0.9000 0.5458
8512.0 0.9000 0.5458
8512.1 0.9000 0.5457
8512.2 0.9000 0.5457
8512.3 0.9000 0.5457
8512.4 0.9000 0.5457
8512.5 0.9000 0.5456
8512.6 0.9000 0.5456
8512.7 0.9000 0.5456
8512.8 0.9000 0.5455
8512.9 0.9000 0.5455
8513.0 0.9000 0.5455
8513.1 0.9000 0.5455
8513.2 0.9000 0.5454
8513.3 0.9000 0.5454
8513.4 0.9000 0.5454
8513.5 0.9000 0.5454
8513.6 0.9000 0.5453
8513.7 0.9000 0.5453
8513.8 0.9000 0.5453
8513.9 0.9000 0.5452
8514.0 0.9000 0.5452
8514.1 0.9000 0.5452
8514.2 0.9000 0.5452
8514.3 0.9000 0.5451
8514.4 0.9000 0.5451
8514.5 0.9000 0.5451
8514.6 0.9000 0.5451
8514.7 0.9000 0.5450
8514.8 0.9000 0.5450
8514.9 0.9000 0.5450
8515.0 0.9000 0.5449
8515.1 0.9000 0.5449
8515.2 0.9000 0.5449
8515.3 0.9000 0.5449
8515.4 0.9000 0.5448
8515.5 0.9000 0.5448
8515.6 0.9000 0.5448
8515.7 0.9000 0.5448
8515.8 0.9000 0.5447
8515.9 0.9000 0.5447
8516.0 0.9000 0.5447
8516.1 0.9000 0.5447
8516.2 0.9000 0.5446
8516.3 0.9000 0.5446
8516.4 0.9000 0.5446
8516.5 0.9000 0.5445
8516.6 0.9000 0.5445
8516.7 0.9000 0.5445
8516.8 0.9000 0.5445
8516.9 0.9000 0.5444
8517.0 0.9000 0.5444
8517.1 0.9000 0.5444
8517.2 0.9000 0.5444
8517.3 0.9000 0.5443
8517.4 0.9000 0.5443
8517.5 0.9000 0.5443
8517.6 0.9000 0.5442
8517.7 0.9000 0.5442
8517.8 0.9000 0.5442
8517.9 0.9000 0.5442
8518.0 0.9000 0.5441
8518.1 0.9000 0.5441
8518.2 0.9000 0.5441
8518.3 0.9000 0.5441
8518.4 0.9000 0.5440
8518.5 0.9000 0.5440
8518.6 0.9000 0.5440
8518.7 0.9000 0.5440
8518.8 0.9000 0.5439
8518.9 0.9000 0.5439
8519.0 0.9000 0.5439
8519.1 0.9000 0.5438
8519.2 0.9000 0.5438
8519.3 0.9000 0.5438
8519.4 0.9000 0.5438
8519.5 0.9000 0.5437
8519.6 0.9000 0.5437
8519.7 0.9000 0.5437
8519.8 0.9000 0.5437
8519.9 0.9000 0.5436
8520.0 0.9000 0.5436
8520.1 0.9000 0.5436
8520.2 0.9000 0.5435
8520.3 0.9000 0.5435
8520.4 0.9000 0.5435
8520.5 0.9000 0.5435
8520.6 0.9000 0.5434
8520.7 0.9000 0.5434
8520.8 0.9000 0.5434
8520.9 0.9000 0.5434
8521.0 0.9000 0.5433
8521.1 0.9000 0.5433
8521.2 0.9000 0.5433
8521.3 0.9000 0.5432
8521.4 0.9000 0.5432
8521.5 0.9000 0.5432
8521.6 0.9000 0.5432
8521.7 0.9000 0.5431
8521.8 0.9000 0.5431
8521.9 0.9000 0.5431
8522.0 0.9000 0.5431
8522.1 0.9000 0.5430
8522.2 0.9000 0.5430
8522.3 0.9000 0.5430
8522.4 0.9000 0.5430
8522.5 0.9000 0.5429
8522.6 0.9000 0.5429
8522.7 0.9000 0.5429
8522.8 0.9000 0.5428
8522.9 0.9000 0.5428
8523.0 0.9000 0.5428
8523.1 0.9000 0.5428
8523.2 0.9000 0.5427
8523.3 0.9000 0.5427
8523.4 0.9000 0.5427
8523.5 0.9000 0.5427
8523.6 0.9000 0.5426
8523.7 0.9000 0.5426
8523.8 0.9000 0.5426
8523.9 0.9000 0.5425
8524.0 0.9000 0.5425
8524.1 0.9000 0.5425
8524.2 0.9000 0.5425
8524.3 0.9000 0.5424
8524.4 0.9000 0.5424
8524.5 0.9000 0.5424
8524.6 0.9000 0.5424
8524.7 0.9000 0.5423
8524.8 0.9000 0.5423
8524.9 0.9000 0.5423
8525.0 0.9000 0.5422
8525.1 0.9000 0.5422
8525.2 0.9000 0.5422
8525.3 0.9000 0.5422
8525.4 0.9000 0.5421
8525.5 0.9000 0.5421
8525.6 0.9000 0.5421
8525.7 0.9000 0.5421
8525.8 0.9000 0.5420
8525.9 0.9000 0.5420
8526.0 0.9000 0.5420
8526.1 0.9000 0.5420
8526.2 0.9000 0.5419
8526.3 0.9000 0.5419
8526.4 0.9000 0.5419
8526.5 0.9000 0.5418
8526.6 0.9000 0.5418
8526.7 0.9000 0.5418
8526.8 0.9000 0.5418
8526.9 0.9000 0.5417
8527.0 0.9000 0.5417
8527.1 0.9000 0.5417
8527.2 0.9000 0.5417
8527.3 0.9000 0.5416
8527.4 0.9000 0.5416
8527.5 0.9000 0.5416
8527.6 0.9000 0.5415
8527.7 0.9000 0.5415
8527.8 0.9000 0.5415
8527.9 0.9000 0.5415
8528.0 0.9000 0.5414
8528.1 0.9000 0.5414
8528.2 0.9000 0.5414
8528.3 0.9000 0.5414
8528.4 0.9000 0.5413
8528.5 0.9000 0.5413
8528.6 0.9000 0.5413
8528.7 0.9000 0.5413
8528.8 0.9000 0.5412
8528.9 0.9000 0.5412
8529.0 0.9000 0.5412
8529.1 0.9000 0.5411
8529.2 0.9000 0.5411
8529.3 0.9000 0.5411
8529.4 0.9000 0.5411
8529.5 0.9000 0.5410
8529.6 0.9000 0.5410
8529.7 0.9000 0.5410
8529.8 0.9000 0.5410
8529.9 0.9000 0.5409
8530.0 0.9000 0.5409
8530.1 0.9000 0.5409
8530.2 0.9000 0.5408
8530.3 0.9000 0.5408
8530.4 0.9000 0.5408
8530.5 0.9000 0.5408
8530.6 0.9000 0.5407
8530.7 0.9000 0.5407
8530.8 0.9000 0.5407
8530.9 0.9000 0.5407
8531.0 0.9000 0.5406
8531.1 0.9000 0.5406
8531.2 0.9000 0.5406
8531.3 0.9000 0.5405
8531.4 0.9000 0.5405
8531.5 0.9000 0.5405
8531.6 0.9000 0.5405
8531.7 0.9000 0.5404
8531.8 0.9000 0.5404
8531.9 0.9000 0.5404
8532.0 0.9000 0.5404
8532.1 0.9000 0.5403
8532.2 0.9000 0.5403
8532.3 0.9000 0.5403
8532.4 0.9000 0.5403
8532.5 0.9000 0.5402
8532.6 0.9000 0.5402
8532.7 0.9000 0.5402
8532.8 0.9000 0.5401
8532.9 0.9000 0.5401
8533.0 0.9000 0.5401
8533.1 0.9000 0.5401
8533.2 0.9000 0.5400
8533.3 0.9000 0.5400
8533.4 0.9000 0.5400
8533.5 0.9000 0.5400
8533.6 0.9000 0.5399
8533.7 0.9000 0.5399
8533.8 0.9000 0.5399
8533.9 0.9000 0.5398
8534.0 0.9000 0.5398
8534.1 0.9000 0.5398
8534.2 0.9000 0.5398
8534.3 0.9000 0.5397
8534.4 0.9000 0.5397
8534.5 0.9000 0.5397
8534.6 0.9000 0.5397
8534.7 0.9000 0.5396
8534.8 0.9000 0.5396
8534.9 0.9000 0.5396
8535.0 0.9000 0.5395
8535.1 0.9000 0.5395
8535.2 0.9000 0.5395
8535.3 0.9000 0.5395
8535.4 0.9000 0.5394
8535.5 0.9000 0.5394
8535.6 0.9000 0.5394
8535.7 0.9000 0.5394
8535.8 0.9000 0.5393
8535.9 0.9000 0.5393
8536.0 0.9000 0.5393
8536.1 0.9000 0.5393
8536.2 0.9000 0.5392
8536.3 0.9000 0.5392
8536.4 0.9000 0.5392
8536.5 0.9000 0.5391
8536.6 0.9000 0.5391
8536.7 0.9000 0.5391
8536.8 0.9000 0.5391
8536.9 0.9000 0.5390
8537.0 0.9000 0.5390
8537.1 0.9000 0.5390
8537.2 0.9000 0.5390
8537.3 0.9000 0.5389
8537.4 0.9000 0.5389
8537.5 0.9000 0.5389
8537.6 0.9000 0.5388
8537.7 0.9000 0.5388
8537.8 0.9000 0.5388
8537.9 0.9000 0.5388
8538.0 0.9000 0.5387
8538.1 0.9000 0.5387
8538.2 0.9000 0.5387
8538.3 0.9000 0.5387
8538.4 0.9000 0.5386
8538.5 0.9000 0.5386
8538.6 0.9000 0.5386
8538.7 0.9000 0.5386
8538.8 0.9000 0.5385
8538.9 0.9000 0.5385
8539.0 0.9000 0.5385
8539.1 0.9000 0.5384
8539.2 0.9000 0.5384
8539.3 0.9000 0.5384
8539.4 0.9000 0.5384
8539.5 0.9000 0.5383
8539.6 0.9000 0.5383
8539.7 0.9000 0.5383
8539.8 0.9000 0.5383
8539.9 0.9000 0.5382
8540.0 0.9000 0.5382
8540.1 0.9000 0.5382
8540.2 0.9000 0.5381
8540.3 0.9000 0.5381
8540.4 0.9000 0.5381
8540.5 0.9000 0.5381
8540.6 0.9000 0.5380
8540.7 0.9000 0.5380
8540.8 0.9000 0.5380
8540.9 0.9000 0.5380
8541.0 0.9000 0.5379
8541.1 0.9000 0.5379
8541.2 0.9000 0.5379
8541.3 0.9000 0.5378
8541.4 0.9000 0.5378
8541.5 0.9000 0.5378
8541.6 0.9000 0.5378
8541.7 0.9000 0.5377
8541.8 0.9000 0.5377
8541.9 0.9000 0.5377
8542.0 0.9000 0.5377
8542.1 0.9000 0.5376
8542.2 0.9000 0.5376
8542.3 0.9000 0.5376
8542.4 0.9000 0.5376
8542.5 0.9000 0.5375
8542.6 0.9000 0.5375
8542.7 0.9000 0.5375
8542.8 0.9000 0.5374
8542.9 0.9000 0.5374
8543.0 0.9000 0.5374
8543.1 0.9000 0.5374
8543.2 0.9000 0.5373
8543.3 0.9000 0.5373
8543.4 0.9000 0.5373
8543.5 0.9000 0.5373
8543.6 0.9000 0.5372
8543.7 0.9000 0.5372
8543.8 0.9000 0.5372
8543.9 0.9000 0.5371
8544.0 0.9000 0.5371
8544.1 0.9000 0.5371
8544.2 0.9000 0.5371
8544.3 0.9000 0.5370
8544.4 0.9000 0.5370
8544.5 0.9000 0.5370
8544.6 0.9000 0.5370
8544.7 0.9000 0.5369
8544.8 0.9000 0.5369
8544.9 0.9000 0.5369
8545.0 0.9000 0.5368
8545.1 0.9000 0.5368
8545.2 0.9000 0.5368
8545.3 0.9000 0.5368
8545.4 0.9000 0.5367
8545.5 0.9000 0.5367
8545.6 0.9000 0.5367
8545.7 0.9000 0.5367
8545.8 0.9000 0.5366
8545.9 0.9000 0.5366
8546.0 0.9000 0.5366
8546.1 0.9000 0.5366
8546.2 0.9000 0.5365
8546.3 0.9000 0.5365
8546.4 0.9000 0.5365
8546.5 0.9000 0.5364
8546.6 0.9000 0.5364
8546.7 0.9000 0.5364
8546.8 0.9000 0.5364
8546.9 0.9000 0.5363
8547.0 0.9000 0.5363
8547.1 0.9000 0.5363
8547.2 0.9000 0.5363
8547.3 0.9000 0.5362
8547.4 0.9000 0.5362
8547.5 0.9000 0.5362
8547.6 0.9000 0.5361
8547.7 0.9000 0.5361
8547.8 0.9000 0.5361
8547.9 0.9000 0.5361
8548.0 0.9000 0.5360
8548.1 0.9000 0.5360
8548.2 0.9000 0.5360
8548.3 0.9000 0.5360
8548.4 0.9000 0.5359
8548.5 0.9000 0.5359
8548.6 0.9000 0.5359
8548.7 0.9000 0.5359
8548.8 0.9000 0.5358
8548.9 0.9000 0.5358
8549.0 0.9000 0.5358
8549.1 0.9000 0.5357
8549.2 0.9000 0.5357
8549.3 0.9000 0.5357
8549.4 0.9000 0.5357
8549.5 0.9000 0.5356
8549.6 0.9000 0.5356
8549.7 0.9000 0.5356
8549.8 0.9000 0.5356
8549.9 0.9000 0.5355
8550.0 0.9000 0.5355
8550.1 0.9000 0.5355
8550.2 0.9000 0.5354
8550.3 0.9000 0.5354
8550.4 0.9000 0.5354
8550.5 0.9000 0.5354
8550.6 0.9000 0.5353
8550.7 0.9000 0.5353
8550.8 0.9000 0.5353
8550.9 0.9000 0.5353
8551.0 0.9000 0.5352
8551.1 0.9000 0.5352
8551.2 0.9000 0.5352
8551.3 0.9000 0.5351
8551.4 0.9000 0.5351
8551.5 0.9000 0.5351
8551.6 0.9000 0.5351
8551.7 0.9000 0.5350
8551.8 0.9000 0.5350
8551.9 0.9000 0.5350
8552.0 0.9000 0.5350
8552.1 0.9000 0.5349
8552.2 0.9000 0.5349
8552.3 0.9000 0.5349
8552.4 0.9000 0.5349
8552.5 0.9000 0.5348
8552.6 0.9000 0.5348
8552.7 0.9000 0.5348
8552.8 0.9000 0.5347
8552.9 0.9000 0.5347
8553.0 0.9000 0.5347
8553.1 0.9000 0.5347
8553.2 0.9000 0.5346
8553.3 0.9000 0.5346
8553.4 0.9000 0.5346
8553.5 0.9000 0.5346
8553.6 0.9000 0.5345
8553.7 0.9000 0.5345
8553.8 0.9000 0.5345
8553.9 0.9000 0.5344
8554.0 0.9000 0.5344
8554.1 0.9000 0.5344
8554.2 0.9000 0.5344
8554.3 0.9000 0.5343
8554.4 0.9000 0.5343
8554.5 0.9000 0.5343
8554.6 0.9000 0.5343
8554.7 0.9000 0.5342
8554.8 0.9000 0.5342
8554.9 0.9000 0.5342
8555.0 0.9000 0.5341
8555.1 0.9000 0.5341
8555.2 0.9000 0.5341
8555.3 0.9000 0.5341
8555.4 0.9000 0.5340
8555.5 0.9000 0.5340
8555.6 0.9000 0.5340
8555.7 0.9000 0.5340
8555.8 0.9000 0.5339
8555.9 0.9000 0.5339
8556.0 0.9000 0.5339
8556.1 0.9000 0.5339
8556.2 0.9000 0.5338
8556.3 0.9000 0.5338
8556.4 0.9000 0.5338
8556.5 0.9000 0.5337
8556.6 0.9000 0.5337
8556.7 0.9000 0.5337
8556.8 0.9000 0.5337
8556.9 0.9000 0.5336
8557.0 0.9000 0.5336
8557.1 0.9000 0.5336
8557.2 0.9000 0.5336
8557.3 0.9000 0.5335
8557.4 0.9000 0.5335
8557.5 0.9000 0.5335
8557.6 0.9000 0.5334
8557.7 0.9000 0.5334
8557.8 0.9000 0.5334
8557.9 0.9000 0.5334
8558.0 0.9000 0.5333
8558.1 0.9000 0.5333
8558.2 0.9000 0.5333
8558.3 0.9000 0.5333
8558.4 0.9000 0.5332
8558.5 0.9000 0.5332
8558.6 0.9000 0.5332
8558.7 0.9000 0.5332
8558.8 0.9000 0.5331
8558.9 0.9000 0.5331
8559.0 0.9000 0.5331
8559.1 0.9000 0.5330
8559.2 0.9000 0.5330
8559.3 0.9000 0.5330
8559.4 0.9000 0.5330
8559.5 0.9000 0.5329
8559.6 0.9000 0.5329
8559.7 0.9000 0.5329
8559.8 0.9000 0.5329
8559.9 0.9000 0.5328
8560.0 0.9000 0.5328
8560.1 0.9000 0.5328
8560.2 0.9000 0.5327
8560.3 0.9000 0.5327
8560.4 0.9000 0.5327
8560.5 0.9000 0.5327
8560.6 0.9000 0.5326
8560.7 0.9000 0.5326
8560.8 0.9000 0.5326
8560.9 0.9000 0.5326
8561.0 0.9000 0.5325
8561.1 0.9000 0.5325
8561.2 0.9000 0.5325
8561.3 0.9000 0.5324
8561.4 0.9000 0.5324
8561.5 0.9000 0.5324
8561.6 0.9000 0.5324
8561.7 0.9000 0.5323
8561.8 0.9000 0.5323
8561.9 0.9000 0.5323
8562.0 0.9000 0.5323
8562.1 0.9000 0.5322
8562.2 0.9000 0.5322
8562.3 0.9000 0.5322
8562.4 0.9000 0.5322
8562.5 0.9000 0.5321
8562.6 0.9000 0.5321
8562.7 0.9000 0.5321
8562.8 0.9000 0.5320
8562.9 0.9000 0.5320
8563.0 0.9000 0.5320
8563.1 0.9000 0.5320
8563.2 0.9000 0.5319
8563.3 0.9000 0.5319
8563.4 0.9000 0.5319
8563.5 0.9000 0.5319
8563.6 0.9000 0.5318
8563.7 0.9000 0.5318
8563.8 0.9000 0.5318
8563.9 0.9000 0.5317
8564.0 0.9000 0.5317
8564.1 0.9000 0.5317
8564.2 0.9000 0.5317
8564.3 0.9000 0.5316
8564.4 0.9000 0.5316
8564.5 0.9000 0.5316
8564.6 0.9000 0.5316
8564.7 0.9000 0.5315
8564.8 0.9000 0.5315
8564.9 0.9000 0.5315
8565.0 0.9000 0.5314
8565.1 0.9000 0.5314
8565.2 0.9000 0.5314
8565.3 0.9000 0.5314
8565.4 0.9000 0.5313
8565.5 0.9000 0.5313
8565.6 0.9000 0.5313
8565.7 0.9000 0.5313
8565.8 0.9000 0.5312
8565.9 0.9000 0.5312
8566.0 0.9000 0.5312
8566.1 0.9000 0.5312
8566.2 0.9000 0.5311
8566.3 0.9000 0.5311
8566.4 0.9000 0.5311
8566.5 0.9000 0.5310
8566.6 0.9000 0.5310
8566.7 0.9000 0.5310
8566.8 0.9000 0.5310
8566.9 0.9000 0.5309
8567.0 0.9000 0.5309
8567.1 0.9000 0.5309
8567.2 0.9000 0.5309
8567.3 0.9000 0.5308
8567.4 0.9000 0.5308
8567.5 0.9000 0.5308
8567.6 0.9000 0.5307
8567.7 0.9000 0.5307
8567.8 0.9000 0.5307
8567.9 0.9000 0.5307
8568.0 0.9000 0.5306
8568.1 0.9000 0.5306
8568.2 0.9000 0.5306
8568.3 0.9000 0.5306
8568.4 0.9000 0.5305
8568.5 0.9000 0.5305
8568.6 0.9000 0.5305
8568.7 0.9000 0.5305
8568.8 0.9000 0.5304
8568.9 0.9000 0.5304
8569.0 0.9000 0.5304
8569.1 0.9000 0.5303
8569.2 0.9000 0.5303
8569.3 0.9000 0.5303
8569.4 0.9000 0.5303
8569.5 0.9000 0.5302
8569.6 0.9000 0.5302
8569.7 0.9000 0.5302
8569.8 0.9000 0.5302
8569.9 0.9000 0.5301
8570.0 0.9000 0.5301
8570.1 0.9000 0.5301
8570.2 0.9000 0.5300
8570.3 0.9000 0.5300
8570.4 0.9000 0.5300
8570.5 0.9000 0.5300
8570.6 0.9000 0.5299
8570.7 0.9000 0.5299
8570.8 0.9000 0.5299
8570.9 0.9000 0.5299
8571.0 0.9000 0.5298
8571.1 0.9000 0.5298
8571.2 0.9000 0.5298
8571.3 0.9000 0.5297
8571.4 0.9000 0.5297
8571.5 0.9000 0.5297
8571.6 0.9000 0.5297
8571.7 0.9000 0.5296
8571.8 0.9000 0.5296
8571.9 0.9000 0.5296
8572.0 0.9000 0.5296
8572.1 0.9000 0.5295
8572.2 0.9000 0.5295
8572.3 0.9000 0.5295
8572.4 0.9000 0.5295
8572.5 0.9000 0.5294
8572.6 0.9000 0.5294
8572.7 0.9000 0.5294
8572.8 0.9000 0.5293
8572.9 0.9000 0.5293
8573.0 0.9000 0.5293
8573.1 0.9000 0.5293
8573.2 0.9000 0.5292
8573.3 0.9000 0.5292
8573.4 0.9000 0.5292
8573.5 0.9000 0.5292
8573.6 0.9000 0.5291
8573.7 0.9000 0.5291
8573.8 0.9000 0.5291
8573.9 0.9000 0.5290
8574.0 0.9000 0.5290
8574.1 0.9000 0.5290
8574.2 0.9000 0.5290
8574.3 0.9000 0.5289
8574.4 0.9000 0.5289
8574.5 0.9000 0.5289
8574.6 0.9000 0.5289
8574.7 0.9000 0.5288
8574.8 0.9000 0.5288
8574.9 0.9000 0.5288
8575.0 0.9000 0.5287
8575.1 0.9000 0.5287
8575.2 0.9000 0.5287
8575.3 0.9000 0.5287
8575.4 0.9000 0.5286
8575.5 0.9000 0.5286
8575.6 0.9000 0.5286
8575.7 0.9000 0.5286
8575.8 0.9000 0.5285
8575.9 0.9000 0.5285
8576.0 0.9000 0.5285
8576.1 0.9000 0.5285
8576.2 0.9000 0.5284
8576.3 0.9000 0.5284
8576.4 0.9000 0.5284
8576.5 0.9000 0.5283
8576.6 0.9000 0.5283
8576.7 0.9000 0.5283
8576.8 0.9000 0.5283
8576.9 0.9000 0.5282
8577.0 0.9000 0.5282
8577.1 0.9000 0.5282
8577.2 0.9000 0.5282
8577.3 0.9000 0.5281
8577.4 0.9000 0.5281
8577.5 0.9000 0.5281
8577.6 0.9000 0.5280
8577.7 0.9000 0.5280
8577.8 0.9000 0.5280
8577.9 0.9000 0.5280
8578.0 0.9000 0.5279
8578.1 0.9000 0.5279
8578.2 0.9000 0.5279
8578.3 0.9000 0.5279
8578.4 0.9000 0.5278
8578.5 0.9000 0.5278
8578.6 0.9000 0.5278
8578.7 0.9000 0.5278
8578.8 0.9000 0.5277
8578.9 0.9000 0.5277
8579.0 0.9000 0.5277
8579.1 0.9000 0.5276
8579.2 0.9000 0.5276
8579.3 0.9000 0.5276
8579.4 0.9000 0.5276
8579.5 0.9000 0.5275
8579.6 0.9000 0.5275
8579.7 0.9000 0.5275
8579.8 0.9000 0.5275
8579.9 0.9000 0.5274
8580.0 0.9000 0.5274
8580.1 0.9000 0.5274
8580.2 0.9000 0.5273
8580.3 0.9000 0.5273
8580.4 0.9000 0.5273
8580.5 0.9000 0.5273
8580.6 0.9000 0.5272
8580.7 0.9000 0.5272
8580.8 0.9000 0.5272
8580.9 0.9000 0.5272
8581.0 0.9000 0.5271
8581.1 0.9000 0.5271
8581.2 0.9000 0.5271
8581.3 0.9000 0.5270
8581.4 0.9000 0.5270
8581.5 0.9000 0.5270
8581.6 0.9000 0.5270
8581.7 0.9000 0.5269
8581.8 0.9000 0.5269
8581.9 0.9000 0.5269
8582.0 0.9000 0.5269
8582.1 0.9000 0.5268
8582.2 0.9000 0.5268
8582.3 0.9000 0.5268
8582.4 0.9000 0.5268
8582.5 0.9000 0.5267
8582.6 0.9000 0.5267
8582.7 0.9000 0.5267
8582.8 0.9000 0.5266
8582.9 0.9000 0.5266
8583.0 0.9000 0.5266
8583.1 0.9000 0.5266
8583.2 0.9000 0.5265
8583.3 0.9000 0.5265
8583.4 0.9000 0.5265
8583.5 0.9000 0.5265
8583.6 0.9000 0.5264
8583.7 0.9000 0.5264
8583.8 0.9000 0.5264
8583.9 0.9000 0.5263
8584.0 0.9000 0.5263
8584.1 0.9000 0.5263
8584.2 0.9000 0.5263
8584.3 0.9000 0.5262
8584.4 0.9000 0.5262
8584.5 0.9000 0.5262
8584.6 0.9000 0.5262
8584.7 0.9000 0.5261
8584.8 0.9000 0.5261
8584.9 0.9000 0.5261
8585.0 0.9000 0.5260
8585.1 0.9000 0.5260
8585.2 0.9000 0.5260
8585.3 0.9000 0.5260
8585.4 0.9000 0.5259
8585.5 0.9000 0.5259
8585.6 0.9000 0.5259
8585.7 0.9000 0.5259
8585.8 0.9000 0.5258
8585.9 0.9000 0.5258
8586.0 0.9000 0.5258
8586.1 0.9000 0.5258
8586.2 0.9000 0.5257
8586.3 0.9000 0.5257
8586.4 0.9000 0.5257
8586.5 0.9000 0.5256
8586.6 0.9000 0.5256
8586.7 0.9000 0.5256
8586.8 0.9000 0.5256
8586.9 0.9000 0.5255
8587.0 0.9000 0.5255
8587.1 0.9000 0.5255
8587.2 0.9000 0.5255
8587.3 0.9000 0.5254
8587.4 0.9000 0.5254
8587.5 0.9000 0.5254
8587.6 0.9000 0.5253
8587.7 0.9000 0.5253
8587.8 0.9000 0.5253
8587.9 0.9000 0.5253
8588.0 0.9000 0.5252
8588.1 0.9000 0.5252
8588.2 0.9000 0.5252
8588.3 0.9000 0.5252
8588.4 0.9000 0.5251
8588.5 0.9000 0.5251
8588.6 0.9000 0.5251
8588.7 0.9000 0.5251
8588.8 0.9000 0.5250
8588.9 0.9000 0.5250
8589.0 0.9000 0.5250
8589.1 0.9000 0.5249
8589.2 0.9000 0.5249
8589.3 0.9000 0.5249
8589.4 0.9000 0.5249
8589.5 0.9000 0.5248
8589.6 0.9000 0.5248
8589.7 0.9000 0.5248
8589.8 0.9000 0.5248
8589.9 0.9000 0.5247
8590.0 0.9000 0.5247
8590.1 0.9000 0.5247
8590.2 0.9000 0.5246
8590.3 0.9000 0.5246
8590.4 0.9000 0.5246
8590.5 0.9000 0.5246
8590.6 0.9000 0.5245
8590.7 0.9000 0.5245
8590.8 0.9000 0.5245
8590.9 0.9000 0.5245
8591.0 0.9000 0.5244
8591.1 0.9000 0.5244
8591.2 0.9000 0.5244
8591.3 0.9000 0.5243
8591.4 0.9000 0.5243
8591.5 0.9000 0.5243
8591.6 0.9000 0.5243
8591.7 0.9000 0.5242
8591.8 0.9000 0.5242
8591.9 0.9000 0.5242
8592.0 0.9000 0.5242
8592.1 0.9000 0.5241
8592.2 0.9000 0.5241
8592.3 0.9000 0.5241
8592.4 0.9000 0.5241
8592.5 0.9000 0.5240
8592.6 0.9000 0.5240
8592.7 0.9000 0.5240
8592.8 0.9000 0.5239
8592.9 0.9000 0.5239
8593.0 0.9000 0.5239
8593.1 0.9000 0.5239
8593.2 0.9000 0.5238
8593.3 0.9000 0.5238
8593.4 0.9000 0.5238
8593.5 0.9000 0.5238
8593.6 0.9000 0.5237
8593.7 0.9000 0.5237
8593.8 0.9000 0.5237
8593.9 0.9000 0.5236
8594.0 0.9000 0.5236
8594.1 0.9000 0.5236
8594.2 0.9000 0.5236
8594.3 0.9000 0.5235
8594.4 0.9000 0.5235
8594.5 0.9000 0.5235
8594.6 0.9000 0.5235
8594.7 0.9000 0.5234
8594.8 0.9000 0.5234
8594.9 0.9000 0.5234
8595.0 0.9000 0.5233
8595.1 0.9000 0.5233
8595.2 0.9000 0.5233
8595.3 0.9000 0.5233
8595.4 0.9000 0.5232
8595.5 0.9000 0.5232
8595.6 0.9000 0.5232
8595.7 0.9000 0.5232
8595.8 0.9000 0.5231
8595.9 0.9000 0.5231
8596.0 0.9000 0.5231
8596.1 0.9000 0.5231
8596.2 0.9000 0.5230
8596.3 0.9000 0.5230
8596.4 0.9000 0.5230
8596.5 0.9000 0.5229
8596.6 0.9000 0.5229
8596.7 0.9000 0.5229
8596.8 0.9000 0.5229
8596.9 0.9000 0.5228
8597.0 0.9000 0.5228
8597.1 0.9000 0.5228
8597.2 0.9000 0.5228
8597.3 0.9000 0.5227
8597.4 0.9000 0.5227
8597.5 0.9000 0.5227
8597.6 0.9000 0.5226
8597.7 0.9000 0.5226
8597.8 0.9000 0.5226
8597.9 0.9000 0.5226
8598.0 0.9000 0.5225
8598.1 0.9000 0.5225
8598.2 0.9000 0.5225
8598.3 0.9000 0.5225
8598.4 0.9000 0.5224
8598.5 0.9000 0.5224
8598.6 0.9000 0.5224
8598.7 0.9000 0.5224
8598.8 0.9000 0.5223
8598.9 0.9000 0.5223
8599.0 0.9000 0.5223
8599.1 0.9000 0.5222
8599.2 0.9000 0.5222
8599.3 0.9000 0.5222
8599.4 0.9000 0.5222
8599.5 0.9000 0.5221
8599.6 0.9000 0.5221
8599.7 0.9000 0.5221
8599.8 0.9000 0.5221
8599.9 0.9000 0.5220
8600.0 0.9000 0.5220
8600.1 0.9000 0.5220
8600.2 0.9000 0.5219
8600.3 0.9000 0.5219
8600.4 0.9000 0.5219
8600.5 0.9000 0.5219
8600.6 0.9000 0.5218
8600.7 0.9000 0.5218
8600.8 0.9000 0.5218
8600.9 0.9000 0.5218
8601.0 0.9000 0.5217
8601.1 0.9000 0.5217
8601.2 0.9000 0.5217
8601.3 0.9000 0.5216
8601.4 0.9000 0.5216
8601.5 0.9000 0.5216
8601.6 0.9000 0.5216
8601.7 0.9000 0.5215
8601.8 0.9000 0.5215
8601.9 0.9000 0.5215
8602.0 0.9000 0.5215
8602.1 0.9000 0.5214
8602.2 0.9000 0.5214
8602.3 0.9000 0.5214
8602.4 0.9000 0.5214
8602.5 0.9000 0.5213
8602.6 0.9000 0.5213
8602.7 0.9000 0.5213
8602.8 0.9000 0.5212
8602.9 0.9000 0.5212
8603.0 0.9000 0.5212
8603.1 0.9000 0.5212
8603.2 0.9000 0.5211
8603.3 0.9000 0.5211
8603.4 0.9000 0.5211
8603.5 0.9000 0.5211
8603.6 0.9000 0.5210
8603.7 0.9000 0.5210
8603.8 0.9000 0.5210
8603.9 0.9000 0.5209
8604.0 0.9000 0.5209
8604.1 0.9000 0.5209
8604.2 0.9000 0.5209
8604.3 0.9000 0.5208
8604.4 0.9000 0.5208
8604.5 0.9000 0.5208
8604.6 0.9000 0.5208
8604.7 0.9000 0.5207
8604.8 0.9000 0.5207
8604.9 0.9000 0.5207
8605.0 0.9000 0.5206
8605.1 0.9000 0.5206
8605.2 0.9000 0.5206
8605.3 0.9000 0.5206
8605.4 0.9000 0.5205
8605.5 0.9000 0.5205
8605.6 0.9000 0.5205
8605.7 0.9000 0.5205
8605.8 0.9000 0.5204
8605.9 0.9000 0.5204
8606.0 0.9000 0.5204
8606.1 0.9000 0.5204
8606.2 0.9000 0.5203
8606.3 0.9000 0.5203
8606.4 0.9000 0.5203
8606.5 0.9000 0.5202
8606.6 0.9000 0.5202
8606.7 0.9000 0.5202
8606.8 0.9000 0.5202
8606.9 0.9000 0.5201
8607.0 0.9000 0.5201
8607.1 0.9000 0.5201
8607.2 0.9000 0.5201
8607.3 0.9000 0.5200
8607.4 0.9000 0.5200
8607.5 0.9000 0.5200
8607.6 0.9000 0.5199
8607.7 0.9000 0.5199
8607.8 0.9000 0.5199
8607.9 0.9000 0.5199
8608.0 0.9000 0.5198
8608.1 0.9000 0.5198
8608.2 0.9000 0.5198
8608.3 0.9000 0.5198
8608.4 0.9000 0.5197
8608.5 0.9000 0.5197
8608.6 0.9000 0.5197
8608.7 0.9000 0.5197
8608.8 0.9000 0.5196
8608.9 0.9000 0.5196
8609.0 0.9000 0.5196
8609.1 0.9000 0.5195
8609.2 0.9000 0.5195
8609.3 0.9000 0.5195
8609.4 0.9000 0.5195
8609.5 0.9000 0.5194
8609.6 0.9000 0.5194
8609.7 0.9000 0.5194
8609.8 0.9000 0.5194
8609.9 0.9000 0.5193
8610.0 0.9000 0.5193
8610.1 0.9000 0.5193
8610.2 0.9000 0.5192
8610.3 0.9000 0.5192
8610.4 0.9000 0.5192
8610.5 0.9000 0.5192
8610.6 0.9000 0.5191
8610.7 0.9000 0.5191
8610.8 0.9000 0.5191
8610.9 0.9000 0.5191
8611.0 0.9000 0.5190
8611.1 0.9000 0.5190
8611.2 0.9000 0.5190
8611.3 0.9000 0.5189
8611.4 0.9000 0.5189
8611.5 0.9000 0.5189
8611.6 0.9000 0.5189
8611.7 0.9000 0.5188
8611.8 0.9000 0.5188
8611.9 0.9000 0.5188
8612.0 0.9000 0.5188
8612.1 0.9000 0.5187
8612.2 0.9000 0.5187
8612.3 0.9000 0.5187
8612.4 0.9000 0.5187
8612.5 0.9000 0.5186
8612.6 0.9000 0.5186
8612.7 0.9000 0.5186
8612.8 0.9000 0.5185
8612.9 0.9000 0.5185
8613.0 0.9000 0.5185
8613.1 0.9000 0.5185
8613.2 0.9000 0.5184
8613.3 0.9000 0.5184
8613.4 0.9000 0.5184
8613.5 0.9000 0.5184
8613.6 0.9000 0.5183
8613.7 0.9000 0.5183
8613.8 0.9000 0.5183
8613.9 0.9000 0.5182
8614.0 0.9000 0.5182
8614.1 0.9000 0.5182
8614.2 0.9000 0.5182
8614.3 0.9000 0.5181
8614.4 0.9000 0.5181
8614.5 0.9000 0.5181
8614.6 0.9000 0.5181
8614.7 0.9000 0.5180
8614.8 0.9000 0.5180
8614.9 0.9000 0.5180
8615.0 0.9000 0.5179
8615.1 0.9000 0.5179
8615.2 0.9000 0.5179
8615.3 0.9000 0.5179
8615.4 0.9000 0.5178
8615.5 0.9000 0.5178
8615.6 0.9000 0.5178
8615.7 0.9000 0.5178
8615.8 0.9000 0.5177
8615.9 0.9000 0.5177
8616.0 0.9000 0.5177
8616.1 0.9000 0.5177
8616.2 0.9000 0.5176
8616.3 0.9000 0.5176
8616.4 0.9000 0.5176
8616.5 0.9000 0.5175
8616.6 0.9000 0.5175
8616.7 0.9000 0.5175
8616.8 0.9000 0.5175
8616.9 0.9000 0.5174
8617.0 0.9000 0.5174
8617.1 0.9000 0.5174
8617.2 0.9000 0.5174
8617.3 0.9000 0.5173
8617.4 0.9000 0.5173
8617.5 0.9000 0.5173
8617.6 0.9000 0.5172
8617.7 0.9000 0.5172
8617.8 0.9000 0.5172
8617.9 0.9000 0.5172
8618.0 0.9000 0.5171
8618.1 0.9000 0.5171
8618.2 0.9000 0.5171
8618.3 0.9000 0.5171
8618.4 0.9000 0.5170
8618.5 0.9000 0.5170
8618.6 0.9000 0.5170
8618.7 0.9000 0.5170
8618.8 0.9000 0.5169
8618.9 0.9000 0.5169
8619.0 0.9000 0.5169
8619.1 0.9000 0.5168
8619.2 0.9000 0.5168
8619.3 0.9000 0.5168
8619.4 0.9000 0.5168
8619.5 0.9000 0.5167
8619.6 0.9000 0.5167
8619.7 0.9000 0.5167
8619.8 0.9000 0.5167
8619.9 0.9000 0.5166
8620.0 0.9000 0.5166
8620.1 0.9000 0.5166
8620.2 0.9000 0.5165
8620.3 0.9000 0.5165
8620.4 0.9000 0.5165
8620.5 0.9000 0.5165
8620.6 0.9000 0.5164
8620.7 0.9000 0.5164
8620.8 0.9000 0.5164
8620.9 0.9000 0.5164
8621.0 0.9000 0.5163
8621.1 0.9000 0.5163
8621.2 0.9000 0.5163
8621.3 0.9000 0.5162
8621.4 0.9000 0.5162
8621.5 0.9000 0.5162
8621.6 0.9000 0.5162
8621.7 0.9000 0.5161
8621.8 0.9000 0.5161
8621.9 0.9000 0.5161
8622.0 0.9000 0.5161
8622.1 0.9000 0.5160
8622.2 0.9000 0.5160
8622.3 0.9000 0.5160
8622.4 0.9000 0.5160
8622.5 0.9000 0.5159
8622.6 0.9000 0.5159
8622.7 0.9000 0.5159
8622.8 0.9000 0.5158
8622.9 0.9000 0.5158
8623.0 0.9000 0.5158
8623.1 0.9000 0.5158
8623.2 0.9000 0.5157
8623.3 0.9000 0.5157
8623.4 0.9000 0.5157
8623.5 0.9000 0.5157
8623.6 0.9000 0.5156
8623.7 0.9000 0.5156
8623.8 0.9000 0.5156
8623.9 0.9000 0.5155
8624.0 0.9000 0.5155
8624.1 0.9000 0.5155
8624.2 0.9000 0.5155
8624.3 0.9000 0.5154
8624.4 0.9000 0.5154
8624.5 0.9000 0.5154
8624.6 0.9000 0.5154
8624.7 0.9000 0.5153
8624.8 0.9000 0.5153
8624.9 0.9000 0.5153
8625.0 0.9000 0.5152
8625.1 0.9000 0.5152
8625.2 0.9000 0.5152
8625.3 0.9000 0.5152
8625.4 0.9000 0.5151
8625.5 0.9000 0.5151
8625.6 0.9000 0.5151
8625.7 0.9000 0.5151
8625.8 0.9000 0.5150
8625.9 0.9000 0.5150
8626.0 0.9000 0.5150
8626.1 0.9000 0.5150
8626.2 0.9000 0.5149
8626.3 0.9000 0.5149
8626.4 0.9000 0.5149
8626.5 0.9000 0.5148
8626.6 0.9000 0.5148
8626.7 0.9000 0.5148
8626.8 0.9000 0.5148
8626.9 0.9000 0.5147
8627.0 0.9000 0.5147
8627.1 0.9000 0.5147
8627.2 0.9000 0.5147
8627.3 0.9000 0.5146
8627.4 0.9000 0.5146
8627.5 0.9000 0.5146
8627.6 0.9000 0.5145
8627.7 0.9000 0.5145
8627.8 0.9000 0.5145
8627.9 0.9000 0.5145
8628.0 0.9000 0.5144
8628.1 0.9000 0.5144
8628.2 0.9000 0.5144
8628.3 0.9000 0.5144
8628.4 0.9000 0.5143
8628.5 0.9000 0.5143
8628.6 0.9000 0.5143
8628.7 0.9000 0.5143
8628.8 0.9000 0.5142
8628.9 0.9000 0.5142
8629.0 0.9000 0.5142
8629.1 0.9000 0.5141
8629.2 0.9000 0.5141
8629.3 0.9000 0.5141
8629.4 0.9000 0.5141
8629.5 0.9000 0.5140
8629.6 0.9000 0.5140
8629.7 0.9000 0.5140
8629.8 0.9000 0.5140
8629.9 0.9000 0.5139
8630.0 0.9000 0.5139
8630.1 0.9000 0.5139
8630.2 0.9000 0.5138
8630.3 0.9000 0.5138
8630.4 0.9000 0.5138
8630.5 0.9000 0.5138
8630.6 0.9000 0.5137
8630.7 0.9000 0.5137
8630.8 0.9000 0.5137
8630.9 0.9000 0.5137
8631.0 0.9000 0.5136
8631.1 0.9000 0.5136
8631.2 0.9000 0.5136
8631.3 0.9000 0.5135
8631.4 0.9000 0.5135
8631.5 0.9000 0.5135
8631.6 0.9000 0.5135
8631.7 0.9000 0.5134
8631.8 0.9000 0.5134
8631.9 0.9000 0.5134
8632.0 0.9000 0.5134
8632.1 0.9000 0.5133
8632.2 0.9000 0.5133
8632.3 0.9000 0.5133
8632.4 0.9000 0.5133
8632.5 0.9000 0.5132
8632.6 0.9000 0.5132
8632.7 0.9000 0.5132
8632.8 0.9000 0.5131
8632.9 0.9000 0.5131
8633.0 0.9000 0.5131
8633.1 0.9000 0.5131
8633.2 0.9000 0.5130
8633.3 0.9000 0.5130
8633.4 0.9000 0.5130
8633.5 0.9000 0.5130
8633.6 0.9000 0.5129
8633.7 0.9000 0.5129
8633.8 0.9000 0.5129
8633.9 0.9000 0.5128
8634.0 0.9000 0.5128
8634.1 0.9000 0.5128
8634.2 0.9000 0.5128
8634.3 0.9000 0.5127
8634.4 0.9000 0.5127
8634.5 0.9000 0.5127
8634.6 0.9000 0.5127
8634.7 0.9000 0.5126
8634.8 0.9000 0.5126
8634.9 0.9000 0.5126
8635.0 0.9000 0.5125
8635.1 0.9000 0.5125
8635.2 0.9000 0.5125
8635.3 0.9000 0.5125
8635.4 0.9000 0.5124
8635.5 0.9000 0.5124
8635.6 0.9000 0.5124
8635.7 0.9000 0.5124
8635.8 0.9000 0.5123
8635.9 0.9000 0.5123
8636.0 0.9000 0.5123
8636.1 0.9000 0.5123
8636.2 0.9000 0.5122
8636.3 0.9000 0.5122
8636.4 0.9000 0.5122
8636.5 0.9000 0.5121
8636.6 0.9000 0.5121
8636.7 0.9000 0.5121
8636.8 0.9000 0.5121
8636.9 0.9000 0.5120
8637.0 0.9000 0.5120
8637.1 0.9000 0.5120
8637.2 0.9000 0.5120
8637.3 0.9000 0.5119
8637.4 0.9000 0.5119
8637.5 0.9000 0.5119
8637.6 0.9000 0.5118
8637.7 0.9000 0.5118
8637.8 0.9000 0.5118
8637.9 0.9000 0.5118
8638.0 0.9000 0.5117
8638.1 0.9000 0.5117
8638.2 0.9000 0.5117
8638.3 0.9000 0.5117
8638.4 0.9000 0.5116
8638.5 0.9000 0.5116
8638.6 0.9000 0.5116
8638.7 0.9000 0.5116
8638.8 0.9000 0.5115
8638.9 0.9000 0.5115
8639.0 0.9000 0.5115
8639.1 0.9000 0.5114
8639.2 0.9000 0.5114
8639.3 0.9000 0.5114
8639.4 0.9000 0.5114
8639.5 0.9000 0.5113
8639.6 0.9000 0.5113
8639.7 0.9000 0.5113
8639.8 0.9000 0.5113
8639.9 0.9000 0.5112
8640.0 0.9000 0.5112
8640.1 0.9000 0.5112
8640.2 0.9000 0.5111
8640.3 0.9000 0.5111
8640.4 0.9000 0.5111
8640.5 0.9000 0.5111
8640.6 0.9000 0.5110
8640.7 0.9000 0.5110
8640.8 0.9000 0.5110
8640.9 0.9000 0.5110
8641.0 0.9000 0.5109
8641.1 0.9000 0.5109
8641.2 0.9000 0.5109
8641.3 0.9000 0.5108
8641.4 0.9000 0.5108
8641.5 0.9000 0.5108
8641.6 0.9000 0.5108
8641.7 0.9000 0.5107
8641.8 0.9000 0.5107
8641.9 0.9000 0.5107
8642.0 0.9000 0.5107
8642.1 0.9000 0.5106
8642.2 0.9000 0.5106
8642.3 0.9000 0.5106
8642.4 0.9000 0.5106
8642.5 0.9000 0.5105
8642.6 0.9000 0.5105
8642.7 0.9000 0.5105
8642.8 0.9000 0.5104
8642.9 0.9000 0.5104
8643.0 0.9000 0.5104
8643.1 0.9000 0.5104
8643.2 0.9000 0.5103
8643.3 0.9000 0.5103
8643.4 0.9000 0.5103
8643.5 0.9000 0.5103
8643.6 0.9000 0.5102
8643.7 0.9000 0.5102
8643.8 0.9000 0.5102
8643.9 0.9000 0.5101
8644.0 0.9000 0.5101
8644.1 0.9000 0.5101
8644.2 0.9000 0.5101
8644.3 0.9000 0.5100
8644.4 0.9000 0.5100
8644.5 0.9000 0.5100
8644.6 0.9000 0.5100
8644.7 0.9000 0.5099
8644.8 0.9000 0.5099
8644.9 0.9000 0.5099
8645.0 0.9000 0.5098
8645.1 0.9000 0.5098
8645.2 0.9000 0.5098
8645.3 0.9000 0.5098
8645.4 0.9000 0.5097
8645.5 0.9000 0.5097
8645.6 0.9000 0.5097
8645.7 0.9000 0.5097
8645.8 0.9000 0.5096
8645.9 0.9000 0.5096
8646.0 0.9000 0.5096
8646.1 0.9000 0.5096
8646.2 0.9000 0.5095
8646.3 0.9000 0.5095
8646.4 0.9000 0.5095
8646.5 0.9000 0.5094
8646.6 0.9000 0.5094
8646.7 0.9000 0.5094
8646.8 0.9000 0.5094
8646.9 0.9000 0.5093
8647.0 0.9000 0.5093
8647.1 0.9000 0.5093
8647.2 0.9000 0.5093
8647.3 0.9000 0.5092
8647.4 0.9000 0.5092
8647.5 0.9000 0.5092
8647.6 0.9000 0.5091
8647.7 0.9000 0.5091
8647.8 0.9000 0.5091
8647.9 0.9000 0.5091
8648.0 0.9000 0.5090
8648.1 0.9000 0.5090
8648.2 0.9000 0.5090
8648.3 0.9000 0.5090
8648.4 0.9000 0.5089
8648.5 0.9000 0.5089
8648.6 0.9000 0.5089
8648.7 0.9000 0.5089
8648.8 0.9000 0.5088
8648.9 0.9000 0.5088
8649.0 0.9000 0.5088
8649.1 0.9000 0.5087
8649.2 0.9000 0.5087
8649.3 0.9000 0.5087
8649.4 0.9000 0.5087
8649.5 0.9000 0.5086
8649.6 0.9000 0.5086
8649.7 0.9000 0.5086
8649.8 0.9000 0.5086
8649.9 0.9000 0.5085
8650.0 0.9000 0.5085
8650.1 0.9000 0.5085
8650.2 0.9000 0.5084
8650.3 0.9000 0.5084
8650.4 0.9000 0.5084
8650.5 0.9000 0.5084
8650.6 0.9000 0.5083
8650.7 0.9000 0.5083
8650.8 0.9000 0.5083
8650.9 0.9000 0.5083
8651.0 0.9000 0.5082
8651.1 0.9000 0.5082
8651.2 0.9000 0.5082
8651.3 0.9000 0.5081
8651.4 0.9000 0.5081
8651.5 0.9000 0.5081
8651.6 0.9000 0.5081
8651.7 0.9000 0.5080
8651.8 0.9000 0.5080
8651.9 0.9000 0.5080
8652.0 0.9000 0.5080
8652.1 0.9000 0.5079
8652.2 0.9000 0.5079
8652.3 0.9000 0.5079
8652.4 0.9000 0.5079
8652.5 0.9000 0.5078
8652.6 0.9000 0.5078
8652.7 0.9000 0.5078
8652.8 0.9000 0.5077
8652.9 0.9000 0.5077
8653.0 0.9000 0.5077
8653.1 0.9000 0.5077
8653.2 0.9000 0.5076
8653.3 0.9000 0.5076
8653.4 0.9000 0.5076
8653.5 0.9000 0.5076
8653.6 0.9000 0.5075
8653.7 0.9000 0.5075
8653.8 0.9000 0.5075
8653.9 0.9000 0.5074
8654.0 0.9000 0.5074
8654.1 0.9000 0.5074
8654.2 0.9000 0.5074
8654.3 0.9000 0.5073
8654.4 0.9000 0.5073
8654.5 0.9000 0.5073
8654.6 0.9000 0.5073
8654.7 0.9000 0.5072
8654.8 0.9000 0.5072
8654.9 0.9000 0.5072
8655.0 0.9000 0.5071
8655.1 0.9000 0.5071
8655.2 0.9000 0.5071
8655.3 0.9000 0.5071
8655.4 0.9000 0.5070
8655.5 0.9000 0.5070
8655.6 0.9000 0.5070
8655.7 0.9000 0.5070
8655.8 0.9000 0.5069
8655.9 0.9000 0.5069
8656.0 0.9000 0.5069
8656.1 0.9000 0.5069
8656.2 0.9000 0.5068
8656.3 0.9000 0.5068
8656.4 0.9000 0.5068
8656.5 0.9000 0.5067
8656.6 0.9000 0.5067
8656.7 0.9000 0.5067
8656.8 0.9000 0.5067
8656.9 0.9000 0.5066
8657.0 0.9000 0.5066
8657.1 0.9000 0.5066
8657.2 0.9000 0.5066
8657.3 0.9000 0.5065
8657.4 0.9000 0.5065
8657.5 0.9000 0.5065
8657.6 0.9000 0.5064
8657.7 0.9000 0.5064
8657.8 0.9000 0.5064
8657.9 0.9000 0.5064
8658.0 0.9000 0.5063
8658.1 0.9000 0.5063
8658.2 0.9000 0.5063
8658.3 0.9000 0.5063
8658.4 0.9000 0.5062
8658.5 0.9000 0.5062
8658.6 0.9000 0.5062
8658.7 0.9000 0.5062
8658.8 0.9000 0.5061
8658.9 0.9000 0.5061
8659.0 0.9000 0.5061
8659.1 0.9000 0.5060
8659.2 0.9000 0.5060
8659.3 0.9000 0.5060
8659.4 0.9000 0.5060
8659.5 0.9000 0.5059
8659.6 0.9000 0.5059
8659.7 0.9000 0.5059
8659.8 0.9000 0.5059
8659.9 0.9000 0.5058
8660.0 0.9000 0.5058
8660.1 0.9000 0.5058
8660.2 0.9000 0.5057
8660.3 0.9000 0.5057
8660.4 0.9000 0.5057
8660.5 0.9000 0.5057
8660.6 0.9000 0.5056
8660.7 0.9000 0.5056
8660.8 0.9000 0.5056
8660.9 0.9000 0.5056
8661.0 0.9000 0.5055
8661.1 0.9000 0.5055
8661.2 0.9000 0.5055
8661.3 0.9000 0.5054
8661.4 0.9000 0.5054
8661.5 0.9000 0.5054
8661.6 0.9000 0.5054
8661.7 0.9000 0.5053
8661.8 0.9000 0.5053
8661.9 0.9000 0.5053
8662.0 0.9000 0.5053
8662.1 0.9000 0.5052
8662.2 0.9000 0.5052
8662.3 0.9000 0.5052
8662.4 0.9000 0.5052
8662.5 0.9000 0.5051
8662.6 0.9000 0.5051
8662.7 0.9000 0.5051
8662.8 0.9000 0.5050
8662.9 0.9000 0.5050
8663.0 0.9000 0.5050
8663.1 0.9000 0.5050
8663.2 0.9000 0.5049
8663.3 0.9000 0.5049
8663.4 0.9000 0.5049
8663.5 0.9000 0.5049
8663.6 0.9000 0.5048
8663.7 0.9000 0.5048
8663.8 0.9000 0.5048
8663.9 0.9000 0.5047
8664.0 0.9000 0.5047
8664.1 0.9000 0.5047
8664.2 0.9000 0.5047
8664.3 0.9000 0.5046
8664.4 0.9000 0.5046
8664.5 0.9000 0.5046
8664.6 0.9000 0.5046
8664.7 0.9000 0.5045
8664.8 0.9000 0.5045
8664.9 0.9000 0.5045
8665.0 0.9000 0.5044
8665.1 0.9000 0.5044
8665.2 0.9000 0.5044
8665.3 0.9000 0.5044
8665.4 0.9000 0.5043
8665.5 0.9000 0.5043
8665.6 0.9000 0.5043
8665.7 0.9000 0.5043
8665.8 0.9000 0.5042
8665.9 0.9000 0.5042
8666.0 0.9000 0.5042
8666.1 0.9000 0.5042
8666.2 0.9000 0.5041
8666.3 0.9000 0.5041
8666.4 0.9000 0.5041
8666.5 0.9000 0.5040
8666.6 0.9000 0.5040
8666.7 0.9000 0.5040
8666.8 0.9000 0.5040
8666.9 0.9000 0.5039
8667.0 0.9000 0.5039
8667.1 0.9000 0.5039
8667.2 0.9000 0.5039
8667.3 0.9000 0.5038
8667.4 0.9000 0.5038
8667.5 0.9000 0.5038
8667.6 0.9000 0.5037
8667.7 0.9000 0.5037
8667.8 0.9000 0.5037
8667.9 0.9000 0.5037
8668.0 0.9000 0.5036
8668.1 0.9000 0.5036
8668.2 0.9000 0.5036
8668.3 0.9000 0.5036
8668.4 0.9000 0.5035
8668.5 0.9000 0.5035
8668.6 0.9000 0.5035
8668.7 0.9000 0.5035
8668.8 0.9000 0.5034
8668.9 0.9000 0.5034
8669.0 0.9000 0.5034
8669.1 0.9000 0.5033
8669.2 0.9000 0.5033
8669.3 0.9000 0.5033
8669.4 0.9000 0.5033
8669.5 0.9000 0.5032
8669.6 0.9000 0.5032
8669.7 0.9000 0.5032
8669.8 0.9000 0.5032
8669.9 0.9000 0.5031
8670.0 0.9000 0.5031
8670.1 0.9000 0.5031
8670.2 0.9000 0.5030
8670.3 0.9000 0.5030
8670.4 0.9000 0.5030
8670.5 0.9000 0.5030
8670.6 0.9000 0.5029
8670.7 0.9000 0.5029
8670.8 0.9000 0.5029
8670.9 0.9000 0.5029
8671.0 0.9000 0.5028
8671.1 0.9000 0.5028
8671.2 0.9000 0.5028
8671.3 0.9000 0.5027
8671.4 0.9000 0.5027
8671.5 0.9000 0.5027
8671.6 0.9000 0.5027
8671.7 0.9000 0.5026
8671.8 0.9000 0.5026
8671.9 0.9000 0.5026
8672.0 0.9000 0.5026
8672.1 0.9000 0.5025
8672.2 0.9000 0.5025
8672.3 0.9000 0.5025
8672.4 0.9000 0.5025
8672.5 0.9000 0.5024
8672.6 0.9000 0.5024
8672.7 0.9000 0.5024
8672.8 0.9000 0.5023
8672.9 0.9000 0.5023
8673.0 0.9000 0.5023
8673.1 0.9000 0.5023
8673.2 0.9000 0.5022
8673.3 0.9000 0.5022
8673.4 0.9000 0.5022
8673.5 0.9000 0.5022
8673.6 0.9000 0.5021
8673.7 0.9000 0.5021
8673.8 0.9000 0.5021
8673.9 0.9000 0.5020
8674.0 0.9000 0.5020
8674.1 0.9000 0.5020
8674.2 0.9000 0.5020
8674.3 0.9000 0.5019
8674.4 0.9000 0.5019
8674.5 0.9000 0.5019
8674.6 0.9000 0.5019
8674.7 0.9000 0.5018
8674.8 0.9000 0.5018
8674.9 0.9000 0.5018
8675.0 0.9000 0.5017
8675.1 0.9000 0.5017
8675.2 0.9000 0.5017
8675.3 0.9000 0.5017
8675.4 0.9000 0.5016
8675.5 0.9000 0.5016
8675.6 0.9000 0.5016
8675.7 0.9000 0.5016
8675.8 0.9000 0.5015
8675.9 0.9000 0.5015
8676.0 0.9000 0.5015
8676.1 0.9000 0.5015
8676.2 0.9000 0.5014
8676.3 0.9000 0.5014
8676.4 0.9000 0.5014
8676.5 0.9000 0.5013
8676.6 0.9000 0.5013
8676.7 0.9000 0.5013
8676.8 0.9000 0.5013
8676.9 0.9000 0.5012
8677.0 0.9000 0.5012
8677.1 0.9000 0.5012
8677.2 0.9000 0.5012
8677.3 0.9000 0.5011
8677.4 0.9000 0.5011
8677.5 0.9000 0.5011
8677.6 0.9000 0.5010
8677.7 0.9000 0.5010
8677.8 0.9000 0.5010
8677.9 0.9000 0.5010
8678.0 0.9000 0.5009
8678.1 0.9000 0.5009
8678.2 0.9000 0.5009
8678.3 0.9000 0.5009
8678.4 0.9000 0.5008
8678.5 0.9000 0.5008
8678.6 0.9000 0.5008
8678.7 0.9000 0.5008
8678.8 0.9000 0.5007
8678.9 0.9000 0.5007
8679.0 0.9000 0.5007
8679.1 0.9000 0.5006
8679.2 0.9000 0.5006
8679.3 0.9000 0.5006
8679.4 0.9000 0.5006
8679.5 0.9000 0.5005
8679.6 0.9000 0.5005
8679.7 0.9000 0.5005
8679.8 0.9000 0.5005
8679.9 0.9000 0.5004
8680.0 0.9000 0.5004
8680.1 0.9000 0.5004
8680.2 0.9000 0.5003
8680.3 0.9000 0.5003
8680.4 0.9000 0.5003
8680.5 0.9000 0.5003
8680.6 0.9000 0.5002
8680.7 0.9000 0.5002
8680.8 0.9000 0.5002
8680.9 0.9000 0.5002
8681.0 0.9000 0.5001
8681.1 0.9000 0.5001
8681.2 0.9000 0.5001
8681.3 0.9000 0.5000
8681.4 0.9000 0.5000
8681.5 0.9000 0.5000
8681.6 0.9000 0.5000
8681.7 0.9000 0.4999
8681.8 0.9000 0.4999
8681.9 0.9000 0.4999
8682.0 0.9000 0.4999
8682.1 0.9000 0.4998
8682.2 0.9000 0.4998
8682.3 0.9000 0.4998
8682.4 0.9000 0.4998
8682.5 0.9000 0.4997
8682.6 0.9000 0.4997
8682.7 0.9000 0.4997
8682.8 0.9000 0.4996
8682.9 0.9000 0.4996
8683.0 0.9000 0.4996
8683.1 0.9000 0.4996
8683.2 0.9000 0.4995
8683.3 0.9000 0.4995
8683.4 0.9000 0.4995
8683.5 0.9000 0.4995
8683.6 0.9000 0.4994
8683.7 0.9000 0.4994
8683.8 0.9000 0.4994
8683.9 0.9000 0.4993
8684.0 0.9000 0.4993
8684.1 0.9000 0.4993
8684.2 0.9000 0.4993
8684.3 0.9000 0.4992
8684.4 0.9000 0.4992
8684.5 0.9000 0.4992
8684.6 0.9000 0.4992
8684.7 0.9000 0.4991
8684.8 0.9000 0.4991
8684.9 0.9000 0.4991
8685.0 0.9000 0.4990
8685.1 0.9000 0.4990
8685.2 0.9000 0.4990
8685.3 0.9000 0.4990
8685.4 0.9000 0.4989
8685.5 0.9000 0.4989
8685.6 0.9000 0.4989
8685.7 0.9000 0.4989
8685.8 0.9000 0.4988
8685.9 0.9000 0.4988
8686.0 0.9000 0.4988
8686.1 0.9000 0.4988
8686.2 0.9000 0.4987
8686.3 0.9000 0.4987
8686.4 0.9000 0.4987
8686.5 0.9000 0.4986
8686.6 0.9000 0.4986
8686.7 0.9000 0.4986
8686.8 0.9000 0.4986
8686.9 0.9000 0.4985
8687.0 0.9000 0.4985
8687.1 0.9000 0.4985
8687.2 0.9000 0.4985
8687.3 0.9000 0.4984
8687.4 0.9000 0.4984
8687.5 0.9000 0.4984
8687.6 0.9000 0.4983
8687.7 0.9000 0.4983
8687.8 0.9000 0.4983
8687.9 0.9000 0.4983
8688.0 0.9000 0.4982
8688.1 0.9000 0.4982
8688.2 0.9000 0.4982
8688.3 0.9000 0.4982
8688.4 0.9000 0.4981
8688.5 0.9000 0.4981
8688.6 0.9000 0.4981
8688.7 0.9000 0.4981
8688.8 0.9000 0.4980
8688.9 0.9000 0.4980
8689.0 0.9000 0.4980
8689.1 0.9000 0.4979
8689.2 0.9000 0.4979
8689.3 0.9000 0.4979
8689.4 0.9000 0.4979
8689.5 0.9000 0.4978
8689.6 0.9000 0.4978
8689.7 0.9000 0.4978
8689.8 0.9000 0.4978
8689.9 0.9000 0.4977
8690.0 0.9000 0.4977
8690.1 0.9000 0.4977
8690.2 0.9000 0.4976
8690.3 0.9000 0.4976
8690.4 0.9000 0.4976
8690.5 0.9000 0.4976
8690.6 0.9000 0.4975
8690.7 0.9000 0.4975
8690.8 0.9000 0.4975
8690.9 0.9000 0.4975
8691.0 0.9000 0.4974
8691.1 0.9000 0.4974
8691.2 0.9000 0.4974
8691.3 0.9000 0.4973
8691.4 0.9000 0.4973
8691.5 0.9000 0.4973
8691.6 0.9000 0.4973
8691.7 0.9000 0.4972
8691.8 0.9000 0.4972
8691.9 0.9000 0.4972
8692.0 0.9000 0.4972
8692.1 0.9000 0.4971
8692.2 0.9000 0.4971
8692.3 0.9000 0.4971
8692.4 0.9000 0.4971
8692.5 0.9000 0.4970
8692.6 0.9000 0.4970
8692.7 0.9000 0.4970
8692.8 0.9000 0.4969
8692.9 0.9000 0.4969
8693.0 0.9000 0.4969
8693.1 0.9000 0.4969
8693.2 0.9000 0.4968
8693.3 0.9000 0.4968
8693.4 0.9000 0.4968
8693.5 0.9000 0.4968
8693.6 0.9000 0.4967
8693.7 0.9000 0.4967
8693.8 0.9000 0.4967
8693.9 0.9000 0.4966
8694.0 0.9000 0.4966
8694.1 0.9000 0.4966
8694.2 0.9000 0.4966
8694.3 0.9000 0.4965
8694.4 0.9000 0.4965
8694.5 0.9000 0.4965
8694.6 0.9000 0.4965
8694.7 0.9000 0.4964
8694.8 0.9000 0.4964
8694.9 0.9000 0.4964
8695.0 0.9000 0.4963
8695.1 0.9000 0.4963
8695.2 0.9000 0.4963
8695.3 0.9000 0.4963
8695.4 0.9000 0.4962
8695.5 0.9000 0.4962
8695.6 0.9000 0.4962
8695.7 0.9000 0.4962
8695.8 0.9000 0.4961
8695.9 0.9000 0.4961
8696.0 0.9000 0.4961
8696.1 0.9000 0.4961
8696.2 0.9000 0.4960
8696.3 0.9000 0.4960
8696.4 0.9000 0.4960
8696.5 0.9000 0.4959
8696.6 0.9000 0.4959
8696.7 0.9000 0.4959
8696.8 0.9000 0.4959
8696.9 0.9000 0.4958
8697.0 0.9000 0.4958
8697.1 0.9000 0.4958
8697.2 0.9000 0.4958
8697.3 0.9000 0.4957
8697.4 0.9000 0.4957
8697.5 0.9000 0.4957
8697.6 0.9000 0.4956
8697.7 0.9000 0.4956
8697.8 0.9000 0.4956
8697.9 0.9000 0.4956
8698.0 0.9000 0.4955
8698.1 0.9000 0.4955
8698.2 0.9000 0.4955
8698.3 0.9000 0.4955
8698.4 0.9000 0.4954
8698.5 0.9000 0.4954
8698.6 0.9000 0.4954
8698.7 0.9000 0.4954
8698.8 0.9000 0.4953
8698.9 0.9000 0.4953
8699.0 0.9000 0.4953
8699.1 0.9000 0.4952
8699.2 0.9000 0.4952
8699.3 0.9000 0.4952
8699.4 0.9000 0.4952
8699.5 0.9000 0.4951
8699.6 0.9000 0.4951
8699.7 0.9000 0.4951
8699.8 0.9000 0.4951
8699.9 0.9000 0.4950
8700.0 0.9000 0.4950
8700.1 0.9000 0.4950
8700.2 0.9000 0.4949
8700.3 0.9000 0.4949
8700.4 0.9000 0.4949
8700.5 0.9000 0.4949
8700.6 0.9000 0.4948
8700.7 0.9000 0.4948
8700.8 0.9000 0.4948
8700.9 0.9000 0.4948
8701.0 0.9000 0.4947
8701.1 0.9000 0.4947
8701.2 0.9000 0.4947
8701.3 0.9000 0.4946
8701.4 0.9000 0.4946
8701.5 0.9000 0.4946
8701.6 0.9000 0.4946
8701.7 0.9000 0.4945
8701.8 0.9000 0.4945
8701.9 0.9000 0.4945
8702.0 0.9000 0.4945
8702.1 0.9000 0.4944
8702.2 0.9000 0.4944
8702.3 0.9000 0.4944
8702.4 0.9000 0.4944
8702.5 0.9000 0.4943
8702.6 0.9000 0.4943
8702.7 0.9000 0.4943
8702.8 0.9000 0.4942
8702.9 0.9000 0.4942
8703.0 0.9000 0.4942
8703.1 0.9000 0.4942
8703.2 0.9000 0.4941
8703.3 0.9000 0.4941
8703.4 0.9000 0.4941
8703.5 0.9000 0.4941
8703.6 0.9000 0.4940
8703.7 0.9000 0.4940
8703.8 0.9000 0.4940
8703.9 0.9000 0.4939
8704.0 0.9000 0.4939
8704.1 0.9000 0.4939
8704.2 0.9000 0.4939
8704.3 0.9000 0.4938
8704.4 0.9000 0.4938
8704.5 0.9000 0.4938
8704.6 0.9000 0.4938
8704.7 0.9000 0.4937
8704.8 0.9000 0.4937
8704.9 0.9000 0.4937
8705.0 0.9000 0.4936
8705.1 0.9000 0.4936
8705.2 0.9000 0.4936
8705.3 0.9000 0.4936
8705.4 0.9000 0.4935
8705.5 0.9000 0.4935
8705.6 0.9000 0.4935
8705.7 0.9000 0.4935
8705.8 0.9000 0.4934
8705.9 0.9000 0.4934
8706.0 0.9000 0.4934
8706.1 0.9000 0.4934
8706.2 0.9000 0.4933
8706.3 0.9000 0.4933
8706.4 0.9000 0.4933
8706.5 0.9000 0.4932
8706.6 0.9000 0.4932
8706.7 0.9000 0.4932
8706.8 0.9000 0.4932
8706.9 0.9000 0.4931
8707.0 0.9000 0.4931
8707.1 0.9000 0.4931
8707.2 0.9000 0.4931
8707.3 0.9000 0.4930
8707.4 0.9000 0.4930
8707.5 0.9000 0.4930
8707.6 0.9000 0.4929
8707.7 0.9000 0.4929
8707.8 0.9000 0.4929
8707.9 0.9000 0.4929
8708.0 0.9000 0.4928
8708.1 0.9000 0.4928
8708.2 0.9000 0.4928
8708.3 0.9000 0.4928
8708.4 0.9000 0.4927
8708.5 0.9000 0.4927
8708.6 0.9000 0.4927
8708.7 0.9000 0.4927
8708.8 0.9000 0.4926
8708.9 0.9000 0.4926
8709.0 0.9000 0.4926
8709.1 0.9000 0.4925
8709.2 0.9000 0.4925
8709.3 0.9000 0.4925
8709.4 0.9000 0.4925
8709.5 0.9000 0.4924
8709.6 0.9000 0.4924
8709.7 0.9000 0.4924
8709.8 0.9000 0.4924
8709.9 0.9000 0.4923
8710.0 0.9000 0.4923
8710.1 0.9000 0.4923
8710.2 0.9000 0.4922
8710.3 0.9000 0.4922
8710.4 0.9000 0.4922
8710.5 0.9000 0.4922
8710.6 0.9000 0.4921
8710.7 0.9000 0.4921
8710.8 0.9000 0.4921
8710.9 0.9000 0.4921
8711.0 0.9000 0.4920
8711.1 0.9000 0.4920
8711.2 0.9000 0.4920
8711.3 0.9000 0.4919
8711.4 0.9000 0.4919
8711.5 0.9000 0.4919
8711.6 0.9000 0.4919
8711.7 0.9000 0.4918
8711.8 0.9000 0.4918
8711.9 0.9000 0.4918
8712.0 0.9000 0.4918
8712.1 0.9000 0.4917
8712.2 0.9000 0.4917
8712.3 0.9000 0.4917
8712.4 0.9000 0.4917
8712.5 0.9000 0.4916
8712.6 0.9000 0.4916
8712.7 0.9000 0.4916
8712.8 0.9000 0.4915
8712.9 0.9000 0.4915
8713.0 0.9000 0.4915
8713.1 0.9000 0.4915
8713.2 0.9000 0.4914
8713.3 0.9000 0.4914
8713.4 0.9000 0.4914
8713.5 0.9000 0.4914
8713.6 0.9000 0.4913
8713.7 0.9000 0.4913
8713.8 0.9000 0.4913
8713.9 0.9000 0.4912
8714.0 0.9000 0.4912
8714.1 0.9000 0.4912
8714.2 0.9000 0.4912
8714.3 0.9000 0.4911
8714.4 0.9000 0.4911
8714.5 0.9000 0.4911
8714.6 0.9000 0.4911
8714.7 0.9000 0.4910
8714.8 0.9000 0.4910
8714.9 0.9000 0.4910
8715.0 0.9000 0.4909
8715.1 0.9000 0.4909
8715.2 0.9000 0.4909
8715.3 0.9000 0.4909
8715.4 0.9000 0.4908
8715.5 0.9000 0.4908
8715.6 0.9000 0.4908
8715.7 0.9000 0.4908
8715.8 0.9000 0.4907
8715.9 0.9000 0.4907
8716.0 0.9000 0.4907
8716.1 0.9000 0.4907
8716.2 0.9000 0.4906
8716.3 0.9000 0.4906
8716.4 0.9000 0.4906
8716.5 0.9000 0.4905
8716.6 0.9000 0.4905
8716.7 0.9000 0.4905
8716.8 0.9000 0.4905
8716.9 0.9000 0.4904
8717.0 0.9000 0.4904
8717.1 0.9000 0.4904
8717.2 0.9000 0.4904
8717.3 0.9000 0.4903
8717.4 0.9000 0.4903
8717.5 0.9000 0.4903
8717.6 0.9000 0.4902
8717.7 0.9000 0.4902
8717.8 0.9000 0.4902
8717.9 0.9000 0.4902
8718.0 0.9000 0.4901
8718.1 0.9000 0.4901
8718.2 0.9000 0.4901
8718.3 0.9000 0.4901
8718.4 0.9000 0.4900
8718.5 0.9000 0.4900
8718.6 0.9000 0.4900
8718.7 0.9000 0.4900
8718.8 0.9000 0.4899
8718.9 0.9000 0.4899
8719.0 0.9000 0.4899
8719.1 0.9000 0.4898
8719.2 0.9000 0.4898
8719.3 0.9000 0.4898
8719.4 0.9000 0.4898
8719.5 0.9000 0.4897
8719.6 0.9000 0.4897
8719.7 0.9000 0.4897
8719.8 0.9000 0.4897
8719.9 0.9000 0.4896
8720.0 0.9000 0.4896
8720.1 0.9000 0.4896
8720.2 0.9000 0.4895
8720.3 0.9000 0.4895
8720.4 0.9000 0.4895
8720.5 0.9000 0.4895
8720.6 0.9000 0.4894
8720.7 0.9000 0.4894
8720.8 0.9000 0.4894
8720.9 0.9000 0.4894
8721.0 0.9000 0.4893
8721.1 0.9000 0.4893
8721.2 0.9000 0.4893
8721.3 0.9000 0.4892
8721.4 0.9000 0.4892
8721.5 0.9000 0.4892
8721.6 0.9000 0.4892
8721.7 0.9000 0.4891
8721.8 0.9000 0.4891
8721.9 0.9000 0.4891
8722.0 0.9000 0.4891
8722.1 0.9000 0.4890
8722.2 0.9000 0.4890
8722.3 0.9000 0.4890
8722.4 0.9000 0.4890
8722.5 0.9000 0.4889
8722.6 0.9000 0.4889
8722.7 0.9000 0.4889
8722.8 0.9000 0.4888
8722.9 0.9000 0.4888
8723.0 0.9000 0.4888
8723.1 0.9000 0.4888
8723.2 0.9000 0.4887
8723.3 0.9000 0.4887
8723.4 0.9000 0.4887
8723.5 0.9000 0.4887
8723.6 0.9000 0.4886
8723.7 0.9000 0.4886
8723.8 0.9000 0.4886
8723.9 0.9000 0.4885
8724.0 0.9000 0.4885
8724.1 0.9000 0.4885
8724.2 0.9000 0.4885
8724.3 0.9000 0.4884
8724.4 0.9000 0.4884
8724.5 0.9000 0.4884
8724.6 0.9000 0.4884
8724.7 0.9000 0.4883
8724.8 0.9000 0.4883
8724.9 0.9000 0.4883
8725.0 0.9000 0.4882
8725.1 0.9000 0.4882
8725.2 0.9000 0.4882
8725.3 0.9000 0.4882
8725.4 0.9000 0.4881
8725.5 0.9000 0.4881
8725.6 0.9000 0.4881
8725.7 0.9000 0.4881
8725.8 0.9000 0.4880
8725.9 0.9000 0.4880
8726.0 0.9000 0.4880
8726.1 0.9000 0.4880
8726.2 0.9000 0.4879
8726.3 0.9000 0.4879
8726.4 0.9000 0.4879
8726.5 0.9000 0.4878
8726.6 0.9000 0.4878
8726.7 0.9000 0.4878
8726.8 0.9000 0.4878
8726.9 0.9000 0.4877
8727.0 0.9000 0.4877
8727.1 0.9000 0.4877
8727.2 0.9000 0.4877
8727.3 0.9000 0.4876
8727.4 0.9000 0.4876
8727.5 0.9000 0.4876
8727.6 0.9000 0.4875
8727.7 0.9000 0.4875
8727.8 0.9000 0.4875
8727.9 0.9000 0.4875
8728.0 0.9000 0.4874
8728.1 0.9000 0.4874
8728.2 0.9000 0.4874
8728.3 0.9000 0.4874
8728.4 0.9000 0.4873
8728.5 0.9000 0.4873
8728.6 0.9000 0.4873
8728.7 0.9000 0.4873
8728.8 0.9000 0.4872
8728.9 0.9000 0.4872
8729.0 0.9000 0.4872
8729.1 0.9000 0.4871
8729.2 0.9000 0.4871
8729.3 0.9000 0.4871
8729.4 0.9000 0.4871
8729.5 0.9000 0.4870
8729.6 0.9000 0.4870
8729.7 0.9000 0.4870
8729.8 0.9000 0.4870
8729.9 0.9000 0.4869
8730.0 0.9000 0.4869
8730.1 0.9000 0.4869
8730.2 0.9000 0.4868
8730.3 0.9000 0.4868
8730.4 0.9000 0.4868
8730.5 0.9000 0.4868
8730.6 0.9000 0.4867
8730.7 0.9000 0.4867
8730.8 0.9000 0.4867
8730.9 0.9000 0.4867
8731.0 0.9000 0.4866
8731.1 0.9000 0.4866
8731.2 0.9000 0.4866
8731.3 0.9000 0.4865
8731.4 0.9000 0.4865
8731.5 0.9000 0.4865
8731.6 0.9000 0.4865
8731.7 0.9000 0.4864
8731.8 0.9000 0.4864
8731.9 0.9000 0.4864
8732.0 0.9000 0.4864
8732.1 0.9000 0.4863
8732.2 0.9000 0.4863
8732.3 0.9000 0.4863
8732.4 0.9000 0.4863
8732.5 0.9000 0.4862
8732.6 0.9000 0.4862
8732.7 0.9000 0.4862
8732.8 0.9000 0.4861
8732.9 0.9000 0.4861
8733.0 0.9000 0.4861
8733.1 0.9000 0.4861
8733.2 0.9000 0.4860
8733.3 0.9000 0.4860
8733.4 0.9000 0.4860
8733.5 0.9000 0.4860
8733.6 0.9000 0.4859
8733.7 0.9000 0.4859
8733.8 0.9000 0.4859
8733.9 0.9000 0.4858
8734.0 0.9000 0.4858
8734.1 0.9000 0.4858
8734.2 0.9000 0.4858
8734.3 0.9000 0.4857
8734.4 0.9000 0.4857
8734.5 0.9000 0.4857
8734.6 0.9000 0.4857
8734.7 0.9000 0.4856
8734.8 0.9000 0.4856
8734.9 0.9000 0.4856
8735.0 0.9000 0.4855
8735.1 0.9000 0.4855
8735.2 0.9000 0.4855
8735.3 0.9000 0.4855
8735.4 0.9000 0.4854
8735.5 0.9000 0.4854
8735.6 0.9000 0.4854
8735.7 0.9000 0.4854
8735.8 0.9000 0.4853
8735.9 0.9000 0.4853
8736.0 0.9000 0.4853
8736.1 0.9000 0.4853
8736.2 0.9000 0.4852
8736.3 0.9000 0.4852
8736.4 0.9000 0.4852
8736.5 0.9000 0.4851
8736.6 0.9000 0.4851
8736.7 0.9000 0.4851
8736.8 0.9000 0.4851
8736.9 0.9000 0.4850
8737.0 0.9000 0.4850
8737.1 0.9000 0.4850
8737.2 0.9000 0.4850
8737.3 0.9000 0.4849
8737.4 0.9000 0.4849
8737.5 0.9000 0.4849
8737.6 0.9000 0.4848
8737.7 0.9000 0.4848
8737.8 0.9000 0.4848
8737.9 0.9000 0.4848
8738.0 0.9000 0.4847
8738.1 0.9000 0.4847
8738.2 0.9000 0.4847
8738.3 0.9000 0.4847
8738.4 0.9000 0.4846
8738.5 0.9000 0.4846
8738.6 0.9000 0.4846
8738.7 0.9000 0.4846
8738.8 0.9000 0.4845
8738.9 0.9000 0.4845
8739.0 0.9000 0.4845
8739.1 0.9000 0.4844
8739.2 0.9000 0.4844
8739.3 0.9000 0.4844
8739.4 0.9000 0.4844
8739.5 0.9000 0.4843
8739.6 0.9000 0.4843
8739.7 0.9000 0.4843
8739.8 0.9000 0.4843
8739.9 0.9000 0.4842
8740.0 0.9000 0.4842
8740.1 0.9000 0.4842
8740.2 0.9000 0.4841
8740.3 0.9000 0.4841
8740.4 0.9000 0.4841
8740.5 0.9000 0.4841
8740.6 0.9000 0.4840
8740.7 0.9000 0.4840
8740.8 0.9000 0.4840
8740.9 0.9000 0.4840
8741.0 0.9000 0.4839
8741.1 0.9000 0.4839
8741.2 0.9000 0.4839
8741.3 0.9000 0.4838
8741.4 0.9000 0.4838
8741.5 0.9000 0.4838
8741.6 0.9000 0.4838
8741.7 0.9000 0.4837
8741.8 0.9000 0.4837
8741.9 0.9000 0.4837
8742.0 0.9000 0.4837
8742.1 0.9000 0.4836
8742.2 0.9000 0.4836
8742.3 0.9000 0.4836
8742.4 0.9000 0.4836
8742.5 0.9000 0.4835
8742.6 0.9000 0.4835
8742.7 0.9000 0.4835
8742.8 0.9000 0.4834
8742.9 0.9000 0.4834
8743.0 0.9000 0.4834
8743.1 0.9000 0.4834
8743.2 0.9000 0.4833
8743.3 0.9000 0.4833
8743.4 0.9000 0.4833
8743.5 0.9000 0.4833
8743.6 0.9000 0.4832
8743.7 0.9000 0.4832
8743.8 0.9000 0.4832
8743.9 0.9000 0.4831
8744.0 0.9000 0.4831
8744.1 0.9000 0.4831
8744.2 0.9000 0.4831
8744.3 0.9000 0.4830
8744.4 0.9000 0.4830
8744.5 0.9000 0.4830
8744.6 0.9000 0.4830
8744.7 0.9000 0.4829
8744.8 0.9000 0.4829
8744.9 0.9000 0.4829
8745.0 0.9000 0.4828
8745.1 0.9000 0.4828
8745.2 0.9000 0.4828
8745.3 0.9000 0.4828
8745.4 0.9000 0.4827
8745.5 0.9000 0.4827
8745.6 0.9000 0.4827
8745.7 0.9000 0.4827
8745.8 0.9000 0.4826
8745.9 0.9000 0.4826
8746.0 0.9000 0.4826
8746.1 0.9000 0.4826
8746.2 0.9000 0.4825
8746.3 0.9000 0.4825
8746.4 0.9000 0.4825
8746.5 0.9000 0.4824
8746.6 0.9000 0.4824
8746.7 0.9000 0.4824
8746.8 0.9000 0.4824
8746.9 0.9000 0.4823
8747.0 0.9000 0.4823
8747.1 0.9000 0.4823
8747.2 0.9000 0.4823
8747.3 0.9000 0.4822
8747.4 0.9000 0.4822
8747.5 0.9000 0.4822
8747.6 0.9000 0.4821
8747.7 0.9000 0.4821
8747.8 0.9000 0.4821
8747.9 0.9000 0.4821
8748.0 0.9000 0.4820
8748.1 0.9000 0.4820
8748.2 0.9000 0.4820
8748.3 0.9000 0.4820
8748.4 0.9000 0.4819
8748.5 0.9000 0.4819
8748.6 0.9000 0.4819
8748.7 0.9000 0.4819
8748.8 0.9000 0.4818
8748.9 0.9000 0.4818
8749.0 0.9000 0.4818
8749.1 0.9000 0.4817
8749.2 0.9000 0.4817
8749.3 0.9000 0.4817
8749.4 0.9000 0.4817
8749.5 0.9000 0.4816
8749.6 0.9000 0.4816
8749.7 0.9000 0.4816
8749.8 0.9000 0.4816
8749.9 0.9000 0.4815
8750.0 0.9000 0.4815
8750.1 0.9000 0.4815
8750.2 0.9000 0.4814
8750.3 0.9000 0.4814
8750.4 0.9000 0.4814
8750.5 0.9000 0.4814
8750.6 0.9000 0.4813
8750.7 0.9000 0.4813
8750.8 0.9000 0.4813
8750.9 0.9000 0.4813
8751.0 0.9000 0.4812
8751.1 0.9000 0.4812
8751.2 0.9000 0.4812
8751.3 0.9000 0.4811
8751.4 0.9000 0.4811
8751.5 0.9000 0.4811
8751.6 0.9000 0.4811
8751.7 0.9000 0.4810
8751.8 0.9000 0.4810
8751.9 0.9000 0.4810
8752.0 0.9000 0.4810
8752.1 0.9000 0.4809
8752.2 0.9000 0.4809
8752.3 0.9000 0.4809
8752.4 0.9000 0.4809
8752.5 0.9000 0.4808
8752.6 0.9000 0.4808
8752.7 0.9000 0.4808
8752.8 0.9000 0.4807
8752.9 0.9000 0.4807
8753.0 0.9000 0.4807
8753.1 0.9000 0.4807
8753.2 0.9000 0.4806
8753.3 0.9000 0.4806
8753.4 0.9000 0.4806
8753.5 0.9000 0.4806
8753.6 0.9000 0.4805
8753.7 0.9000 0.4805
8753.8 0.9000 0.4805
8753.9 0.9000 0.4804
8754.0 0.9000 0.4804
8754.1 0.9000 0.4804
8754.2 0.9000 0.4804
8754.3 0.9000 0.4803
8754.4 0.9000 0.4803
8754.5 0.9000 0.4803
8754.6 0.9000 0.4803
8754.7 0.9000 0.4802
8754.8 0.9000 0.4802
8754.9 0.9000 0.4802
8755.0 0.9000 0.4801
8755.1 0.9000 0.4801
8755.2 0.9000 0.4801
8755.3 0.9000 0.4801
8755.4 0.9000 0.4800
8755.5 0.9000 0.4800
8755.6 0.9000 0.4800
8755.7 0.9000 0.4800
8755.8 0.9000 0.4799
8755.9 0.9000 0.4799
8756.0 0.9000 0.4799
8756.1 0.9000 0.4799
8756.2 0.9000 0.4798
8756.3 0.9000 0.4798
8756.4 0.9000 0.4798
8756.5 0.9000 0.4797
8756.6 0.9000 0.4797
8756.7 0.9000 0.4797
8756.8 0.9000 0.4797
8756.9 0.9000 0.4796
8757.0 0.9000 0.4796
8757.1 0.9000 0.4796
8757.2 0.9000 0.4796
8757.3 0.9000 0.4795
8757.4 0.9000 0.4795
8757.5 0.9000 0.4795
8757.6 0.9000 0.4794
8757.7 0.9000 0.4794
8757.8 0.9000 0.4794
8757.9 0.9000 0.4794
8758.0 0.9000 0.4793
8758.1 0.9000 0.4793
8758.2 0.9000 0.4793
8758.3 0.9000 0.4793
8758.4 0.9000 0.4792
8758.5 0.9000 0.4792
8758.6 0.9000 0.4792
8758.7 0.9000 0.4792
8758.8 0.9000 0.4791
8758.9 0.9000 0.4791
8759.0 0.9000 0.4791
8759.1 0.9000 0.4790
8759.2 0.9000 0.4790
8759.3 0.9000 0.4790
8759.4 0.9000 0.4790
8759.5 0.9000 0.4789
8759.6 0.9000 0.4789
8759.7 0.9000 0.4789
8759.8 0.9000 0.4789
8759.9 0.9000 0.4788
8760.0 0.9000 0.4788
8760.1 0.9000 0.4788
8760.2 0.9000 0.4787
8760.3 0.9000 0.4787
8760.4 0.9000 0.4787
8760.5 0.9000 0.4787
8760.6 0.9000 0.4786
8760.7 0.9000 0.4786
8760.8 0.9000 0.4786
8760.9 0.9000 0.4786
8761.0 0.9000 0.4785
8761.1 0.9000 0.4785
8761.2 0.9000 0.4785
8761.3 0.9000 0.4784
8761.4 0.9000 0.4784
8761.5 0.9000 0.4784
8761.6 0.9000 0.4784
8761.7 0.9000 0.4783
8761.8 0.9000 0.4783
8761.9 0.9000 0.4783
8762.0 0.9000 0.4783
8762.1 0.9000 0.4782
8762.2 0.9000 0.4782
8762.3 0.9000 0.4782
8762.4 0.9000 0.4782
8762.5 0.9000 0.4781
8762.6 0.9000 0.4781
8762.7 0.9000 0.4781
8762.8 0.9000 0.4780
8762.9 0.9000 0.4780
8763.0 0.9000 0.4780
8763.1 0.9000 0.4780
8763.2 0.9000 0.4779
8763.3 0.9000 0.4779
8763.4 0.9000 0.4779
8763.5 0.9000 0.4779
8763.6 0.9000 0.4778
8763.7 0.9000 0.4778
8763.8 0.9000 0.4778
8763.9 0.9000 0.4777
8764.0 0.9000 0.4777
8764.1 0.9000 0.4777
8764.2 0.9000 0.4777
8764.3 0.9000 0.4776
8764.4 0.9000 0.4776
8764.5 0.9000 0.4776
8764.6 0.9000 0.4776
8764.7 0.9000 0.4775
8764.8 0.9000 0.4775
8764.9 0.9000 0.4775
8765.0 0.9000 0.4774
8765.1 0.9000 0.4774
8765.2 0.9000 0.4774
8765.3 0.9000 0.4774
8765.4 0.9000 0.4773
8765.5 0.9000 0.4773
8765.6 0.9000 0.4773
8765.7 0.9000 0.4773
8765.8 0.9000 0.4772
8765.9 0.9000 0.4772
8766.0 0.9000 0.4772
8766.1 0.9000 0.4772
8766.2 0.9000 0.4771
8766.3 0.9000 0.4771
8766.4 0.9000 0.4771
8766.5 0.9000 0.4770
8766.6 0.9000 0.4770
8766.7 0.9000 0.4770
8766.8 0.9000 0.4770
8766.9 0.9000 0.4769
8767.0 0.9000 0.4769
8767.1 0.9000 0.4769
8767.2 0.9000 0.4769
8767.3 0.9000 0.4768
8767.4 0.9000 0.4768
8767.5 0.9000 0.4768
8767.6 0.9000 0.4767
8767.7 0.9000 0.4767
8767.8 0.9000 0.4767
8767.9 0.9000 0.4767
8768.0 0.9000 0.4766
8768.1 0.9000 0.4766
8768.2 0.9000 0.4766
8768.3 0.9000 0.4766
8768.4 0.9000 0.4765
8768.5 0.9000 0.4765
8768.6 0.9000 0.4765
8768.7 0.9000 0.4765
8768.8 0.9000 0.4764
8768.9 0.9000 0.4764
8769.0 0.9000 0.4764
8769.1 0.9000 0.4763
8769.2 0.9000 0.4763
8769.3 0.9000 0.4763
8769.4 0.9000 0.4763
8769.5 0.9000 0.4762
8769.6 0.9000 0.4762
8769.7 0.9000 0.4762
8769.8 0.9000 0.4762
8769.9 0.9000 0.4761
8770.0 0.9000 0.4761
8770.1 0.9000 0.4761
8770.2 0.9000 0.4760
8770.3 0.9000 0.4760
8770.4 0.9000 0.4760
8770.5 0.9000 0.4760
8770.6 0.9000 0.4759
8770.7 0.9000 0.4759
8770.8 0.9000 0.4759
8770.9 0.9000 0.4759
8771.0 0.9000 0.4758
8771.1 0.9000 0.4758
8771.2 0.9000 0.4758
8771.3 0.9000 0.4757
8771.4 0.9000 0.4757
8771.5 0.9000 0.4757
8771.6 0.9000 0.4757
8771.7 0.9000 0.4756
8771.8 0.9000 0.4756
8771.9 0.9000 0.4756
8772.0 0.9000 0.4756
8772.1 0.9000 0.4755
8772.2 0.9000 0.4755
8772.3 0.9000 0.4755
8772.4 0.9000 0.4755
8772.5 0.9000 0.4754
8772.6 0.9000 0.4754
8772.7 0.9000 0.4754
8772.8 0.9000 0.4753
8772.9 0.9000 0.4753
8773.0 0.9000 0.4753
8773.1 0.9000 0.4753
8773.2 0.9000 0.4752
8773.3 0.9000 0.4752
8773.4 0.9000 0.4752
8773.5 0.9000 0.4752
8773.6 0.9000 0.4751
8773.7 0.9000 0.4751
8773.8 0.9000 0.4751
8773.9 0.9000 0.4750
8774.0 0.9000 0.4750
8774.1 0.9000 0.4750
8774.2 0.9000 0.4750
8774.3 0.9000 0.4749
8774.4 0.9000 0.4749
8774.5 0.9000 0.4749
8774.6 0.9000 0.4749
8774.7 0.9000 0.4748
8774.8 0.9000 0.4748
8774.9 0.9000 0.4748
8775.0 0.9000 0.4747
8775.1 0.9000 0.4747
8775.2 0.9000 0.4747
8775.3 0.9000 0.4747
8775.4 0.9000 0.4746
8775.5 0.9000 0.4746
8775.6 0.9000 0.4746
8775.7 0.9000 0.4746
8775.8 0.9000 0.4745
8775.9 0.9000 0.4745
8776.0 0.9000 0.4745
8776.1 0.9000 0.4745
8776.2 0.9000 0.4744
8776.3 0.9000 0.4744
8776.4 0.9000 0.4744
8776.5 0.9000 0.4743
8776.6 0.9000 0.4743
8776.7 0.9000 0.4743
8776.8 0.9000 0.4743
8776.9 0.9000 0.4742
8777.0 0.9000 0.4742
8777.1 0.9000 0.4742
8777.2 0.9000 0.4742
8777.3 0.9000 0.4741
8777.4 0.9000 0.4741
8777.5 0.9000 0.4741
8777.6 0.9000 0.4740
8777.7 0.9000 0.4740
8777.8 0.9000 0.4740
8777.9 0.9000 0.4740
8778.0 0.9000 0.4739
8778.1 0.9000 0.4739
8778.2 0.9000 0.4739
8778.3 0.9000 0.4739
8778.4 0.9000 0.4738
8778.5 0.9000 0.4738
8778.6 0.9000 0.4738
8778.7 0.9000 0.4738
8778.8 0.9000 0.4737
8778.9 0.9000 0.4737
8779.0 0.9000 0.4737
8779.1 0.9000 0.4736
8779.2 0.9000 0.4736
8779.3 0.9000 0.4736
8779.4 0.9000 0.4736
8779.5 0.9000 0.4735
8779.6 0.9000 0.4735
8779.7 0.9000 0.4735
8779.8 0.9000 0.4735
8779.9 0.9000 0.4734
8780.0 0.9000 0.4734
8780.1 0.9000 0.4734
8780.2 0.9000 0.4733
8780.3 0.9000 0.4733
8780.4 0.9000 0.4733
8780.5 0.9000 0.4733
8780.6 0.9000 0.4732
8780.7 0.9000 0.4732
8780.8 0.9000 0.4732
8780.9 0.9000 0.4732
8781.0 0.9000 0.4731
8781.1 0.9000 0.4731
8781.2 0.9000 0.4731
8781.3 0.9000 0.4730
8781.4 0.9000 0.4730
8781.5 0.9000 0.4730
8781.6 0.9000 0.4730
8781.7 0.9000 0.4729
8781.8 0.9000 0.4729
8781.9 0.9000 0.4729
8782.0 0.9000 0.4729
8782.1 0.9000 0.4728
8782.2 0.9000 0.4728
8782.3 0.9000 0.4728
8782.4 0.9000 0.4728
8782.5 0.9000 0.4727
8782.6 0.9000 0.4727
8782.7 0.9000 0.4727
8782.8 0.9000 0.4726
8782.9 0.9000 0.4726
8783.0 0.9000 0.4726
8783.1 0.9000 0.4726
8783.2 0.9000 0.4725
8783.3 0.9000 0.4725
8783.4 0.9000 0.4725
8783.5 0.9000 0.4725
8783.6 0.9000 0.4724
8783.7 0.9000 0.4724
8783.8 0.9000 0.4724
8783.9 0.9000 0.4723
8784.0 0.9000 0.4723
8784.1 0.9000 0.4723
8784.2 0.9000 0.4723
8784.3 0.9000 0.4722
8784.4 0.9000 0.4722
8784.5 0.9000 0.4722
8784.6 0.9000 0.4722
8784.7 0.9000 0.4721
8784.8 0.9000 0.4721
8784.9 0.9000 0.4721
8785.0 0.9000 0.4720
8785.1 0.9000 0.4720
8785.2 0.9000 0.4720
8785.3 0.9000 0.4720
8785.4 0.9000 0.4719
8785.5 0.9000 0.4719
8785.6 0.9000 0.4719
8785.7 0.9000 0.4719
8785.8 0.9000 0.4718
8785.9 0.9000 0.4718
8786.0 0.9000 0.4718
8786.1 0.9000 0.4718
8786.2 0.9000 0.4717
8786.3 0.9000 0.4717
8786.4 0.9000 0.4717
8786.5 0.9000 0.4716
8786.6 0.9000 0.4716
8786.7 0.9000 0.4716
8786.8 0.9000 0.4716
8786.9 0.9000 0.4715
8787.0 0.9000 0.4715
8787.1 0.9000 0.4715
8787.2 0.9000 0.4715
8787.3 0.9000 0.4714
8787.4 0.9000 0.4714
8787.5 0.9000 0.4714
8787.6 0.9000 0.4713
8787.7 0.9000 0.4713
8787.8 0.9000 0.4713
8787.9 0.9000 0.4713
8788.0 0.9000 0.4712
8788.1 0.9000 0.4712
8788.2 0.9000 0.4712
8788.3 0.9000 0.4712
8788.4 0.9000 0.4711
8788.5 0.9000 0.4711
8788.6 0.9000 0.4711
8788.7 0.9000 0.4711
8788.8 0.9000 0.4710
8788.9 0.9000 0.4710
8789.0 0.9000 0.4710
8789.1 0.9000 0.4709
8789.2 0.9000 0.4709
8789.3 0.9000 0.4709
8789.4 0.9000 0.4709
8789.5 0.9000 0.4708
8789.6 0.9000 0.4708
8789.7 0.9000 0.4708
8789.8 0.9000 0.4708
8789.9 0.9000 0.4707
8790.0 0.9000 0.4707
8790.1 0.8977 0.4695
8790.2 0.8955 0.4683
8790.3 0.8932 0.4671
8790.4 0.8910 0.4659
8790.5 0.8887 0.4647
8790.6 0.8865 0.4635
8790.7 0.8842 0.4623
8790.8 0.8820 0.4611
8790.9 0.8797 0.4599
8791.0 0.8775 0.4587
8791.1 0.8752 0.4575
8791.2 0.8730 0.4563
8791.3 0.8707 0.4551
8791.4 0.8685 0.4539
8791.5 0.8662 0.4527
8791.6 0.8640 0.4515
8791.7 0.8617 0.4503
8791.8 0.8595 0.4491
8791.9 0.8572 0.4479
8792.0 0.8550 0.4467
8792.1 0.8527 0.4455
8792.2 0.8505 0.4443
8792.3 0.8482 0.4430
8792.4 0.8460 0.4418
8792.5 0.8437 0.4406
8792.6 0.8415 0.4394
8792.7 0.8392 0.4382
8792.8 0.8370 0.4370
8792.9 0.8347 0.4358
8793.0 0.8325 0.4346
8793.1 0.8302 0.4334
8793.2 0.8280 0.4322
8793.3 0.8257 0.4310
8793.4 0.8235 0.4299
8793.5 0.8212 0.4287
8793.6 0.8190 0.4275
8793.7 0.8167 0.4263
8793.8 0.8145 0.4251
8793.9 0.8122 0.4239
8794.0 0.8100 0.4227
8794.1 0.8077 0.4215
8794.2 0.8055 0.4203
8794.3 0.8032 0.4191
8794.4 0.8010 0.4179
8794.5 0.7987 0.4167
8794.6 0.7965 0.4155
8794.7 0.7942 0.4143
8794.8 0.7920 0.4131
8794.9 0.7897 0.4119
8795.0 0.7875 0.4107
8795.1 0.7852 0.4095
8795.2 0.7830 0.4083
8795.3 0.7807 0.4071
8795.4 0.7785 0.4059
8795.5 0.7762 0.4047
8795.6 0.7740 0.4035
8795.7 0.7717 0.4023
8795.8 0.7695 0.4011
8795.9 0.7672 0.3999
8796.0 0.7650 0.3987
8796.1 0.7627 0.3975
8796.2 0.7605 0.3963
8796.3 0.7582 0.3951
8796.4 0.7560 0.3939
8796.5 0.7537 0.3927
8796.6 0.7515 0.3915
8796.7 0.7492 0.3904
8796.8 0.7470 0.3892
8796.9 0.7447 0.3880
8797.0 0.7425 0.3868
8797.1 0.7402 0.3856
8797.2 0.7380 0.3844
8797.3 0.7357 0.3832
8797.4 0.7335 0.3820
8797.5 0.7312 0.3808
8797.6 0.7290 0.3796
8797.7 0.7267 0.3784
8797.8 0.7245 0.3772
8797.9 0.7222 0.3760
8798.0 0.7200 0.3748
8798.1 0.7177 0.3736
8798.2 0.7155 0.3724
8798.3 0.7132 0.3713
8798.4 0.7110 0.3701
8798.5 0.7087 0.3689
8798.6 0.7065 0.3677
8798.7 0.7042 0.3665
8798.8 0.7020 0.3653
8798.9 0.6997 0.3641
8799.0 0.6975 0.3629
8799.1 0.6952 0.3617
8799.2 0.6930 0.3605
8799.3 0.6907 0.3593
8799.4 0.6885 0.3581
8799.5 0.6862 0.3570
8799.6 0.6840 0.3558
8799.7 0.6817 0.3546
8799.8 0.6795 0.3534
8799.9 0.6772 0.3522
8800.0 0.6750 0.3510
8800.1 0.6727 0.3498
8800.2 0.6705 0.3486
8800.3 0.6682 0.3474
8800.4 0.6660 0.3462
8800.5 0.6637 0.3451
8800.6 0.6615 0.3439
8800.7 0.6592 0.3427
8800.8 0.6570 0.3415
8800.9 0.6547 0.3403
8801.0 0.6525 0.3391
8801.1 0.6502 0.3379
8801.2 0.6480 0.3367
8801.3 0.6457 0.3355
8801.4 0.6435 0.3343
8801.5 0.6412 0.3332
8801.6 0.6390 0.3320
8801.7 0.6367 0.3308
8801.8 0.6345 0.3296
8801.9 0.6322 0.3284
8802.0 0.6300 0.3272
8802.1 0.6277 0.3260
8802.2 0.6255 0.3248
8802.3 0.6232 0.3237
8802.4 0.6210 0.3225
8802.5 0.6187 0.3213
8802.6 0.6165 0.3201
8802.7 0.6142 0.3189
8802.8 0.6120 0.3177
8802.9 0.6097 0.3165
8803.0 0.6075 0.3154
8803.1 0.6052 0.3142
8803.2 0.6030 0.3130
8803.3 0.6007 0.3118
8803.4 0.5985 0.3106
8803.5 0.5962 0.3094
8803.6 0.5940 0.3082
8803.7 0.5917 0.3071
8803.8 0.5895 0.3059
8803.9 0.5872 0.3047
8804.0 0.5850 0.3035
8804.1 0.5827 0.3023
8804.2 0.5805 0.3011
8804.3 0.5782 0.2999
8804.4 0.5760 0.2988
8804.5 0.5737 0.2976
8804.6 0.5715 0.2964
8804.7 0.5692 0.2952
8804.8 0.5670 0.2940
8804.9 0.5647 0.2928
8805.0 0.5625 0.2917
8805.1 0.5602 0.2905
8805.2 0.5580 0.2893
8805.3 0.5557 0.2881
8805.4 0.5535 0.2869
8805.5 0.5512 0.2857
8805.6 0.5490 0.2846
8805.7 0.5467 0.2834
8805.8 0.5445 0.2822
8805.9 0.5422 0.2810
8806.0 0.5400 0.2798
8806.1 0.5377 0.2786
8806.2 0.5355 0.2775
8806.3 0.5332 0.2763
8806.4 0.5310 0.2751
8806.5 0.5287 0.2739
8806.6 0.5265 0.2727
8806.7 0.5242 0.2716
8806.8 0.5220 0.2704
8806.9 0.5197 0.2692
8807.0 0.5175 0.2680
8807.1 0.5152 0.2668
8807.2 0.5130 0.2657
8807.3 0.5107 0.2645
8807.4 0.5085 0.2633
8807.5 0.5062 0.2621
8807.6 0.5040 0.2609
8807.7 0.5017 0.2598
8807.8 0.4995 0.2586
8807.9 0.4972 0.2574
8808.0 0.4950 0.2562
8808.1 0.4927 0.2550
8808.2 0.4905 0.2539
8808.3 0.4882 0.2527
8808.4 0.4860 0.2515
8808.5 0.4837 0.2503
8808.6 0.4815 0.2491
8808.7 0.4792 0.2480
8808.8 0.4770 0.2468
8808.9 0.4747 0.2456
8809.0 0.4725 0.2444
8809.1 0.4702 0.2432
8809.2 0.4680 0.2421
8809.3 0.4657 0.2409
8809.4 0.4635 0.2397
8809.5 0.4612 0.2385
8809.6 0.4590 0.2374
8809.7 0.4567 0.2362
8809.8 0.4545 0.2350
8809.9 0.4522 0.2338
8810.0 0.4500 0.2326
8810.1 0.4477 0.2315
8810.2 0.4455 0.2303
8810.3 0.4432 0.2291
8810.4 0.4410 0.2279
8810.5 0.4387 0.2268
8810.6 0.4365 0.2256
8810.7 0.4342 0.2244
8810.8 0.4320 0.2232
8810.9 0.4297 0.2221
8811.0 0.4275 0.2209
8811.1 0.4252 0.2197
8811.2 0.4230 0.2185
8811.3 0.4207 0.2174
8811.4 0.4185 0.2162
8811.5 0.4162 0.2150
8811.6 0.4140 0.2138
8811.7 0.4117 0.2127
8811.8 0.4095 0.2115
8811.9 0.4072 0.2103
8812.0 0.4050 0.2091
8812.1 0.4027 0.2080
8812.2 0.4005 0.2068
8812.3 0.3982 0.2056
8812.4 0.3960 0.2044
8812.5 0.3937 0.2033
8812.6 0.3915 0.2021
8812.7 0.3892 0.2009
8812.8 0.3870 0.1998
8812.9 0.3847 0.1986
8813.0 0.3825 0.1974
8813.1 0.3802 0.1962
8813.2 0.3780 0.1951
8813.3 0.3757 0.1939
8813.4 0.3735 0.1927
8813.5 0.3712 0.1915
8813.6 0.3690 0.1904
8813.7 0.3667 0.1892
8813.8 0.3645 0.1880
8813.9 0.3622 0.1869
8814.0 0.3600 0.1857
8814.1 0.3577 0.1845
8814.2 0.3555 0.1833
8814.3 0.3532 0.1822
8814.4 0.3510 0.1810
8814.5 0.3487 0.1798
8814.6 0.3465 0.1787
8814.7 0.3442 0.1775
8814.8 0.3420 0.1763
8814.9 0.3397 0.1752
8815.0 0.3375 0.1740
8815.1 0.3352 0.1728
8815.2 0.3330 0.1716
8815.3 0.3307 0.1705
8815.4 0.3285 0.1693
8815.5 0.3262 0.1681
8815.6 0.3240 0.1670
8815.7 0.3217 0.1658
8815.8 0.3195 0.1646
8815.9 0.3172 0.1635
8816.0 0.3150 0.1623
8816.1 0.3127 0.1611
8816.2 0.3105 0.1600
8816.3 0.3082 0.1588
8816.4 0.3060 0.1576
8816.5 0.3037 0.1564
8816.6 0.3015 0.1553
8816.7 0.2992 0.1541
8816.8 0.2970 0.1529
8816.9 0.2947 0.1518
8817.0 0.2925 0.1506
8817.1 0.2902 0.1494
8817.2 0.2880 0.1483
8817.3 0.2857 0.1471
8817.4 0.2835 0.1459
8817.5 0.2812 0.1448
8817.6 0.2790 0.1436
8817.7 0.2767 0.1424
8817.8 0.2745 0.1413
8817.9 0.2722 0.1401
8818.0 0.2700 0.1389
8818.1 0.2677 0.1378
8818.2 0.2655 0.1366
8818.3 0.2632 0.1354
8818.4 0.2610 0.1343
8818.5 0.2587 0.1331
8818.6 0.2565 0.1319
8818.7 0.2542 0.1308
8818.8 0.2520 0.1296
8818.9 0.2497 0.1285
8819.0 0.2475 0.1273
8819.1 0.2452 0.1261
8819.2 0.2430 0.1250
8819.3 0.2407 0.1238
8819.4 0.2385 0.1226
8819.5 0.2362 0.1215
8819.6 0.2340 0.1203
8819.7 0.2317 0.1191
8819.8 0.2295 0.1180
8819.9 0.2272 0.1168
8820.0 0.2250 0.1156
8820.1 0.2227 0.1145
8820.2 0.2205 0.1133
8820.3 0.2182 0.1122
8820.4 0.2160 0.1110
8820.5 0.2137 0.1098
8820.6 0.2115 0.1087
8820.7 0.2092 0.1075
8820.8 0.2070 0.1063
8820.9 0.2047 0.1052
8821.0 0.2025 0.1040
8821.1 0.2002 0.1029
8821.2 0.1980 0.1017
8821.3 0.1957 0.1005
8821.4 0.1935 0.0994
8821.5 0.1912 0.0982
8821.6 0.1890 0.0971
8821.7 0.1867 0.0959
8821.8 0.1845 0.0947
8821.9 0.1822 0.0936
8822.0 0.1800 0.0924
8822.1 0.1777 0.0913
8822.2 0.1755 0.0901
8822.3 0.1732 0.0889
8822.4 0.1710 0.0878
8822.5 0.1687 0.0866
8822.6 0.1665 0.0855
8822.7 0.1642 0.0843
8822.8 0.1620 0.0831
8822.9 0.1597 0.0820
8823.0 0.1575 0.0808
8823.1 0.1552 0.0797
8823.2 0.1530 0.0785
8823.3 0.1507 0.0773
8823.4 0.1485 0.0762
8823.5 0.1462 0.0750
8823.6 0.1440 0.0739
8823.7 0.1417 0.0727
8823.8 0.1395 0.0715
8823.9 0.1372 0.0704
8824.0 0.1350 0.0692
8824.1 0.1327 0.0681
8824.2 0.1305 0.0669
8824.3 0.1282 0.0658
8824.4 0.1260 0.0646
8824.5 0.1237 0.0634
8824.6 0.1215 0.0623
8824.7 0.1192 0.0611
8824.8 0.1170 0.0600
8824.9 0.1147 0.0588
8825.0 0.1125 0.0577
8825.1 0.1102 0.0565
8825.2 0.1080 0.0553
8825.3 0.1057 0.0542
8825.4 0.1035 0.0530
8825.5 0.1012 0.0519
8825.6 0.0990 0.0507
8825.7 0.0967 0.0496
8825.8 0.0945 0.0484
8825.9 0.0922 0.0473
8826.0 0.0900 0.0461
8826.1 0.0877 0.0449
8826.2 0.0855 0.0438
8826.3 0.0832 0.0426
8826.4 0.0810 0.0415
8826.5 0.0787 0.0403
8826.6 0.0765 0.0392
8826.7 0.0742 0.0380
8826.8 0.0720 0.0369
8826.9 0.0697 0.0357
8827.0 0.0675 0.0346
8827.1 0.0652 0.0334
8827.2 0.0630 0.0322
8827.3 0.0607 0.0311
8827.4 0.0585 0.0299
8827.5 0.0562 0.0288
8827.6 0.0540 0.0276
8827.7 0.0517 0.0265
8827.8 0.0495 0.0253
8827.9 0.0472 0.0242
8828.0 0.0450 0.0230
8828.1 0.0427 0.0219
8828.2 0.0405 0.0207
8828.3 0.0382 0.0196
8828.4 0.0360 0.0184
8828.5 0.0337 0.0173
8828.6 0.0315 0.0161
8828.7 0.0292 0.0150
8828.8 0.0270 0.0138
8828.9 0.0247 0.0127
8829.0 0.0225 0.0115
8829.1 0.0202 0.0104
8829.2 0.0180 0.0092
8829.3 0.0157 0.0081
8829.4 0.0135 0.0069
8829.5 0.0112 0.0058
8829.6 0.0090 0.0046
8829.7 0.0067 0.0034
8829.8 0.0045 0.0023
8829.9 0.0022 0.0011
8830.0 0.0000 0.0000
8830.1 0.0000 0.0000
8830.2 0.0000 0.0000
8830.3 0.0000 0.0000
8830.4 0.0000 0.0000
8830.5 0.0000 0.0000
8830.6 0.0000 0.0000
8830.7 0.0000 0.0000
8830.8 0.0000 0.0000
